255.408 1.16778 0.305551 1.15374 0.273289
256.154 1.17815 0.303213 1.16298 0.271013
256.899 1.18805 0.300709 1.17177 0.2686
257.644 1.18006 0.302048 1.16466 0.269939
258.39 1.16894 0.303734 1.15475 0.271646
259.135 1.18158 0.30694 1.1661 0.274284
259.88 1.20193 0.309143 1.18431 0.275881
260.626 1.20601 0.307369 1.18792 0.274225
261.371 1.2001 0.303589 1.18258 0.27096
262.116 1.19816 0.29999 1.18078 0.267783
262.862 1.20048 0.296823 1.18279 0.264917
263.607 1.20188 0.294623 1.184 0.262929
264.353 1.20157 0.294162 1.18372 0.262524
265.098 1.20269 0.293918 1.18472 0.262287
265.843 1.20906 0.294372 1.1904 0.262583
266.589 1.21418 0.294439 1.19497 0.262554
267.334 1.20635 0.291687 1.18794 0.260235
268.079 1.19851 0.28858 1.18089 0.257598
268.825 1.21275 0.295373 1.19371 0.263414
269.57 1.22832 0.301313 1.20769 0.268435
270.315 1.22458 0.295091 1.20425 0.262958
271.061 1.21705 0.285958 1.19738 0.254949
271.806 1.21499 0.281781 1.19548 0.251259
272.551 1.21528 0.280014 1.1957 0.24968
273.297 1.21732 0.278103 1.19749 0.247944
274.042 1.22072 0.276081 1.20048 0.246087
274.787 1.22266 0.275799 1.20221 0.245804
275.533 1.22267 0.277924 1.20226 0.247699
276.278 1.22157 0.277722 1.20127 0.247537
277.023 1.21781 0.271618 1.19782 0.242157
277.769 1.2161 0.266659 1.19622 0.237764
278.514 1.22429 0.268188 1.20354 0.239
279.259 1.23208 0.269292 1.21049 0.239861
280.005 1.22768 0.265883 1.20652 0.236894
280.75 1.22338 0.262333 1.20264 0.233798
281.495 1.2187 0.258409 1.19841 0.230373
282.241 1.21408 0.25429 1.19423 0.22677
282.986 1.21497 0.253489 1.19501 0.226043
283.731 1.2176 0.253778 1.19736 0.226262
284.477 1.21511 0.250749 1.19509 0.223599
285.222 1.20967 0.245508 1.19016 0.219005
285.967 1.20883 0.24244 1.18937 0.21628
286.713 1.21263 0.24182 1.19275 0.215674
287.458 1.21469 0.240982 1.19458 0.214898
288.203 1.21373 0.239788 1.1937 0.213848
288.949 1.21263 0.237988 1.1927 0.212258
289.694 1.21106 0.234057 1.19124 0.208774
290.439 1.20984 0.230291 1.19011 0.205432
291.185 1.21135 0.228303 1.19142 0.203639
291.93 1.21284 0.226346 1.19272 0.201875
292.675 1.20623 0.220157 1.18675 0.19644
293.421 1.19954 0.213349 1.18069 0.19045
294.166 1.19702 0.211205 1.17842 0.188567
294.911 1.19539 0.210127 1.17695 0.187626
295.657 1.19261 0.20653 1.17442 0.184448
296.402 1.18943 0.201692 1.17153 0.180165
297.147 1.18749 0.196826 1.16973 0.175842
297.893 1.18654 0.192015 1.16883 0.171555
298.638 1.18454 0.189016 1.16701 0.168898
299.383 1.18085 0.188479 1.1637 0.16846
300.129 1.17656 0.186941 1.15985 0.167132
300.874 1.1709 0.182816 1.15475 0.163505
301.619 1.16565 0.17869 1.15001 0.15987
302.365 1.16241 0.175949 1.14709 0.157452
303.11 1.15919 0.173086 1.14417 0.154923
303.855 1.15394 0.168006 1.13942 0.150427
304.601 1.14884 0.162662 1.1348 0.145692
305.346 1.1415 0.160594 1.1282 0.143909
306.091 1.13363 0.158747 1.12114 0.142327
306.837 1.12475 0.154044 1.11313 0.138191
307.582 1.11557 0.147877 1.10483 0.13274
308.327 1.10872 0.146855 1.09868 0.131881
309.073 1.10323 0.149479 1.09377 0.134286
309.818 1.09638 0.147914 1.0876 0.13294
310.563 1.08823 0.14126 1.08021 0.127027
311.309 1.0808 0.136472 1.0735 0.122781
312.054 1.07452 0.136109 1.06785 0.122505
312.799 1.06706 0.13569 1.06112 0.122189
313.545 1.0553 0.135204 1.05053 0.121845
314.29 1.04308 0.134259 1.0395 0.12109
315.035 1.03226 0.130442 1.02971 0.117731
315.781 1.02112 0.126124 1.01962 0.113917
316.526 1.00953 0.12266 1.00912 0.110873
317.271 0.997523 0.118809 0.998235 0.107477
318.017 0.983106 0.115457 0.985165 0.104543
318.762 0.96747 0.111759 0.970975 0.101298
319.507 0.95148 0.109949 0.956462 0.0997626
320.253 0.934781 0.109058 0.941296 0.0990629
320.998 0.918321 0.10791 0.92633 0.0981254
321.743 0.902076 0.10651 0.911542 0.0969565
322.489 0.885383 0.105157 0.896329 0.0958296
323.234 0.868475 0.104107 0.880906 0.0949784
323.979 0.850743 0.103216 0.864715 0.094275
324.725 0.832332 0.103404 0.847889 0.0945609
325.47 0.812815 0.103624 0.830032 0.0948835
326.215 0.792016 0.1051 0.810984 0.0963674
326.961 0.769875 0.106555 0.790678 0.0978436
327.706 0.74718 0.11074 0.769851 0.101839
328.451 0.722982 0.115281 0.747612 0.106183
329.197 0.699916 0.121404 0.726395 0.111994
329.942 0.675903 0.128297 0.704279 0.11854
330.687 0.6511 0.13618 0.681409 0.126029
331.433 0.625043 0.144969 0.65735 0.134394
332.178 0.599204 0.156574 0.633484 0.145399
332.923 0.573304 0.170811 0.609557 0.158892
333.669 0.546822 0.186007 0.585071 0.17333
334.414 0.519965 0.202067 0.560217 0.18863
335.159 0.493329 0.219262 0.535559 0.205042
335.905 0.469009 0.236897 0.513051 0.221889
336.65 0.444433 0.255415 0.490301 0.239622
337.395 0.422068 0.272114 0.469582 0.255665
338.141 0.398926 0.29014 0.448145 0.273018
338.886 0.374467 0.310082 0.425491 0.292255
339.631 0.349201 0.331675 0.402099 0.313128
340.377 0.32091 0.356184 0.375905 0.336895
341.122 0.291396 0.383067 0.3486 0.363027
341.867 0.263154 0.409147 0.322476 0.388466
342.613 0.234678 0.436465 0.29616 0.415181
343.358 0.210051 0.458355 0.273352 0.436711
344.103 0.187395 0.477188 0.252324 0.455334
344.849 0.158715 0.499709 0.225652 0.477728
345.594 0.123394 0.526636 0.192753 0.504648
346.339 0.0866236 0.558496 0.158614 0.536478
347.085 0.048789 0.598001 0.123733 0.575858
347.83 0.00949697 0.641666 0.0876387 0.619503
348.575 -0.0315105 0.690621 0.0501616 0.66856
349.321 -0.0744485 0.742102 0.0110004 0.720418
350.066 -0.126853 0.773376 -0.0383356 0.753398
350.811 -0.182887 0.80731 -0.0911717 0.789392
351.557 -0.221025 0.864014 -0.125301 0.846929
352.302 -0.258492 0.926694 -0.158263 0.910561
353.047 -0.319201 0.996639 -0.213401 0.98318
353.793 -0.388276 1.07571 -0.276006 1.06599
354.538 -0.460184 1.18822 -0.338578 1.18291
355.283 -0.531772 1.32958 -0.397592 1.32957
356.029 -0.592179 1.46394 -0.444948 1.46935
356.774 -0.643497 1.59039 -0.482928 1.60116
357.519 -0.697868 1.71884 -0.522675 1.73607
358.265 -0.760178 1.84337 -0.569811 1.86885
359.01 -0.818238 1.98834 -0.608823 2.02255
359.755 -0.860949 2.16582 -0.62598 2.20762
360.501 -0.886456 2.38016 -0.617409 2.42752
361.246 -0.832837 2.71124 -0.504734 2.74945
361.991 -0.713333 3.06906 -0.315162 3.07939
362.737 -0.510171 3.45052 -0.0340259 3.40478
363.482 -0.204078 3.81801 0.342853 3.6795
364.227 0.10098 4.0897 0.691192 3.85316
364.973 0.456545 4.3097 1.06546 3.95906
365.718 0.784997 4.52393 1.40677 4.06044
366.463 1.14085 4.71589 1.75837 4.13014
367.209 1.55617 4.73847 2.10686 4.04196
367.954 1.96102 4.61815 2.40378 3.84568
368.699 2.39922 4.44406 2.7099 3.60784
369.445 2.85423 4.18877 3.00812 3.31472
370.19 3.22349 3.86029 3.22651 2.99495
370.935 3.50253 3.48855 3.37334 2.6684
371.681 3.67603 3.13069 3.44927 2.37512
372.426 3.7539 2.85883 3.47071 2.16201
373.171 3.79726 2.6109 3.47264 1.97183
373.917 3.83641 2.46012 3.48475 1.85492
374.662 3.86294 2.31425 3.48899 1.74328
375.407 3.8721 2.13554 3.47808 1.60893
376.153 3.86649 1.96641 3.45839 1.48292
376.898 3.80734 1.74673 3.39564 1.32285
377.643 3.72807 1.54415 3.32067 1.17567
378.389 3.64031 1.36577 3.24207 1.04582
379.134 3.54995 1.21204 3.16377 0.93348
379.879 3.47232 1.10172 3.09807 0.852685
380.625 3.40702 1.02167 3.04357 0.793973
381.37 3.35146 0.951486 2.99714 0.742013
382.116 3.30785 0.889704 2.96046 0.695741
382.861 3.27147 0.837543 2.92989 0.656453
383.606 3.25372 0.800891 2.91457 0.628441
384.352 3.2307 0.763223 2.89511 0.599756
385.097 3.17428 0.710827 2.84891 0.560541
385.842 3.1207 0.663673 2.80507 0.525099
386.587 3.06062 0.604724 2.75568 0.480246
387.333 3.00355 0.552581 2.70884 0.440393
388.078 2.94798 0.51353 2.66349 0.410681
388.824 2.8957 0.479768 2.62081 0.384924
389.569 2.85335 0.448647 2.58609 0.360903
390.314 2.81555 0.420035 2.55505 0.33868
391.06 2.7894 0.398465 2.53352 0.321812
391.805 2.77097 0.381349 2.51831 0.308342
392.55 2.74986 0.366459 2.50096 0.296692
393.296 2.72577 0.354019 2.48122 0.28705
394.041 2.70091 0.341823 2.46085 0.27759
394.786 2.67359 0.329436 2.43844 0.267985
395.532 2.64659 0.315729 2.41624 0.257266
396.277 2.61689 0.293901 2.39169 0.239923
397.022 2.58823 0.274203 2.368 0.224242
397.768 2.55782 0.262626 2.34296 0.215181
398.513 2.52901 0.251882 2.31919 0.206748
399.258 2.50854 0.240653 2.30224 0.197784
400.004 2.48945 0.229975 2.28642 0.189233
400.749 2.47369 0.222952 2.27336 0.183636
401.494 2.45916 0.217117 2.26133 0.178992
402.24 2.44603 0.212518 2.25046 0.175344
402.985 2.4338 0.208634 2.24032 0.172271
403.73 2.42034 0.201633 2.22913 0.166631
404.476 2.4057 0.191869 2.21693 0.158707
405.221 2.38976 0.183373 2.20366 0.151831
405.966 2.37159 0.176608 2.18855 0.146395
406.712 2.35303 0.170053 2.17309 0.141125
407.457 2.33179 0.163351 2.1554 0.135744
408.202 2.31215 0.157089 2.13902 0.130701
408.948 2.29878 0.151201 2.12785 0.125907
409.693 2.28581 0.145607 2.117 0.121347
410.438 2.27325 0.1414 2.1065 0.117934
411.184 2.26107 0.137422 2.09631 0.114704
411.929 2.25116 0.134954 2.08802 0.112714
412.674 2.24188 0.132835 2.08025 0.111009
413.42 2.23353 0.129714 2.07326 0.108458
414.165 2.22568 0.126237 2.06667 0.105603
414.91 2.2156 0.122609 2.05821 0.102633
415.656 2.20398 0.118935 2.04846 0.0996297
416.401 2.19252 0.114794 2.03884 0.0962304
417.146 2.18115 0.110024 2.02927 0.0922978
417.892 2.16943 0.10604 2.01941 0.0890207
418.637 2.15648 0.103541 2.00853 0.0869936
419.382 2.14441 0.101116 1.99837 0.0850206
420.128 2.13484 0.0985992 1.99031 0.0829543
420.873 2.12558 0.0961949 1.9825 0.0809788
421.618 2.11793 0.0944171 1.97605 0.0795206
422.364 2.11045 0.0926956 1.96975 0.0781075
423.109 2.10458 0.0902458 1.96479 0.0760714
423.854 2.099 0.0877705 1.96007 0.0740109
424.6 2.09271 0.0864385 1.95476 0.0729167
425.345 2.08629 0.0854879 1.94934 0.0721441
426.09 2.07902 0.0834634 1.9432 0.0704679
426.836 2.07133 0.0808518 1.93669 0.068296
427.581 2.06354 0.0786993 1.9301 0.0665104
428.326 2.05565 0.0770011 1.92343 0.0651076
429.072 2.04752 0.075114 1.91654 0.0635445
429.817 2.03878 0.072848 1.90915 0.0616614
430.562 2.03045 0.0709058 1.90208 0.060049
431.308 2.02287 0.0698422 1.89566 0.0591766
432.053 2.01565 0.0688431 1.88954 0.0583567
432.798 2.01049 0.0682529 1.88516 0.0578754
433.544 2.00542 0.0676726 1.88086 0.0574018
434.289 2.00063 0.0657317 1.87679 0.0557723
435.034 1.99594 0.0637701 1.8728 0.0541239
435.78 1.9912 0.0625568 1.86878 0.05311
436.525 1.98653 0.0615356 1.86481 0.0522585
437.27 1.98184 0.0604774 1.86082 0.0513751
438.016 1.97719 0.0594175 1.85687 0.0504896
438.761 1.97188 0.0583725 1.85235 0.0496183
439.506 1.96605 0.0573477 1.8474 0.0487651
440.252 1.96027 0.0563291 1.84248 0.0479165
440.997 1.95449 0.0553062 1.83756 0.0470636
441.742 1.94883 0.0542767 1.83274 0.0462041
442.488 1.94326 0.0531786 1.828 0.0452852
443.233 1.93783 0.0521244 1.82336 0.0444028
443.978 1.93253 0.0511525 1.81885 0.0435894
444.724 1.92736 0.0502124 1.81444 0.0428023
445.469 1.92415 0.0497361 1.8117 0.0424051
446.214 1.92098 0.0492683 1.80899 0.0420147
446.96 1.91746 0.0480994 1.80599 0.041027
447.705 1.91393 0.0468562 1.80298 0.0399755
448.45 1.91018 0.0457283 1.79978 0.0390224
449.196 1.90639 0.0446611 1.79654 0.0381209
449.941 1.90257 0.0440539 1.79328 0.0376117
450.686 1.89874 0.0437421 1.79001 0.0373547
451.432 1.89477 0.0432645 1.78662 0.0369561
452.177 1.89065 0.0426061 1.78309 0.0364033
452.922 1.88648 0.041907 1.77953 0.0358154
453.668 1.88217 0.0411128 1.77584 0.0351462
454.413 1.87806 0.0404177 1.77233 0.034561
455.158 1.87452 0.0400422 1.76931 0.0342476
455.904 1.87104 0.0396829 1.76632 0.0339478
456.649 1.86739 0.0394642 1.7632 0.0337686
457.394 1.8638 0.0392468 1.76013 0.0335903
458.14 1.86086 0.0383963 1.75761 0.0328684
458.885 1.858 0.0375188 1.75517 0.0321231
459.63 1.85557 0.0365145 1.75308 0.031268
460.376 1.85326 0.0354944 1.7511 0.0303989
461.121 1.8504 0.0350906 1.74865 0.0300585
461.866 1.84729 0.0349941 1.74598 0.0299819
462.612 1.84469 0.0348108 1.74376 0.0298298
463.357 1.84254 0.0345531 1.74191 0.029613
464.102 1.83985 0.0340576 1.73962 0.0291933
464.848 1.83636 0.0332079 1.73662 0.0284712
465.593 1.83314 0.0325292 1.73386 0.0278951
466.338 1.83055 0.0322793 1.73164 0.0276853
467.084 1.82802 0.0320049 1.72947 0.0274545
467.829 1.82567 0.0315385 1.72745 0.0270584
468.574 1.82335 0.0310816 1.72546 0.0266703
469.32 1.8202 0.0306664 1.72276 0.0263193
470.065 1.8171 0.0302613 1.7201 0.0259768
470.81 1.8143 0.0301774 1.71769 0.0259094
471.556 1.81158 0.0301441 1.71535 0.0258853
472.301 1.80909 0.0298921 1.71322 0.025673
473.046 1.80671 0.029562 1.71118 0.0253933
473.792 1.80459 0.0291945 1.70935 0.0250811
474.537 1.80265 0.0288034 1.70768 0.0247482
475.282 1.8006 0.0284508 1.70592 0.0244483
476.028 1.79843 0.0281418 1.70405 0.0241862
476.773 1.79614 0.0278947 1.70209 0.0239773
477.518 1.7936 0.0277692 1.69991 0.0238733
478.264 1.79115 0.0275816 1.6978 0.0237157
479.009 1.78894 0.0271249 1.69589 0.0233263
479.754 1.78677 0.0266772 1.69403 0.0229445
480.5 1.78497 0.0262213 1.69248 0.022555
481.245 1.78319 0.0257742 1.69095 0.0221728
481.99 1.781 0.0257532 1.68907 0.0221579
482.736 1.77881 0.0257673 1.68719 0.0221731
483.481 1.77649 0.0255613 1.68519 0.0219992
484.226 1.77415 0.0252995 1.68318 0.0217771
484.972 1.77227 0.025103 1.68156 0.0216106
485.717 1.77065 0.0249417 1.68016 0.0214739
486.462 1.76896 0.0246185 1.6787 0.021198
487.208 1.76721 0.0241489 1.6772 0.0207959
487.953 1.76539 0.02384 1.67563 0.0205323
488.698 1.76343 0.0237796 1.67395 0.0204829
489.444 1.76162 0.0236659 1.67238 0.0203872
490.189 1.76018 0.0233935 1.67114 0.0201545
490.934 1.75868 0.023145 1.66985 0.0199423
491.68 1.75666 0.023052 1.66811 0.0198647
492.425 1.75467 0.0229593 1.66639 0.0197874
493.17 1.75284 0.0226686 1.66482 0.0195391
493.916 1.75104 0.0223791 1.66327 0.0192918
494.661 1.74939 0.0221438 1.66185 0.0190909
495.406 1.74778 0.0219211 1.66046 0.0189009
496.152 1.74593 0.0215012 1.65886 0.018541
496.897 1.74401 0.0210103 1.6572 0.0181199
497.642 1.74224 0.0208594 1.65568 0.0179917
498.388 1.7406 0.0209487 1.65426 0.0180707
499.133 1.73907 0.0210887 1.65295 0.0181933
499.878 1.73769 0.0212924 1.65176 0.0183707
500.624 1.73633 0.0212607 1.65058 0.018345
501.369 1.735 0.0207195 1.64944 0.0178794
502.115 1.73362 0.0202467 1.64824 0.017473
502.86 1.73194 0.0200567 1.64679 0.0173109
503.605 1.73031 0.0198655 1.64538 0.0171476
504.35 1.72934 0.0195751 1.64455 0.016898
505.096 1.72839 0.0192886 1.64373 0.0166517
505.841 1.72682 0.0192396 1.64237 0.0166111
506.587 1.7252 0.0192139 1.64097 0.0165907
507.332 1.72384 0.0191523 1.6398 0.0165389
508.077 1.72257 0.0190806 1.6387 0.0164783
508.823 1.72122 0.0188776 1.63754 0.0163044
509.568 1.71984 0.0186043 1.63634 0.0160698
510.313 1.71847 0.0184483 1.63517 0.0159365
511.059 1.71713 0.0184038 1.634 0.0158994
511.804 1.71559 0.0182009 1.63268 0.0157256
512.549 1.71374 0.0177376 1.63107 0.0153271
513.294 1.71209 0.0174187 1.62965 0.0150531
514.04 1.71105 0.0175294 1.62876 0.0151498
514.785 1.70998 0.0176387 1.62782 0.0152454
515.531 1.70846 0.0177551 1.62651 0.0153475
516.276 1.70696 0.0178672 1.62522 0.0154459
517.021 1.70613 0.017477 1.6245 0.0151093
517.767 1.70534 0.0170757 1.62381 0.0147631
518.512 1.70412 0.0165245 1.62276 0.0142876
519.257 1.70283 0.015954 1.62164 0.0137954
520.003 1.70192 0.0158572 1.62086 0.0137126
520.748 1.70118 0.0159583 1.62022 0.0138006
521.493 1.70012 0.0163071 1.6193 0.0141034
522.239 1.69882 0.0168363 1.61818 0.0145622
522.984 1.69771 0.0170165 1.61722 0.0147192
523.729 1.69684 0.0167548 1.61647 0.0144936
524.475 1.6959 0.0164689 1.61565 0.0142472
525.22 1.69476 0.0161234 1.61467 0.0139493
525.965 1.69358 0.0158132 1.61365 0.0136819
526.711 1.69211 0.0156557 1.61237 0.0135469
527.456 1.69067 0.0155036 1.61113 0.0134165
528.201 1.68975 0.0154388 1.61033 0.0133613
528.947 1.68883 0.0153746 1.60954 0.0133065
529.692 1.68762 0.0150027 1.60849 0.0129856
530.437 1.68638 0.0146031 1.60742 0.0126407
531.183 1.68508 0.0148054 1.60629 0.0128169
531.928 1.68377 0.0151849 1.60516 0.0131466
532.673 1.68276 0.0152029 1.60429 0.013163
533.419 1.68193 0.0150129 1.60356 0.0129992
534.164 1.68088 0.0147127 1.60266 0.0127401
534.909 1.67961 0.0143042 1.60156 0.0123874
535.655 1.67856 0.0140539 1.60064 0.0121714
536.4 1.67785 0.014072 1.60003 0.0121877
537.145 1.67708 0.0140951 1.59937 0.0122083
537.891 1.6761 0.0141365 1.59852 0.0122449
538.636 1.67514 0.0141679 1.59769 0.0122729
539.381 1.67431 0.0141151 1.59697 0.0122278
540.127 1.6735 0.0140627 1.59626 0.0121831
540.872 1.67267 0.0141477 1.59555 0.0122574
541.617 1.67186 0.0142371 1.59484 0.0123355
542.363 1.67127 0.0138674 1.59433 0.0120156
543.108 1.67072 0.0134038 1.59386 0.0116143
543.853 1.6697 0.0132032 1.59297 0.0114412
544.599 1.66846 0.0131211 1.5919 0.011371
545.344 1.66751 0.0131101 1.59107 0.0113621
546.089 1.66677 0.0131548 1.59044 0.0114015
546.835 1.66596 0.0131383 1.58973 0.0113877
547.58 1.66504 0.0130393 1.58894 0.0113026
548.325 1.66404 0.0130088 1.58807 0.0112769
549.071 1.66281 0.0131441 1.587 0.011395
549.816 1.66164 0.0132286 1.58598 0.0114692
550.561 1.66072 0.0130538 1.58519 0.0113183
551.307 1.65981 0.012879 1.5844 0.0111674
552.052 1.65906 0.0125492 1.58375 0.0108819
552.797 1.65832 0.0122243 1.58311 0.0106007
553.543 1.65745 0.0121126 1.58235 0.0105044
554.288 1.65656 0.0120298 1.58158 0.0104332
555.033 1.65573 0.012192 1.58086 0.0105744
555.779 1.65492 0.0124322 1.58016 0.0107833
556.524 1.6541 0.0123258 1.57945 0.0106917
557.269 1.65327 0.0120082 1.57873 0.0104167
558.015 1.6525 0.011977 1.57806 0.0103901
558.76 1.65178 0.0122484 1.57744 0.0106261
559.505 1.65112 0.0123246 1.57687 0.0106927
560.251 1.65056 0.0120403 1.57638 0.0104464
560.996 1.64999 0.0117823 1.57588 0.0102229
561.741 1.64936 0.0116128 1.57534 0.0100762
562.487 1.64874 0.0114637 1.5748 0.00994729
563.232 1.64818 0.011537 1.57432 0.0100112
563.977 1.64763 0.0116091 1.57384 0.0100742
564.723 1.64676 0.0117787 1.57309 0.0102219
565.468 1.64589 0.0119503 1.57233 0.0103714
566.213 1.64518 0.0117902 1.57171 0.010233
566.959 1.64452 0.0115548 1.57114 0.010029
567.704 1.64392 0.0114074 1.57062 0.00990152
568.449 1.64334 0.0113027 1.57012 0.00981101
569.195 1.64265 0.0111563 1.56951 0.0096843
569.94 1.64184 0.0109756 1.56882 0.00952793
570.685 1.64097 0.0107368 1.56806 0.00932114
571.431 1.64 0.0104138 1.56722 0.00904125
572.176 1.63915 0.0103141 1.56648 0.00895522
572.921 1.63862 0.0107993 1.56601 0.0093769
573.667 1.63803 0.0111955 1.56551 0.00972128
574.412 1.63713 0.0110601 1.56473 0.0096043
575.157 1.63625 0.010927 1.56396 0.00948923
575.903 1.63529 0.0107044 1.56313 0.00929642
576.648 1.63435 0.0104862 1.56231 0.00910745
577.393 1.63381 0.0103773 1.56184 0.00901325
578.139 1.63334 0.0102859 1.56143 0.00893412
578.884 1.63285 0.0102277 1.56101 0.00888385
579.629 1.63237 0.0101818 1.56059 0.00884428
580.375 1.63172 0.0102311 1.56002 0.00888747
581.12 1.63095 0.0103424 1.55936 0.00898463
581.865 1.63035 0.0104665 1.55883 0.00909279
582.611 1.62991 0.0106065 1.55846 0.00921468
583.356 1.62945 0.0107269 1.55806 0.00931954
584.101 1.62894 0.0108089 1.55761 0.00939115
584.847 1.62839 0.0107993 1.55713 0.0093831
585.592 1.62767 0.0104147 1.55651 0.00904934
586.337 1.62698 0.0100478 1.55591 0.00873094
587.083 1.62661 0.00986374 1.55559 0.00857117
587.828 1.62624 0.00968132 1.55526 0.00841284
588.573 1.62569 0.0095851 1.55479 0.00832952
589.319 1.62514 0.00949696 1.55431 0.00825321
590.064 1.6245 0.00946603 1.55376 0.00822667
590.809 1.62385 0.00945019 1.55319 0.00821326
591.555 1.62319 0.00951746 1.55262 0.00827208
592.3 1.62254 0.00962685 1.55205 0.00836753
593.045 1.62194 0.0097424 1.55153 0.0084683
593.791 1.62141 0.0098637 1.55107 0.00857405
594.536 1.62084 0.00984182 1.55058 0.00855535
595.281 1.62024 0.00959574 1.55005 0.00834173
596.027 1.61956 0.00941038 1.54946 0.00818095
596.772 1.61866 0.00939758 1.54868 0.00817029
597.517 1.61785 0.00936591 1.54798 0.00814318
598.263 1.6176 0.00919212 1.54775 0.00799219
599.008 1.61734 0.00901951 1.54753 0.00784224
599.753 1.61671 0.00899741 1.54698 0.00782335
600.499 1.61607 0.00897838 1.54643 0.00780712
601.244 1.6154 0.0090835 1.54584 0.00789889
601.989 1.61472 0.00920883 1.54526 0.00800823
602.735 1.6142 0.00916231 1.5448 0.00796805
603.48 1.61374 0.00904752 1.5444 0.00786845
604.225 1.61332 0.0091073 1.54403 0.00792066
604.971 1.61292 0.00929349 1.54369 0.00808283
605.716 1.61245 0.00925825 1.54328 0.00805243
606.461 1.61186 0.00894747 1.54277 0.00778239
607.207 1.61134 0.00876422 1.54232 0.00762324
607.952 1.61096 0.00886059 1.54198 0.00770727
608.697 1.61061 0.00887496 1.54168 0.00771995
609.443 1.61048 0.00849715 1.54156 0.00739134
610.188 1.61032 0.00814216 1.54143 0.00708259
610.933 1.60966 0.00835733 1.54085 0.0072701
611.679 1.60901 0.00856809 1.54029 0.00745378
612.424 1.60843 0.00857672 1.53979 0.00746157
613.169 1.60787 0.00856328 1.5393 0.00745015
613.915 1.60759 0.00871164 1.53905 0.00757938
614.66 1.6074 0.00890849 1.53889 0.00775076
615.405 1.60699 0.00877562 1.53853 0.00763535
616.151 1.60646 0.00845435 1.53807 0.00735605
616.896 1.60586 0.00833831 1.53755 0.00725536
617.641 1.6052 0.00842549 1.53697 0.00733154
618.387 1.60457 0.00843499 1.53642 0.00734011
619.132 1.60399 0.00831135 1.53592 0.00723278
619.878 1.60351 0.00820877 1.53551 0.00714373
620.623 1.60338 0.00817283 1.53539 0.00711251
621.368 1.60321 0.00815066 1.53524 0.0070933
622.113 1.60253 0.00826354 1.53466 0.00719186
622.859 1.60187 0.0083737 1.53408 0.00728806
623.604 1.60117 0.00827867 1.53347 0.00720567
624.349 1.60048 0.00817598 1.53287 0.00711659
625.095 1.60012 0.00798414 1.53256 0.00694976
625.84 1.59984 0.0077743 1.53231 0.00676721
626.586 1.5995 0.00773427 1.53202 0.00673251
627.331 1.59913 0.00777098 1.53169 0.00676464
628.076 1.59855 0.00776346 1.53119 0.00675835
628.822 1.59781 0.00772059 1.53055 0.00672134
629.567 1.59725 0.00776643 1.53005 0.00676151
630.312 1.59691 0.00793499 1.52976 0.00690843
631.057 1.59664 0.00804807 1.52953 0.00700702
631.803 1.59653 0.00802336 1.52943 0.00698556
632.548 1.59636 0.00798446 1.52928 0.00695177
633.294 1.59586 0.00786309 1.52885 0.0068463
634.039 1.59537 0.00774493 1.52842 0.00674363
634.784 1.5949 0.0077669 1.52802 0.00676297
635.53 1.59444 0.00778831 1.52761 0.00678182
636.275 1.59395 0.00779078 1.52718 0.00678419
637.02 1.59345 0.00779037 1.52675 0.00678405
637.766 1.59311 0.00766141 1.52646 0.00667189
638.511 1.59283 0.00748892 1.52621 0.00652178
639.256 1.59253 0.00747774 1.52595 0.00651217
640.002 1.59223 0.00756997 1.52569 0.00659263
640.747 1.59181 0.00754707 1.52533 0.00657287
641.492 1.59127 0.00739749 1.52485 0.00644281
642.238 1.59086 0.00732385 1.52449 0.00637884
642.983 1.59072 0.00739612 1.52438 0.00644185
643.728 1.59059 0.00745811 1.52426 0.00649591
644.474 1.59046 0.00748039 1.52414 0.00651538
645.219 1.59029 0.0075045 1.524 0.00653646
645.964 1.58966 0.00755531 1.52345 0.00658099
646.71 1.58903 0.0076046 1.5229 0.00662419
647.455 1.5885 0.00752932 1.52244 0.00655884
648.2 1.58798 0.00744603 1.52198 0.0064865
648.946 1.58771 0.00721711 1.52175 0.00628717
649.691 1.58751 0.00695239 1.52157 0.00605662
650.436 1.58724 0.00678676 1.52134 0.00591242
651.182 1.58694 0.00667222 1.52108 0.00581273
651.927 1.58642 0.00674098 1.52063 0.00587285
652.672 1.58571 0.00696929 1.52001 0.00607205
653.418 1.58514 0.00712612 1.51951 0.00620894
654.163 1.58477 0.00717887 1.51919 0.00625506
654.908 1.58443 0.00719953 1.51889 0.0062732
655.654 1.58417 0.00712958 1.51867 0.00621235
656.399 1.58392 0.00704783 1.51845 0.00614122
657.144 1.58371 0.00687766 1.51827 0.005993
657.89 1.5835 0.00670874 1.51809 0.00584588
658.635 1.58271 0.00677784 1.51739 0.0059064
659.38 1.58191 0.00684738 1.5167 0.00596731
660.126 1.58157 0.00685248 1.5164 0.00597189
660.871 1.58131 0.00684663 1.51617 0.00596689
661.616 1.58113 0.00687123 1.51602 0.00598841
662.362 1.58099 0.00690768 1.5159 0.00602023
663.107 1.58078 0.00700946 1.51571 0.00610904
663.852 1.58051 0.00715699 1.51548 0.00623774
664.598 1.58019 0.00711255 1.5152 0.00619914
665.343 1.5798 0.00683559 1.51486 0.00595787
666.088 1.57939 0.00668832 1.5145 0.00582966
666.834 1.57891 0.00681682 1.51408 0.00594186
667.579 1.57851 0.00691734 1.51374 0.00602964
668.324 1.57848 0.00689974 1.51371 0.00601431
669.07 1.57845 0.00687544 1.51368 0.00599314
669.815 1.57833 0.00670483 1.51358 0.00584446
670.56 1.57822 0.00653497 1.51348 0.00569643
671.306 1.57764 0.00635713 1.51298 0.0055416
672.051 1.57702 0.00618206 1.51244 0.00538919
672.796 1.57655 0.00628324 1.51203 0.00547757
673.542 1.57611 0.00646127 1.51165 0.00563295
674.287 1.57586 0.00647655 1.51142 0.00564637
675.032 1.5757 0.00640194 1.51128 0.00558138
675.778 1.57557 0.0064148 1.51118 0.00559264
676.523 1.57549 0.00651259 1.5111 0.00567794
677.268 1.57531 0.00656341 1.51095 0.00572232
678.014 1.57498 0.00653532 1.51066 0.00569795
678.759 1.57457 0.00650501 1.5103 0.00567168
679.504 1.5739 0.00646719 1.50972 0.00563894
680.25 1.5733 0.00642581 1.5092 0.00560307
680.995 1.57322 0.00634993 1.50913 0.00553693
681.74 1.57314 0.00627429 1.50906 0.005471
682.486 1.57308 0.00632307 1.509 0.00551357
683.231 1.57302 0.00637575 1.50895 0.00555954
683.976 1.5726 0.00610894 1.50859 0.00532701
684.722 1.57212 0.00578447 1.50817 0.00504419
685.467 1.57178 0.00574667 1.50787 0.00501134
686.212 1.5715 0.00582898 1.50763 0.00508322
686.958 1.57106 0.00595805 1.50724 0.00519593
687.703 1.57051 0.00612031 1.50676 0.00533764
688.448 1.57007 0.00621332 1.50638 0.00541893
689.194 1.56978 0.0062194 1.50613 0.00542433
689.939 1.56956 0.00622314 1.50594 0.00542767
690.684 1.56952 0.00622174 1.5059 0.00542647
691.43 1.56939 0.00621597 1.50579 0.00542149
692.175 1.56888 0.00618815 1.50534 0.0053974
692.92 1.56838 0.00615686 1.5049 0.00537028
693.666 1.56802 0.00601029 1.50459 0.00524254
694.411 1.56767 0.00586576 1.50428 0.00511658
695.156 1.56738 0.00576257 1.50403 0.00502666
695.902 1.56711 0.005665 1.50379 0.00494163
696.647 1.56699 0.00560029 1.5037 0.00488521
697.392 1.56693 0.00554567 1.50364 0.00483759
698.138 1.56686 0.00542573 1.50358 0.00473297
698.883 1.56679 0.00526779 1.50352 0.0045952
699.628 1.56652 0.0053198 1.50329 0.00464066
700.374 1.56605 0.00558001 1.50287 0.00486783
701.119 1.56564 0.00580634 1.50252 0.00506543
701.864 1.56534 0.00597948 1.50225 0.00521659
702.61 1.56508 0.00609324 1.50203 0.00531594
703.355 1.56495 0.00601565 1.50191 0.00524829
704.1 1.56485 0.00595777 1.50183 0.00519782
704.846 1.56502 0.00607974 1.50198 0.00530419
705.591 1.5652 0.00620262 1.50213 0.00541135
706.336 1.56471 0.00597705 1.50171 0.0052147
707.082 1.5642 0.00574336 1.50126 0.00501096
707.827 1.56365 0.00547255 1.50078 0.00477484
708.572 1.56309 0.00519958 1.5003 0.00453681
709.318 1.56275 0.00515311 1.49999 0.00449636
710.063 1.56249 0.00520206 1.49977 0.00453915
710.808 1.56249 0.00531979 1.49977 0.0046419
711.554 1.56268 0.0054918 1.49994 0.00479194
712.299 1.56271 0.00552595 1.49996 0.00482174
713.044 1.56253 0.00537908 1.4998 0.00469363
713.79 1.56224 0.00529186 1.49955 0.00461761
714.535 1.5617 0.00533997 1.49908 0.00465975
715.28 1.56116 0.0053959 1.49861 0.00470873
716.026 1.5606 0.00549563 1.49812 0.00479594
716.771 1.56006 0.00559059 1.49765 0.00487899
717.516 1.55997 0.00563539 1.49757 0.00491812
718.262 1.55988 0.00568 1.4975 0.00495708
719.007 1.56011 0.00547688 1.49769 0.00477974
719.752 1.56037 0.00524494 1.49792 0.00457723
720.498 1.56009 0.00506874 1.49767 0.00442353
721.243 1.55965 0.00491209 1.49729 0.00428692
721.988 1.55923 0.00478347 1.49692 0.00417478
722.734 1.55881 0.00467112 1.49656 0.00407683
723.479 1.55844 0.00469176 1.49624 0.00409494
724.224 1.55813 0.00483755 1.49596 0.00422228
724.97 1.55791 0.00489593 1.49577 0.00427331
725.715 1.55785 0.00481334 1.49572 0.00420123
726.46 1.55778 0.00481736 1.49566 0.00420476
727.206 1.55769 0.00508534 1.49558 0.00443872
727.951 1.55759 0.00534633 1.49549 0.00466657
728.696 1.55738 0.00555985 1.49531 0.00485303
729.442 1.55718 0.00577134 1.49514 0.00503771
730.187 1.55656 0.00558345 1.4946 0.00487389
730.932 1.55595 0.00539416 1.49406 0.00470883
731.678 1.5556 0.00527054 1.49375 0.00460101
732.423 1.55529 0.00515913 1.49349 0.00450383
733.168 1.55513 0.00508898 1.49335 0.00444263
733.914 1.55503 0.00503454 1.49326 0.00439513
734.659 1.55498 0.00501343 1.49322 0.00437672
735.404 1.55497 0.00501517 1.49321 0.00437824
736.15 1.55492 0.00494289 1.49317 0.00431515
736.895 1.55482 0.00478491 1.49308 0.00417726
737.641 1.55461 0.00465039 1.49289 0.00405986
738.386 1.55417 0.00456287 1.49251 0.00398356
739.131 1.55376 0.00455265 1.49215 0.00397475
739.876 1.55346 0.00484014 1.49189 0.00422585
740.622 1.55319 0.00511152 1.49165 0.00446289
741.367 1.55322 0.0052274 1.49168 0.00456407
742.112 1.55325 0.00534349 1.49171 0.00466543
742.858 1.55328 0.00534088 1.49174 0.00466314
743.603 1.55332 0.00533099 1.49177 0.0046545
744.349 1.5531 0.00519354 1.49157 0.00453455
745.094 1.55281 0.00502881 1.49133 0.00439079
745.839 1.55244 0.00471117 1.491 0.00411353
746.584 1.55203 0.00432888 1.49064 0.0037798
747.33 1.55166 0.00426723 1.49032 0.00372606
748.075 1.55131 0.00445543 1.49002 0.00389049
748.82 1.55108 0.00452542 1.48982 0.00395167
749.566 1.551 0.00444019 1.48975 0.00387726
750.311 1.55101 0.00438504 1.48975 0.0038291
751.057 1.55121 0.00440013 1.48992 0.00384223
751.802 1.55132 0.00442255 1.49002 0.00386179
752.547 1.55102 0.00447983 1.48976 0.00391189
753.293 1.55071 0.00453032 1.48949 0.00395606
754.038 1.55026 0.00444839 1.4891 0.00388462
754.783 1.54981 0.00436805 1.48871 0.00381456
755.529 1.54956 0.00427187 1.48849 0.00373063
756.274 1.54933 0.00417519 1.48828 0.00364625
757.019 1.5491 0.00418723 1.48809 0.00365681
757.765 1.54888 0.00422809 1.48789 0.00369256
758.51 1.54871 0.00437792 1.48774 0.00382346
759.255 1.54857 0.00458301 1.48762 0.00400264
760.001 1.54851 0.00453667 1.48757 0.00396218
760.746 1.54853 0.00427025 1.48758 0.00372947
761.491 1.54836 0.00421771 1.48744 0.00368363
762.237 1.54792 0.0044744 1.48706 0.00390794
762.982 1.54752 0.00460824 1.4867 0.00402495
763.727 1.54719 0.00444019 1.48642 0.00387824
764.473 1.54687 0.00430128 1.48614 0.00375698
765.218 1.54658 0.00430918 1.48589 0.00376395
765.963 1.5463 0.00431247 1.48564 0.0037669
766.709 1.54631 0.00415968 1.48565 0.00363342
767.454 1.54632 0.00400683 1.48566 0.0034999
768.199 1.5464 0.00392067 1.48573 0.00342461
768.945 1.54649 0.00384143 1.4858 0.00335538
769.69 1.54644 0.00390232 1.48576 0.00340858
770.435 1.54636 0.00400325 1.48569 0.00349677
771.181 1.54609 0.00400419 1.48546 0.00349765
771.926 1.54574 0.00395245 1.48515 0.00345253
772.671 1.54532 0.00393805 1.48479 0.00344004
773.417 1.54485 0.00395606 1.48438 0.00345588
774.162 1.54458 0.00400534 1.48414 0.003499
774.907 1.54461 0.00410211 1.48416 0.00358354
775.653 1.54462 0.00410559 1.48417 0.00358658
776.398 1.54461 0.00386692 1.48416 0.00337806
777.143 1.54461 0.00367039 1.48416 0.00320637
777.889 1.54464 0.00370347 1.48419 0.00323527
778.634 1.54467 0.00373821 1.48422 0.00326561
779.379 1.54464 0.00382268 1.48419 0.00333942
780.125 1.5446 0.003907 1.48416 0.0034131
780.87 1.54412 0.00379166 1.48374 0.00331243
781.615 1.5436 0.00365955 1.48328 0.00319711
782.361 1.54315 0.00371095 1.48289 0.00324212
783.106 1.54273 0.00380949 1.48252 0.0033283
783.851 1.5426 0.00361135 1.4824 0.0031552
784.597 1.54261 0.00326333 1.48241 0.00285111
785.342 1.54259 0.00342929 1.4824 0.00299613
786.087 1.54255 0.00403028 1.48236 0.00352127
786.833 1.54255 0.00429236 1.48237 0.00375028
787.578 1.54264 0.00408627 1.48244 0.00357018
788.323 1.54263 0.00394529 1.48243 0.003447
789.069 1.5424 0.003959 1.48223 0.00345903
789.814 1.54212 0.00398027 1.48199 0.00347768
790.559 1.54157 0.00403622 1.48151 0.00352669
791.305 1.54105 0.00407304 1.48105 0.00355898
792.05 1.54081 0.00383242 1.48085 0.00334877
792.795 1.54058 0.00359512 1.48064 0.00314145
793.541 1.54058 0.00346693 1.48065 0.00302942
794.286 1.54061 0.0033458 1.48067 0.00292356
795.031 1.54074 0.00350227 1.48078 0.00306028
795.777 1.5409 0.00372254 1.48092 0.00325274
796.522 1.54091 0.00362837 1.48093 0.00317044
797.267 1.54087 0.00339841 1.4809 0.00296949
798.013 1.54049 0.00339903 1.48056 0.00297011
798.758 1.53986 0.00356121 1.48002 0.00311196
799.503 1.53944 0.003617 1.47964 0.00316081
800.249 1.53923 0.00355489 1.47947 0.00310657
800.994 1.539 0.00356411 1.47926 0.00311467
801.739 1.53869 0.00370667 1.47899 0.00323934
802.485 1.53844 0.00373749 1.47878 0.00326632
803.23 1.53839 0.00339463 1.47873 0.00296667
803.975 1.53837 0.00309595 1.47871 0.00270563
804.721 1.53858 0.00314898 1.47889 0.00275194
805.466 1.53878 0.00320261 1.47907 0.00279878
806.211 1.53868 0.00367102 1.47898 0.00320819
806.957 1.53856 0.00413972 1.47888 0.00361786
807.702 1.53822 0.00408319 1.47858 0.00356853
808.447 1.53785 0.00395543 1.47826 0.00345695
809.193 1.53755 0.00376923 1.478 0.00329427
809.938 1.53728 0.00356711 1.47776 0.00311765
810.683 1.53709 0.00354814 1.47759 0.00310112
811.429 1.53693 0.00362776 1.47746 0.00317074
812.174 1.53681 0.00364565 1.47735 0.00318641
812.919 1.5367 0.00360976 1.47726 0.00315505
813.665 1.53663 0.00352213 1.47719 0.00307847
814.41 1.5366 0.00336227 1.47716 0.00293875
815.155 1.53654 0.00325828 1.47711 0.00284786
815.901 1.53644 0.00328158 1.47703 0.00286824
816.646 1.5363 0.00331948 1.47691 0.0029014
817.391 1.53599 0.00341879 1.47663 0.00298827
818.137 1.53566 0.00350414 1.47635 0.00306295
818.882 1.53523 0.00344941 1.47597 0.00301519
819.627 1.53481 0.00339584 1.4756 0.00296844
820.373 1.53462 0.00347084 1.47543 0.00303404
821.118 1.53443 0.00354935 1.47527 0.00310271
821.863 1.53447 0.00351839 1.47531 0.00307564
822.609 1.53455 0.00346871 1.47538 0.00303219
823.354 1.53463 0.00333883 1.47545 0.00291864
824.099 1.53471 0.00318072 1.47552 0.00278039
824.845 1.53477 0.00310538 1.47556 0.00271452
825.59 1.5348 0.00307816 1.47559 0.00269072
826.335 1.53481 0.00309706 1.4756 0.00270725
827.081 1.5348 0.0031579 1.47559 0.00276044
827.826 1.53463 0.00321175 1.47545 0.00280755
828.571 1.53425 0.00325483 1.47511 0.00284528
829.317 1.53388 0.00325793 1.47479 0.00284805
830.062 1.53355 0.00317412 1.4745 0.00277484
830.807 1.53324 0.00307996 1.47423 0.00269257
831.553 1.53302 0.00293929 1.47403 0.00256962
832.298 1.53281 0.00283284 1.47386 0.00247658
833.043 1.53285 0.00304828 1.47389 0.00266494
833.789 1.53289 0.00326434 1.47392 0.00285385
834.534 1.53284 0.00316428 1.47388 0.00276637
835.279 1.53279 0.0030596 1.47384 0.00267486
836.025 1.53285 0.00306505 1.47389 0.00267961
836.77 1.53292 0.00308578 1.47395 0.00269773
837.515 1.53278 0.00324284 1.47383 0.00283508
838.261 1.53258 0.00343756 1.47365 0.00300537
839.006 1.53231 0.00347299 1.47342 0.0030364
839.751 1.53202 0.00343087 1.47316 0.00299963
840.497 1.53174 0.00343782 1.47292 0.00300576
841.242 1.53147 0.00348152 1.47269 0.00304402
841.987 1.53135 0.00367395 1.47258 0.00321231
842.733 1.53138 0.00404191 1.47261 0.00353405
843.478 1.53132 0.00404164 1.47255 0.00353383
844.223 1.53107 0.00338863 1.47233 0.00296287
844.969 1.53086 0.00294593 1.47215 0.0025758
845.714 1.53079 0.00308224 1.47209 0.00269501
846.459 1.5307 0.00320474 1.47201 0.00280215
847.205 1.53052 0.00325497 1.47185 0.00284611
847.95 1.53035 0.00331943 1.47171 0.00290251
848.695 1.53037 0.00364114 1.47172 0.00318383
849.441 1.53039 0.00396346 1.47174 0.00346569
850.186 1.53007 0.00383996 1.47146 0.00335776
850.931 1.52973 0.00369854 1.47116 0.00323416
851.677 1.52953 0.00313673 1.47099 0.00274289
852.422 1.52934 0.0025121 1.47082 0.00219667
853.167 1.52935 0.00269403 1.47083 0.00235577
853.913 1.52942 0.00313432 1.47089 0.00274081
854.658 1.52935 0.00333612 1.47083 0.0029173
855.403 1.52923 0.00341366 1.47072 0.00298513
856.149 1.52906 0.00336147 1.47058 0.00293952
856.894 1.52887 0.00321075 1.47041 0.00280775
857.639 1.52878 0.00323376 1.47033 0.00282788
858.385 1.5288 0.00345328 1.47035 0.00301987
859.13 1.52876 0.00343623 1.47031 0.00300496
859.875 1.52863 0.0030227 1.4702 0.00264333
860.621 1.5285 0.00280366 1.47008 0.00245178
861.366 1.52839 0.00307909 1.46999 0.00269269
862.112 1.52825 0.00328691 1.46987 0.00287447
862.857 1.52799 0.00320479 1.46964 0.0028027
863.602 1.52775 0.00313707 1.46943 0.00274352
864.347 1.52773 0.00319851 1.46941 0.00279725
865.093 1.52771 0.00325987 1.4694 0.00285092
865.838 1.52769 0.00299738 1.46938 0.00262135
866.583 1.52767 0.0027354 1.46936 0.00239223
867.329 1.52774 0.00284527 1.46942 0.0024883
868.074 1.52782 0.00299321 1.46949 0.00261768
868.82 1.5277 0.00302396 1.46939 0.0026446
869.565 1.52753 0.00302858 1.46924 0.00264867
870.31 1.52739 0.003054 1.46912 0.00267093
871.056 1.52727 0.00308686 1.46901 0.0026997
871.801 1.52711 0.00304871 1.46887 0.00266635
872.546 1.52692 0.00297177 1.46871 0.00259909
873.292 1.52675 0.00289852 1.46855 0.00253505
874.037 1.52659 0.00282828 1.46841 0.00247364
874.782 1.52652 0.0027902 1.46836 0.00244034
875.528 1.52657 0.00278806 1.4684 0.00243846
876.273 1.52658 0.00282945 1.46841 0.00247466
877.018 1.52651 0.00294091 1.46835 0.00257217
877.764 1.52644 0.00298771 1.46829 0.00261312
878.509 1.52637 0.00288322 1.46823 0.00252173
879.254 1.52631 0.00279404 1.46817 0.00244374
880 1.52622 0.00275963 1.4681 0.00241365
880.745 1.52616 0.00271286 1.46804 0.00237276
881.49 1.52625 0.00258254 1.46812 0.00225875
882.236 1.52631 0.00246578 1.46817 0.00215662
882.981 1.52591 0.00262303 1.46783 0.00229422
883.726 1.52552 0.00277543 1.46748 0.00242759
884.472 1.52527 0.00272891 1.46726 0.00238693
885.217 1.52501 0.00267692 1.46704 0.0023415
885.962 1.52493 0.0025532 1.46697 0.00223328
886.708 1.52487 0.00242108 1.46691 0.00211771
887.453 1.52486 0.00235682 1.4669 0.0020615
888.198 1.52486 0.00230835 1.46691 0.0020191
888.944 1.52494 0.00228493 1.46697 0.00199861
889.689 1.52503 0.00227054 1.46706 0.001986
890.434 1.52499 0.00233537 1.46702 0.00204273
891.18 1.52487 0.00244092 1.46691 0.00213507
891.925 1.52469 0.00244748 1.46676 0.00214084
892.67 1.52448 0.0023839 1.46657 0.00208524
893.416 1.52426 0.00239225 1.46638 0.00209258
894.161 1.52403 0.0024689 1.46618 0.00215967
894.906 1.52381 0.00252226 1.46598 0.00220638
895.652 1.52358 0.00254621 1.46579 0.00222737
896.397 1.52341 0.00263103 1.46564 0.00230159
897.142 1.52333 0.00282355 1.46557 0.00247004
897.888 1.52331 0.00288926 1.46555 0.00252753
898.633 1.52344 0.00264519 1.46566 0.00231398
899.378 1.52354 0.00251738 1.46575 0.00220216
900.124 1.52356 0.00280929 1.46577 0.00245753
900.869 1.52357 0.0030024 1.46577 0.00262647
901.614 1.52355 0.00263879 1.46576 0.00230837
902.36 1.52351 0.00230223 1.46573 0.00201394
903.105 1.5234 0.00225156 1.46563 0.00196962
903.85 1.52329 0.00220205 1.46553 0.00192632
904.596 1.52305 0.00219528 1.46532 0.00192043
905.341 1.5228 0.00218854 1.46511 0.00191456
906.086 1.52268 0.00215547 1.465 0.00188565
906.832 1.52257 0.00212137 1.4649 0.00185582
907.577 1.52232 0.00218648 1.46468 0.00191282
908.322 1.52205 0.00226238 1.46445 0.00197926
909.068 1.522 0.00225226 1.4644 0.00197041
909.813 1.52199 0.00222416 1.4644 0.00194583
910.558 1.52199 0.00211917 1.46439 0.00185397
911.304 1.52198 0.00199046 1.46439 0.00174136
912.049 1.52198 0.00212424 1.46439 0.00185841
912.794 1.52198 0.00236867 1.46439 0.00207228
913.54 1.52196 0.00246347 1.46437 0.00215523
914.285 1.52193 0.00247569 1.46434 0.00216592
915.03 1.52186 0.00240287 1.46428 0.00210222
915.776 1.52177 0.00227102 1.4642 0.00198686
916.521 1.52161 0.00221408 1.46406 0.00193706
917.266 1.52139 0.00222261 1.46387 0.00194455
918.012 1.52117 0.00227916 1.46368 0.00199407
918.757 1.52093 0.00238724 1.46347 0.00208866
919.502 1.52075 0.00249434 1.46331 0.00218241
920.248 1.52064 0.00260182 1.46322 0.00227647
920.993 1.52049 0.00262129 1.46308 0.00229353
921.738 1.52026 0.00249353 1.46288 0.00218177
922.484 1.52012 0.00249823 1.46276 0.0021859
923.229 1.52016 0.00278312 1.46279 0.00243518
923.974 1.52021 0.00289797 1.46284 0.00253568
924.72 1.5203 0.0025458 1.46292 0.0022275
925.465 1.52035 0.00221223 1.46296 0.00193561
926.21 1.52027 0.00195313 1.46289 0.0017089
926.956 1.52019 0.00172217 1.46282 0.00150681
927.701 1.52015 0.00161668 1.46279 0.0014145
928.446 1.52009 0.00157308 1.46273 0.00137635
929.192 1.51988 0.00194402 1.46255 0.00170096
929.937 1.51968 0.00227982 1.46238 0.00199484
930.682 1.51957 0.00230111 1.46228 0.00201348
931.428 1.51946 0.0023109 1.46218 0.00202207
932.173 1.51938 0.00206474 1.46211 0.00180666
932.918 1.5193 0.00182087 1.46204 0.00159326
933.664 1.51912 0.00201508 1.46188 0.00176324
934.409 1.51894 0.00220636 1.46173 0.00193065
935.154 1.51868 0.00206449 1.4615 0.00180653
935.9 1.51841 0.00191285 1.46126 0.00167385
936.645 1.51839 0.0019703 1.46124 0.00172414
937.39 1.51838 0.00204486 1.46124 0.00178939
938.136 1.51861 0.00206381 1.46144 0.00180595
938.881 1.51887 0.00207584 1.46167 0.00181644
939.626 1.519 0.0022477 1.46178 0.00196683
940.372 1.51911 0.00244896 1.46187 0.00214294
941.117 1.51879 0.00235279 1.46159 0.00205882
941.862 1.51838 0.00219564 1.46124 0.00192134
942.608 1.51822 0.00207433 1.46109 0.0018152
943.353 1.51811 0.00196273 1.461 0.00171755
944.098 1.51795 0.00238126 1.46086 0.00208385
944.844 1.51776 0.00296128 1.46069 0.0025915
945.589 1.51786 0.00259074 1.46078 0.0022672
946.334 1.51805 0.00185911 1.46095 0.00162687
947.08 1.51794 0.00180117 1.46085 0.00157618
947.825 1.51771 0.00202791 1.46065 0.00177463
948.57 1.51757 0.00217511 1.46053 0.00190349
949.316 1.51747 0.00228505 1.46044 0.00199972
950.061 1.51744 0.0024953 1.46042 0.00218373
950.806 1.51745 0.0027593 1.46042 0.00241478
951.552 1.51737 0.00256006 1.46035 0.00224042
952.297 1.51723 0.0020961 1.46023 0.00183438
953.042 1.51709 0.00229895 1.46011 0.00201193
953.788 1.51692 0.00291503 1.45996 0.00255117
954.533 1.51699 0.00253343 1.46003 0.00221717
955.278 1.5172 0.00145862 1.4602 0.00127645
956.024 1.51698 0.00133385 1.46001 0.00116726
956.769 1.51648 0.00189264 1.45958 0.00165639
957.514 1.51629 0.00201077 1.45941 0.0017598
958.26 1.51634 0.00179977 1.45945 0.00157512
959.005 1.51641 0.00162781 1.45952 0.00142461
959.75 1.5165 0.00148749 1.45959 0.00130178
960.496 1.51645 0.00185738 1.45955 0.00162553
961.241 1.51626 0.00265571 1.45938 0.00232431
961.986 1.51626 0.00298918 1.45938 0.00261619
962.732 1.51646 0.00291687 1.45956 0.00255286
963.477 1.51652 0.00284259 1.45961 0.00248784
964.222 1.51646 0.00276784 1.45956 0.00242243
964.968 1.51648 0.00250334 1.45957 0.00219092
965.713 1.51656 0.00205855 1.45964 0.0018016
966.458 1.51644 0.00196564 1.45954 0.00172029
967.204 1.51615 0.00220417 1.45929 0.00192911
967.949 1.51579 0.00243426 1.45897 0.00213055
968.694 1.51537 0.00265396 1.4586 0.00232291
969.44 1.51524 0.0026241 1.45849 0.0022968
970.185 1.51537 0.00235956 1.4586 0.00206522
970.93 1.51518 0.00224525 1.45844 0.00196518
971.676 1.5147 0.00227409 1.45802 0.00199049
972.421 1.51443 0.0021767 1.45778 0.00190527
973.166 1.51434 0.00196432 1.4577 0.00171937
973.912 1.51434 0.00188056 1.4577 0.00164605
974.657 1.51443 0.00191272 1.45778 0.00167419
975.402 1.5145 0.00192613 1.45785 0.00168592
976.148 1.51457 0.00192285 1.45791 0.00168305
976.893 1.51457 0.00191916 1.4579 0.00167982
977.638 1.51451 0.00191516 1.45785 0.00167632
978.384 1.51448 0.00186945 1.45782 0.00163631
979.129 1.51448 0.00179019 1.45783 0.00156694
979.874 1.51453 0.00179906 1.45787 0.00157469
980.62 1.51462 0.00187527 1.45794 0.00164139
981.365 1.51434 0.00196764 1.4577 0.00172229
982.11 1.51381 0.0020665 1.45724 0.00180888
982.856 1.51351 0.0021792 1.45698 0.00190758
983.601 1.51337 0.00230216 1.45685 0.00201524
984.346 1.51313 0.00226412 1.45664 0.00198197
985.092 1.51283 0.00213298 1.45638 0.0018672
985.837 1.51273 0.00190705 1.4563 0.00166942
986.583 1.51274 0.00162806 1.4563 0.00142517
987.328 1.51274 0.00164468 1.4563 0.00143973
988.073 1.51273 0.0018054 1.4563 0.00158043
988.818 1.51283 0.0020197 1.45638 0.00176803
989.564 1.51297 0.00226004 1.45651 0.00197843
990.309 1.51308 0.00245611 1.4566 0.00215006
991.055 1.51316 0.00263631 1.45667 0.0023078
991.8 1.51315 0.00246263 1.45666 0.00215576
992.545 1.5131 0.00217875 1.45662 0.00190724
993.291 1.51312 0.00216597 1.45664 0.00189605
994.036 1.51316 0.00222313 1.45667 0.00194609
994.781 1.51317 0.00218946 1.45668 0.00191661
995.527 1.51318 0.00213728 1.45669 0.00187093
996.272 1.5131 0.00202603 1.45662 0.00177355
997.017 1.51302 0.00190695 1.45654 0.00166931
997.763 1.51278 0.00178346 1.45634 0.00156122
998.508 1.51254 0.00166229 1.45612 0.00145517
999.253 1.51268 0.00230701 1.45625 0.00201959
999.999 1.51282 0.00300004 1.45637 0.00262629
