255.408 0.451706 2.31654 1.26289 0.589911
256.154 0.47617 2.39217 1.28345 0.588729
256.899 0.500748 2.46756 1.30325 0.587051
257.644 0.486182 2.40825 1.28747 0.587102
258.39 0.465755 2.32817 1.26568 0.586822
259.135 0.450187 2.42475 1.28882 0.59697
259.88 0.437386 2.58362 1.32735 0.607832
260.626 0.451181 2.61786 1.33585 0.605733
261.371 0.481842 2.57158 1.3256 0.596474
262.116 0.510658 2.55654 1.32299 0.588878
262.862 0.537262 2.57601 1.3285 0.583477
263.607 0.556063 2.58828 1.33191 0.579647
264.353 0.559972 2.58683 1.33145 0.578657
265.098 0.562522 2.59743 1.3337 0.578534
265.843 0.560085 2.65286 1.34595 0.581422
266.589 0.559825 2.69849 1.35594 0.583174
267.334 0.583013 2.6317 1.34151 0.57534
268.079 0.606496 2.56475 1.32723 0.566876
268.825 0.552312 2.6899 1.35283 0.584547
269.57 0.494996 2.82589 1.38145 0.601218
270.315 0.552793 2.79714 1.3761 0.587768
271.061 0.636774 2.73155 1.36419 0.567473
271.806 0.674811 2.71316 1.36144 0.558657
272.551 0.691474 2.71648 1.36254 0.555284
273.297 0.710298 2.73604 1.36711 0.552151
274.042 0.730894 2.76878 1.37439 0.549198
274.787 0.734498 2.78857 1.37829 0.549225
275.533 0.714434 2.79044 1.37769 0.553415
276.278 0.716481 2.78109 1.37558 0.552687
277.023 0.77395 2.74379 1.37001 0.539569
277.769 0.821245 2.72499 1.36808 0.529331
278.514 0.811748 2.8079 1.38375 0.534715
279.259 0.803479 2.88822 1.39882 0.539181
280.005 0.837458 2.84345 1.39112 0.531152
280.75 0.871599 2.79869 1.38365 0.522905
281.495 0.907803 2.74878 1.37553 0.513852
282.241 0.944438 2.69824 1.3676 0.504471
282.986 0.954216 2.70709 1.36955 0.503141
283.731 0.955227 2.73535 1.37465 0.504431
284.477 0.983382 2.70667 1.37058 0.497793
285.222 1.02835 2.6432 1.36129 0.486042
285.967 1.05856 2.62961 1.36046 0.479804
286.713 1.07305 2.66844 1.36807 0.479578
287.458 1.08643 2.6894 1.37236 0.478469
288.203 1.09766 2.67775 1.37077 0.475871
288.949 1.11491 2.66322 1.36906 0.472045
289.694 1.15348 2.63855 1.36698 0.463916
290.439 1.191 2.61705 1.36554 0.45621
291.185 1.21684 2.62866 1.36898 0.452674
291.93 1.24268 2.64026 1.3724 0.449189
292.675 1.2904 2.55109 1.3609 0.435428
293.421 1.33973 2.45695 1.34936 0.420523
294.166 1.35303 2.42306 1.34492 0.415756
294.911 1.35829 2.40249 1.34198 0.413284
295.657 1.38429 2.3596 1.33734 0.405641
296.402 1.41999 2.30647 1.3322 0.395515
297.147 1.46036 2.26431 1.32943 0.385621
297.893 1.50448 2.23116 1.32859 0.376057
298.638 1.5244 2.19573 1.32529 0.369812
299.383 1.51032 2.15696 1.31822 0.368032
300.129 1.50214 2.10772 1.3102 0.364198
300.874 1.50916 2.03198 1.30004 0.355115
301.619 1.51604 1.96071 1.29069 0.346157
302.365 1.52098 1.916 1.28497 0.340279
303.11 1.52605 1.87081 1.27928 0.334186
303.855 1.53541 1.79487 1.2701 0.323504
304.601 1.54501 1.7188 1.26124 0.312395
305.346 1.51193 1.64873 1.24756 0.307227
306.091 1.47292 1.57917 1.23291 0.302431
306.837 1.44565 1.48669 1.21684 0.292114
307.582 1.42264 1.38601 1.20045 0.279089
308.327 1.38228 1.338 1.18775 0.276158
309.073 1.33055 1.32387 1.17708 0.280259
309.818 1.29455 1.27548 1.16453 0.276329
310.563 1.27619 1.18907 1.15032 0.262796
311.309 1.25087 1.12126 1.13723 0.252919
312.054 1.21163 1.08983 1.12569 0.251415
312.799 1.16576 1.0541 1.11202 0.249662
313.545 1.09452 1.00198 1.09057 0.247238
314.29 1.02455 0.948958 1.06846 0.243949
315.035 0.974785 0.887907 1.04939 0.235695
315.781 0.924937 0.826533 1.02988 0.226594
316.526 0.87027 0.772254 1.00957 0.219062
317.271 0.815144 0.718185 0.988652 0.210883
318.017 0.747089 0.664484 0.963561 0.203427
318.762 0.675618 0.610608 0.936547 0.195346
319.507 0.601119 0.569558 0.908934 0.190622
320.253 0.524916 0.534871 0.880236 0.187478
320.998 0.453714 0.502359 0.852209 0.183963
321.743 0.386933 0.471768 0.824798 0.180097
322.489 0.321157 0.44318 0.79685 0.176324
323.234 0.257053 0.417748 0.76875 0.173093
323.979 0.192623 0.393961 0.739514 0.170101
324.725 0.12771 0.375074 0.709334 0.168859
325.47 0.0623242 0.356721 0.677641 0.167592
326.215 -0.00482146 0.342592 0.644096 0.168246
326.961 -0.0722449 0.328397 0.608772 0.168733
327.706 -0.139519 0.322382 0.572734 0.173425
328.451 -0.207073 0.316428 0.534732 0.178422
329.197 -0.269011 0.315306 0.498751 0.185809
329.942 -0.330206 0.315017 0.461651 0.194097
330.687 -0.390325 0.315944 0.423679 0.203582
331.433 -0.450175 0.317366 0.384186 0.214038
332.178 -0.50795 0.323616 0.345159 0.228338
332.923 -0.564308 0.333326 0.306155 0.246044
333.669 -0.619256 0.342706 0.266579 0.264584
334.414 -0.672434 0.351657 0.226741 0.283797
335.159 -0.723223 0.360902 0.187425 0.304098
335.905 -0.768577 0.370671 0.151546 0.324803
336.65 -0.812782 0.380021 0.115444 0.346159
337.395 -0.851243 0.387152 0.0828345 0.364934
338.141 -0.889861 0.394354 0.0491903 0.384905
338.886 -0.929486 0.401809 0.0137069 0.406668
339.631 -0.969236 0.409336 -0.0228919 0.429862
340.377 -1.01187 0.416684 -0.0636613 0.455554
341.122 -1.05492 0.424096 -0.10616 0.483212
341.867 -1.09435 0.430158 -0.146628 0.509341
342.613 -1.13282 0.435879 -0.187394 0.53616
343.358 -1.16374 0.43864 -0.222024 0.556657
344.103 -1.19042 0.439725 -0.253366 0.57352
344.849 -1.22203 0.439704 -0.292415 0.592777
345.594 -1.25853 0.438608 -0.339815 0.614795
346.339 -1.29628 0.439139 -0.38959 0.641147
347.085 -1.33609 0.442452 -0.442094 0.67458
347.83 -1.37622 0.445922 -0.496904 0.710729
348.575 -1.41707 0.449677 -0.554648 0.750393
349.321 -1.45724 0.452218 -0.614714 0.790287
350.066 -1.49016 0.442449 -0.677205 0.805253
350.811 -1.52324 0.432699 -0.742794 0.820753
351.557 -1.5567 0.436885 -0.797523 0.862507
352.302 -1.59023 0.441739 -0.853469 0.908182
353.047 -1.63008 0.439295 -0.932579 0.950068
353.793 -1.67139 0.435498 -1.02084 0.993875
354.538 -1.71911 0.43644 -1.12222 1.06036
355.283 -1.76966 0.439769 -1.23349 1.14333
356.029 -1.81186 0.442032 -1.33311 1.21818
356.774 -1.84741 0.443361 -1.42274 1.28518
357.519 -1.88061 0.442525 -1.515 1.34687
358.265 -1.91066 0.438629 -1.60967 1.3974
359.01 -1.94144 0.435929 -1.70971 1.45686
359.755 -1.97413 0.435992 -1.81551 1.53501
360.501 -2.00888 0.437623 -1.93077 1.63171
361.246 -2.05568 0.447574 -2.07272 1.8086
361.991 -2.10218 0.457382 -2.21867 2.01083
362.737 -2.1497 0.466481 -2.37444 2.24619
363.482 -2.19703 0.475344 -2.53073 2.51778
364.227 -2.23461 0.480255 -2.66417 2.75509
364.973 -2.27084 0.484506 -2.79338 3.01118
365.718 -2.30305 0.481838 -2.9542 3.23702
366.463 -2.33384 0.476758 -3.13491 3.468
367.209 -2.36456 0.479861 -3.2433 3.76695
367.954 -2.39532 0.488137 -3.28297 4.1204
368.699 -2.43198 0.494176 -3.33952 4.56837
369.445 -2.47514 0.497693 -3.40179 5.15167
370.19 -2.51904 0.500869 -3.39862 5.82489
370.935 -2.56428 0.503567 -3.29737 6.60388
371.681 -2.60727 0.506129 -3.06275 7.41245
372.426 -2.64114 0.508775 -2.74277 8.0697
373.171 -2.67429 0.510971 -2.31683 8.71413
373.917 -2.6965 0.508427 -2.03964 9.18911
374.662 -2.71875 0.505823 -1.6982 9.6647
375.407 -2.74728 0.503982 -1.12948 10.2276
376.153 -2.77631 0.502117 -0.432743 10.7409
376.898 -2.81901 0.505647 0.851238 11.1322
377.643 -2.86533 0.510448 2.32741 11.1633
378.389 -2.91371 0.515562 3.78327 10.7921
379.134 -2.96325 0.520796 5.04096 10.0796
379.879 -3.0055 0.526037 5.85371 9.29479
380.625 -3.04119 0.531315 6.34329 8.57645
381.37 -3.07513 0.534571 6.70507 7.92148
382.116 -3.10628 0.534712 6.98784 7.36124
382.861 -3.13426 0.533672 7.18984 6.87761
383.606 -3.15294 0.529321 7.34898 6.58339
384.352 -3.17408 0.525937 7.47349 6.24355
385.097 -3.21264 0.529637 7.48211 5.62421
385.842 -3.25137 0.533326 7.43429 5.07134
386.587 -3.30123 0.534046 7.36706 4.44423
387.333 -3.35148 0.5347 7.24688 3.90059
388.078 -3.39941 0.539943 7.06118 3.46987
388.824 -3.44712 0.546006 6.86529 3.10777
389.569 -3.49114 0.547991 6.71129 2.81051
390.314 -3.5338 0.548362 6.5709 2.55387
391.06 -3.56636 0.546473 6.47514 2.37375
391.805 -3.59166 0.542955 6.41019 2.23993
392.55 -3.61874 0.542362 6.32473 2.11614
393.296 -3.64799 0.5454 6.21817 2.0036
394.041 -3.67909 0.549083 6.10765 1.89486
394.786 -3.71416 0.554172 5.98538 1.78499
395.532 -3.75163 0.557732 5.86788 1.67313
396.277 -3.79982 0.554087 5.74872 1.52125
397.022 -3.84816 0.550898 5.6316 1.38728
397.768 -3.89555 0.55822 5.4972 1.29586
398.513 -3.94311 0.565605 5.37159 1.21393
399.258 -3.98198 0.565593 5.28705 1.14108
400.004 -4.02007 0.564832 5.20892 1.07411
400.749 -4.05145 0.566526 5.14323 1.02831
401.494 -4.0809 0.568955 5.08261 0.989863
402.24 -4.10787 0.572165 5.02773 0.958809
402.985 -4.13344 0.575826 4.97667 0.932161
403.73 -4.16483 0.575195 4.92287 0.891471
404.476 -4.20202 0.570298 4.8662 0.83882
405.221 -4.24181 0.568433 4.80337 0.791852
405.966 -4.28602 0.571813 4.73047 0.751903
406.712 -4.33287 0.57596 4.65657 0.713628
407.457 -4.38813 0.582576 4.57262 0.674329
408.202 -4.44211 0.588574 4.49603 0.638767
408.948 -4.4828 0.588386 4.44521 0.608619
409.693 -4.5236 0.588205 4.39617 0.580378
410.438 -4.56311 0.59097 4.34853 0.558276
411.184 -4.60266 0.593867 4.30261 0.537604
411.929 -4.63518 0.598236 4.2652 0.524011
412.674 -4.6663 0.602929 4.23032 0.512188
413.42 -4.69669 0.603501 4.19963 0.497055
414.165 -4.7268 0.602251 4.17103 0.48092
414.91 -4.76485 0.60329 4.13427 0.463619
415.656 -4.80923 0.60615 4.09197 0.445865
416.401 -4.85528 0.607121 4.05071 0.426721
417.146 -4.90357 0.605507 4.01024 0.405594
417.892 -4.95374 0.60689 3.96853 0.387561
418.637 -5.00834 0.615653 3.92229 0.374848
419.382 -5.06157 0.623712 3.87955 0.362852
420.128 -5.10652 0.627635 3.84611 0.351371
420.873 -5.15145 0.631586 3.81389 0.340509
421.618 -5.18957 0.635635 3.7874 0.332373
422.364 -5.22778 0.639705 3.76163 0.324559
423.109 -5.26075 0.637657 3.74175 0.314659
423.854 -5.29311 0.634812 3.72291 0.304812
424.6 -5.32751 0.638556 3.70146 0.298835
425.345 -5.36265 0.644507 3.67956 0.294191
426.09 -5.40487 0.6467 3.65509 0.285741
426.836 -5.45159 0.646549 3.6294 0.275292
427.581 -5.4993 0.64887 3.60341 0.266486
428.326 -5.5481 0.653866 3.57713 0.259282
429.072 -5.60015 0.658343 3.55021 0.251478
429.817 -5.65823 0.661815 3.52151 0.242396
430.562 -5.71515 0.666401 3.49424 0.234557
431.308 -5.76727 0.675036 3.46943 0.229811
432.053 -5.8184 0.683581 3.44593 0.225381
432.798 -5.85621 0.690472 3.42916 0.222643
433.544 -5.8941 0.697396 3.41276 0.21997
434.289 -5.934 0.694256 3.39755 0.212955
435.034 -5.97413 0.690502 3.38267 0.20593
435.78 -6.01353 0.692076 3.3676 0.20135
436.525 -6.05284 0.694917 3.35273 0.197424
437.27 -6.09315 0.697521 3.33788 0.193401
438.016 -6.13398 0.700018 3.32319 0.189403
438.761 -6.18097 0.704335 3.30643 0.185391
439.506 -6.23324 0.710215 3.28812 0.181407
440.252 -6.28652 0.716161 3.27001 0.177479
440.997 -6.3412 0.722186 3.25198 0.173567
441.742 -6.39631 0.727947 3.23439 0.169678
442.488 -6.45229 0.732932 3.21715 0.165613
443.233 -6.5084 0.738013 3.20038 0.161729
443.978 -6.56434 0.743529 3.1841 0.158143
444.724 -6.62041 0.749074 3.16826 0.154692
445.469 -6.65652 0.753336 3.15842 0.152891
446.214 -6.69272 0.757616 3.14874 0.151127
446.96 -6.7354 0.755714 3.13809 0.147191
447.705 -6.77917 0.752863 3.12744 0.143046
448.45 -6.82581 0.751787 3.11612 0.13925
449.196 -6.87359 0.751352 3.10471 0.135654
449.941 -6.92129 0.756184 3.09316 0.133464
450.686 -6.96896 0.764558 3.08161 0.132178
451.432 -7.01981 0.771661 3.06969 0.130386
452.177 -7.07429 0.77729 3.05734 0.128047
452.922 -7.13065 0.782657 3.04491 0.125595
453.668 -7.19063 0.787458 3.03207 0.122859
454.413 -7.24893 0.792818 3.01988 0.12045
455.158 -7.29971 0.800364 3.00939 0.11905
455.904 -7.35081 0.808136 2.99906 0.117707
456.649 -7.4046 0.818708 2.98827 0.116773
457.394 -7.45855 0.82934 2.97771 0.115853
458.14 -7.50697 0.828384 2.9691 0.113121
458.885 -7.55508 0.826527 2.96075 0.110327
459.63 -7.59817 0.820803 2.95368 0.1072
460.376 -7.64003 0.814051 2.94699 0.104047
461.121 -7.6885 0.81896 2.93864 0.102668
461.866 -7.74047 0.829917 2.92955 0.102175
462.612 -7.78548 0.837489 2.92198 0.101465
463.357 -7.82421 0.841989 2.91574 0.10057
464.102 -7.87336 0.845029 2.90797 0.0989528
464.848 -7.93874 0.845783 2.89791 0.0962621
465.593 -8.00013 0.848119 2.88862 0.0940947
466.338 -8.04954 0.855017 2.88116 0.0932126
467.084 -8.09885 0.861339 2.87387 0.0922665
467.829 -8.14658 0.863363 2.86713 0.0907816
468.574 -8.19444 0.865394 2.86049 0.0893301
469.32 -8.25862 0.87238 2.85148 0.0879547
470.065 -8.3232 0.87946 2.84262 0.0866165
470.81 -8.38154 0.891498 2.83461 0.0862177
471.556 -8.43898 0.904437 2.82685 0.0859692
472.301 -8.4939 0.911956 2.81978 0.0851119
473.046 -8.54795 0.91739 2.81304 0.0840413
473.792 -8.59768 0.920658 2.80703 0.0828817
474.537 -8.6444 0.922396 2.80154 0.081668
475.282 -8.69389 0.925571 2.79576 0.0805603
476.028 -8.74671 0.930488 2.78962 0.0795726
476.773 -8.80245 0.937515 2.78319 0.0787565
477.518 -8.86425 0.949041 2.77603 0.0782727
478.264 -8.92556 0.958875 2.76914 0.07762
479.009 -8.98405 0.960995 2.76293 0.0762249
479.754 -9.04229 0.962982 2.75687 0.0748614
480.5 -9.09248 0.962356 2.75184 0.0734963
481.245 -9.1428 0.961723 2.74688 0.0721595
481.99 -9.2013 0.974519 2.74077 0.0719987
482.736 -9.26071 0.988608 2.73465 0.0719359
483.481 -9.32618 0.998186 2.72818 0.0712536
484.226 -9.39353 1.00655 2.72169 0.0704174
484.972 -9.4491 1.01358 2.71648 0.0697857
485.717 -9.49831 1.01991 2.71196 0.0692642
486.462 -9.55113 1.02223 2.70729 0.0682923
487.208 -9.60736 1.02076 2.70247 0.0669142
487.953 -9.66545 1.0244 2.69744 0.0659808
488.698 -9.72647 1.03641 2.69204 0.0657307
489.444 -9.78463 1.04601 2.68703 0.0653398
490.189 -9.83361 1.04805 2.68306 0.064528
490.934 -9.88472 1.05125 2.67895 0.0637809
491.68 -9.9516 1.06354 2.67339 0.0634422
492.425 -10.0187 1.07591 2.66792 0.0631063
493.17 -10.0832 1.08075 2.66292 0.062234
493.916 -10.1479 1.08544 2.65799 0.0613685
494.661 -10.2082 1.09072 2.65348 0.0606587
495.406 -10.2679 1.09613 2.64908 0.0599869
496.152 -10.3385 1.09689 2.64404 0.0587679
496.897 -10.4137 1.09573 2.63879 0.0573552
497.642 -10.4814 1.10512 2.63398 0.0568789
498.388 -10.5435 1.12235 2.6295 0.0570624
499.133 -10.6015 1.14073 2.62535 0.0573879
499.878 -10.6544 1.16054 2.62159 0.057891
500.624 -10.7094 1.17168 2.6179 0.0577549
501.369 -10.7689 1.16315 2.61431 0.0562368
502.115 -10.8307 1.15751 2.61058 0.0549051
502.86 -10.9024 1.1658 2.60602 0.0543314
503.605 -10.9732 1.17367 2.60161 0.0537574
504.35 -11.0188 1.17071 2.59902 0.0529392
505.096 -11.0645 1.16773 2.59645 0.0521325
505.841 -11.1339 1.18098 2.5922 0.051948
506.587 -11.2061 1.196 2.58784 0.0518253
507.332 -11.2685 1.20697 2.58418 0.0516145
508.077 -11.3281 1.21677 2.58076 0.0513798
508.823 -11.3934 1.22181 2.57714 0.0507896
509.568 -11.4621 1.22414 2.57343 0.0500101
510.313 -11.5295 1.23155 2.56977 0.0495479
511.059 -11.5956 1.24399 2.56616 0.0493862
511.804 -11.6734 1.2515 2.56205 0.048794
512.549 -11.7712 1.2505 2.55709 0.0474959
513.294 -11.8588 1.25374 2.55269 0.0465933
514.04 -11.9123 1.27075 2.54992 0.0468586
514.785 -11.9685 1.28857 2.54704 0.0471188
515.531 -12.0477 1.31279 2.54298 0.0473841
516.276 -12.1271 1.33719 2.53898 0.0476379
517.021 -12.1791 1.32681 2.5368 0.0465732
517.767 -12.2303 1.31524 2.53468 0.045481
518.512 -12.3064 1.30091 2.53146 0.0439787
519.257 -12.3879 1.28591 2.52804 0.0424256
520.003 -12.4428 1.29143 2.52564 0.0421443
520.748 -12.4865 1.3058 2.52367 0.0423931
521.493 -12.5453 1.33874 2.52084 0.0432909
522.239 -12.6155 1.38612 2.51737 0.0446589
522.984 -12.6807 1.41175 2.51442 0.0451054
523.729 -12.7391 1.40849 2.51213 0.0443873
524.475 -12.8029 1.40483 2.50964 0.0436041
525.22 -12.8796 1.40024 2.50665 0.0426588
525.965 -12.9599 1.39829 2.50354 0.0418069
526.711 -13.057 1.41007 2.49965 0.0413519
527.456 -13.1535 1.42185 2.49586 0.040913
528.201 -13.2174 1.43126 2.49342 0.0407185
528.947 -13.2816 1.44071 2.49101 0.0405257
529.692 -13.371 1.43501 2.48782 0.0395153
530.437 -13.4636 1.42748 2.48458 0.0384328
531.183 -13.5522 1.46139 2.48115 0.0389334
531.928 -13.6396 1.50861 2.4777 0.0398986
532.673 -13.7137 1.52659 2.47505 0.0399205
533.419 -13.7801 1.52708 2.47287 0.0394009
534.164 -13.8645 1.52352 2.47012 0.0385876
534.909 -13.9678 1.51574 2.46682 0.0374864
535.655 -14.0547 1.51542 2.46405 0.036806
536.4 -14.1115 1.52858 2.4622 0.0368371
537.145 -14.1732 1.54344 2.4602 0.0368799
537.891 -14.2517 1.56406 2.45763 0.0369653
538.636 -14.3297 1.58393 2.45511 0.0370254
539.381 -14.3998 1.59493 2.45296 0.0368682
540.127 -14.4701 1.606 2.45082 0.0367125
540.872 -14.5385 1.62827 2.44868 0.0369156
541.617 -14.607 1.65118 2.44655 0.0371297
542.363 -14.6677 1.63235 2.44502 0.0361523
543.108 -14.7269 1.60434 2.44361 0.0349316
543.853 -14.8214 1.60761 2.44094 0.0343868
544.599 -14.9323 1.62522 2.43773 0.0341466
545.344 -15.0195 1.6434 2.43525 0.0340976
546.089 -15.0874 1.66206 2.43334 0.0341982
546.835 -15.1641 1.67732 2.43123 0.034138
547.58 -15.2531 1.68783 2.42885 0.0338612
548.325 -15.3496 1.70672 2.42624 0.0337609
549.071 -15.4645 1.74666 2.42304 0.0340857
549.816 -15.5771 1.7816 2.42 0.0342798
550.561 -15.6739 1.78646 2.41762 0.0338074
551.307 -15.7709 1.791 2.41527 0.0333357
552.052 -15.857 1.77617 2.41336 0.032467
552.797 -15.9433 1.7612 2.41145 0.0316118
553.543 -16.0394 1.77069 2.40919 0.0313058
554.288 -16.1371 1.78352 2.40689 0.0310746
555.033 -16.2237 1.82041 2.40475 0.0314773
555.779 -16.3066 1.86564 2.40267 0.0320814
556.524 -16.4018 1.87563 2.40055 0.0317908
557.269 -16.5048 1.8632 2.39841 0.0309555
558.015 -16.5951 1.87995 2.39642 0.0308601
558.76 -16.6713 1.92868 2.39458 0.0315454
559.505 -16.7478 1.95507 2.39288 0.0317287
560.251 -16.8246 1.93851 2.39144 0.030986
560.996 -16.9028 1.92488 2.38996 0.0303112
561.741 -16.9855 1.92263 2.38835 0.0298633
562.487 -17.0673 1.92235 2.38676 0.0294687
563.232 -17.136 1.94624 2.38533 0.0296468
563.977 -17.205 1.97027 2.3839 0.0298219
564.723 -17.3087 2.01602 2.38168 0.0302412
565.468 -17.415 2.06352 2.37943 0.0306652
566.213 -17.5124 2.06566 2.37763 0.0302412
566.959 -17.608 2.05685 2.37594 0.0296251
567.704 -17.6946 2.05694 2.37439 0.0292364
568.449 -17.7769 2.06138 2.37293 0.0289578
569.195 -17.8775 2.06458 2.37114 0.0285701
569.94 -17.9942 2.0667 2.36909 0.0280934
570.685 -18.1237 2.06324 2.36687 0.0274673
571.431 -18.2722 2.05145 2.36438 0.0266247
572.176 -18.3983 2.06557 2.36221 0.0263561
572.921 -18.4618 2.1506 2.36084 0.027587
573.667 -18.5353 2.22638 2.35934 0.0285887
574.412 -18.6737 2.24002 2.35705 0.0282274
575.157 -18.813 2.25377 2.35479 0.0278723
575.903 -18.9679 2.25706 2.35236 0.0272882
576.648 -19.1238 2.26033 2.34997 0.0267162
577.393 -19.2165 2.26404 2.34859 0.0264302
578.139 -19.2996 2.26782 2.34739 0.0261896
578.884 -19.3834 2.27707 2.34616 0.0260337
579.629 -19.4675 2.28837 2.34493 0.0259092
580.375 -19.5754 2.32194 2.34327 0.0260241
581.12 -19.6996 2.3709 2.34132 0.0262949
581.865 -19.7996 2.41632 2.33978 0.0266004
582.611 -19.871 2.45736 2.33868 0.026949
583.356 -19.9481 2.49698 2.33751 0.0272471
584.101 -20.0368 2.53343 2.3362 0.0274468
584.847 -20.1369 2.5568 2.3348 0.027413
585.592 -20.2843 2.52418 2.33299 0.026425
586.337 -20.4287 2.49211 2.33124 0.0254832
587.083 -20.5099 2.47614 2.3303 0.0250105
587.828 -20.5914 2.46005 2.32936 0.0245424
588.573 -20.7005 2.4672 2.32799 0.0242903
589.319 -20.8123 2.47634 2.32658 0.0240587
590.064 -20.9375 2.50002 2.32498 0.0239709
590.809 -21.0669 2.52782 2.32333 0.0239212
591.555 -21.1951 2.57229 2.32166 0.0240818
592.3 -21.3228 2.62592 2.32 0.0243487
593.045 -21.4392 2.67856 2.31849 0.024632
593.791 -21.545 2.73024 2.31714 0.0249305
594.536 -21.6652 2.75597 2.31572 0.0248665
595.281 -21.8085 2.73939 2.31419 0.0242357
596.027 -21.9648 2.73848 2.31248 0.0237575
596.772 -22.1589 2.78572 2.31022 0.0237122
597.517 -22.3404 2.82542 2.30817 0.0236204
598.263 -22.4133 2.80214 2.30753 0.0231785
599.008 -22.4864 2.7787 2.30689 0.0227396
599.753 -22.6344 2.81032 2.30529 0.0226751
600.499 -22.7847 2.84341 2.30368 0.0226182
601.244 -22.9372 2.90742 2.30199 0.0228736
601.989 -23.0908 2.97781 2.3003 0.0231796
602.735 -23.2231 3.00019 2.29898 0.0230551
603.48 -23.3471 3.00275 2.29782 0.0227598
604.225 -23.4512 3.04396 2.29675 0.0229042
604.971 -23.5403 3.11408 2.29577 0.0233669
605.716 -23.666 3.13787 2.29457 0.0232715
606.461 -23.8388 3.1019 2.29311 0.0224822
607.207 -23.9895 3.09193 2.2918 0.0220147
607.952 -24.0881 3.1424 2.29083 0.0222515
608.697 -24.1822 3.16965 2.28997 0.0222829
609.443 -24.2532 3.08213 2.28963 0.0213325
610.188 -24.3275 3.00083 2.28924 0.0204392
610.933 -24.492 3.10205 2.28758 0.0209709
611.679 -24.6573 3.20451 2.28594 0.0214912
612.424 -24.819 3.24937 2.2845 0.0215053
613.169 -24.9813 3.28822 2.28309 0.0214642
613.915 -25.0548 3.34979 2.28239 0.0218323
614.66 -25.101 3.41847 2.28191 0.0223231
615.405 -25.2342 3.41424 2.28088 0.0219846
616.151 -25.4194 3.36665 2.27956 0.0211728
616.896 -25.6089 3.38158 2.27806 0.0208745
617.641 -25.8028 3.46143 2.27641 0.0210842
618.387 -25.9973 3.51774 2.27483 0.0210999
619.132 -26.1921 3.53086 2.27338 0.0207831
619.878 -26.3556 3.54094 2.27219 0.0205206
620.623 -26.4079 3.54029 2.27187 0.0204292
621.368 -26.4743 3.54834 2.27143 0.0203716
622.113 -26.6832 3.64416 2.26975 0.0206452
622.859 -26.8934 3.74137 2.26809 0.020912
623.604 -27.1383 3.778 2.26635 0.0206658
624.349 -27.387 3.81225 2.26462 0.0204007
625.095 -27.5352 3.78261 2.26374 0.0199177
625.84 -27.6616 3.73856 2.26304 0.0193909
626.586 -27.7935 3.7582 2.26219 0.019287
627.331 -27.9282 3.80751 2.26126 0.0193741
628.076 -28.1417 3.86377 2.25983 0.0193486
628.822 -28.421 3.92623 2.25799 0.019233
629.567 -28.6333 4.00411 2.25657 0.0193405
630.312 -28.7487 4.10304 2.25573 0.0197563
631.057 -28.8474 4.17553 2.25506 0.0200345
631.803 -28.9031 4.17854 2.25478 0.0199716
632.548 -28.9816 4.18281 2.25436 0.0198728
633.294 -29.1943 4.19443 2.25313 0.0195647
634.039 -29.4083 4.20667 2.25191 0.019265
634.784 -29.6004 4.27149 2.25075 0.0193141
635.53 -29.7938 4.3371 2.24959 0.0193618
636.275 -30.0028 4.39991 2.24836 0.0193621
637.02 -30.2154 4.46302 2.24714 0.0193553
637.766 -30.3848 4.45372 2.24629 0.0190309
638.511 -30.5395 4.41851 2.24558 0.0185991
639.256 -30.6774 4.45193 2.24485 0.018568
640.002 -30.8044 4.53073 2.24411 0.0187936
640.747 -30.9995 4.57744 2.24307 0.018732
641.492 -31.2728 4.5875 2.24172 0.0183546
642.238 -31.477 4.61132 2.24071 0.0181674
642.983 -31.5403 4.66251 2.24037 0.0183451
643.728 -31.6047 4.70928 2.24003 0.0184974
644.474 -31.6728 4.73768 2.23971 0.0185512
645.219 -31.7561 4.77208 2.2393 0.0186091
645.964 -32.0542 4.89096 2.23773 0.0187279
646.71 -32.355 5.01201 2.23617 0.0188428
647.455 -32.6352 5.06098 2.23485 0.0186502
648.2 -32.9163 5.10508 2.23356 0.018438
648.946 -33.0993 5.03466 2.2329 0.0178682
649.691 -33.257 4.9338 2.23241 0.0172106
650.436 -33.4326 4.8918 2.23175 0.0167979
651.182 -33.618 4.88016 2.23101 0.0165113
651.927 -33.8907 5.00035 2.22973 0.0166763
652.672 -34.2432 5.24343 2.22796 0.0172336
653.418 -34.5398 5.43193 2.22654 0.0176153
654.163 -34.7468 5.52972 2.22563 0.0177417
654.908 -34.9459 5.60591 2.22479 0.0177891
655.654 -35.1193 5.6164 2.22415 0.0176135
656.399 -35.2926 5.61865 2.22353 0.0174089
657.144 -35.4593 5.5608 2.22302 0.0169863
657.89 -35.6267 5.50225 2.22251 0.016567
658.635 -36.099 5.70114 2.22055 0.0167296
659.38 -36.5818 5.90902 2.21859 0.0168931
660.126 -36.8085 5.98601 2.21775 0.0169021
660.871 -36.9909 6.04017 2.21709 0.016885
661.616 -37.1116 6.09448 2.21666 0.0169439
662.362 -37.2079 6.14899 2.21632 0.0170323
663.107 -37.3379 6.26345 2.21579 0.0172811
663.852 -37.4919 6.42194 2.21512 0.0176419
664.598 -37.7275 6.47041 2.21433 0.017529
665.343 -38.0659 6.38016 2.21339 0.0168424
666.088 -38.3984 6.38133 2.21236 0.0164753
666.834 -38.7136 6.58961 2.21118 0.016787
667.579 -38.9815 6.76269 2.2102 0.0170304
668.324 -39.0229 6.75779 2.21013 0.0169868
669.07 -39.0687 6.7491 2.21005 0.0169266
669.815 -39.2104 6.65764 2.20977 0.0165055
670.56 -39.3523 6.56534 2.20949 0.0160862
671.306 -39.837 6.58621 2.20807 0.0156429
672.051 -40.3636 6.61868 2.20655 0.0152063
672.796 -40.7179 6.82577 2.20538 0.0154508
673.542 -41.0217 7.08759 2.20432 0.0158844
674.287 -41.2383 7.17559 2.20368 0.0159195
675.032 -41.4062 7.16398 2.20329 0.0157345
675.778 -41.5181 7.21081 2.20299 0.015765
676.523 -41.5747 7.31522 2.20278 0.0160045
677.268 -41.72 7.4109 2.20234 0.0161277
678.014 -42.0174 7.49202 2.20153 0.0160554
678.759 -42.3865 7.5987 2.20052 0.015977
679.504 -42.9853 7.78766 2.19888 0.0158776
680.25 -43.543 7.95784 2.19741 0.0157703
680.995 -43.6599 7.91874 2.19721 0.0155833
681.74 -43.7771 7.87933 2.19702 0.0153969
682.486 -43.8348 7.94494 2.19686 0.0155161
683.231 -43.8905 8.01422 2.19671 0.0156448
683.976 -44.3843 7.91903 2.1957 0.0149862
684.722 -44.9728 7.78652 2.19451 0.014186
685.467 -45.3333 7.87189 2.19368 0.0140904
686.212 -45.5949 8.05404 2.19299 0.0142898
686.958 -45.9973 8.34741 2.19192 0.0146024
687.703 -46.5102 8.73244 2.19056 0.014995
688.448 -46.9413 9.01246 2.18949 0.0152189
689.194 -47.2623 9.14548 2.18878 0.0152311
689.939 -47.5105 9.24607 2.18825 0.0152383
690.684 -47.5825 9.26645 2.18813 0.0152345
691.43 -47.7391 9.317 2.18783 0.0152192
692.175 -48.3291 9.52349 2.18657 0.0151464
692.92 -48.9247 9.72906 2.18534 0.0150652
693.666 -49.4244 9.73727 2.18447 0.0147033
694.411 -49.9306 9.74488 2.18361 0.0143466
695.156 -50.3435 9.76549 2.18291 0.0140918
695.902 -50.7493 9.78758 2.18224 0.0138509
696.647 -50.9446 9.76684 2.18196 0.0136917
697.392 -51.0742 9.7326 2.18181 0.0135576
698.138 -51.2421 9.61874 2.18165 0.0132639
698.883 -51.4325 9.45692 2.18148 0.0128772
699.628 -51.7736 9.65955 2.18082 0.0130022
700.374 -52.2672 10.2434 2.17966 0.0136344
701.119 -52.6978 10.7696 2.17866 0.0141839
701.864 -53.0186 11.1783 2.17792 0.0146042
702.61 -53.322 11.4927 2.17728 0.0148798
703.355 -53.5696 11.4716 2.17697 0.0146891
704.1 -53.7662 11.4578 2.17673 0.0145469
704.846 -53.478 11.5144 2.17715 0.0148463
705.591 -53.1913 11.5701 2.17758 0.0151481
706.336 -54.0193 11.5778 2.17639 0.0145928
707.082 -54.9071 11.5815 2.17516 0.0140179
707.827 -55.9143 11.5532 2.17381 0.0133524
708.572 -56.9667 11.514 2.17245 0.012682
709.318 -57.5683 11.6795 2.17161 0.012566
710.063 -57.9706 11.9387 2.17098 0.0126835
710.808 -57.9178 12.1296 2.17098 0.0129705
711.554 -57.5162 12.2635 2.17145 0.0133916
712.299 -57.474 12.2982 2.17152 0.0134751
713.044 -57.902 12.2039 2.17107 0.0131154
713.79 -58.4648 12.2801 2.17036 0.0129005
714.535 -59.3429 12.7688 2.16905 0.0130135
715.28 -60.2391 13.2967 2.16774 0.0131456
716.026 -61.1655 13.952 2.16637 0.013384
716.771 -62.0768 14.6141 2.16506 0.0136109
717.516 -62.2277 14.7829 2.16484 0.0137192
718.262 -62.3787 14.953 2.16463 0.0138271
719.007 -62.193 14.3756 2.16518 0.0133344
719.752 -61.9646 13.7257 2.16581 0.0127717
720.498 -62.6683 13.6502 2.16513 0.0123405
721.243 -63.6673 13.7434 2.16407 0.0119559
721.988 -64.6542 13.8826 2.16303 0.0116398
722.734 -65.643 14.0505 2.16202 0.0113636
723.479 -66.4215 14.4521 2.16113 0.0114112
724.224 -66.9822 15.0875 2.16036 0.0117636
724.97 -67.4278 15.4494 2.15982 0.011904
725.715 -67.6835 15.3388 2.15968 0.0117028
726.46 -67.8627 15.4242 2.15952 0.0117121
727.206 -67.7994 16.1135 2.1593 0.012363
727.951 -67.7609 16.8049 2.15905 0.0129968
728.696 -67.9803 17.5177 2.15855 0.0135142
729.442 -68.1916 18.2387 2.15806 0.0140266
730.187 -69.8518 18.6446 2.15655 0.0135648
730.932 -71.5952 19.0626 2.15506 0.0131
731.678 -72.6655 19.271 2.15421 0.0127971
732.423 -73.631 19.4444 2.15348 0.0125243
733.168 -74.1916 19.5131 2.15309 0.0123528
733.914 -74.5947 19.5408 2.15283 0.0122198
734.659 -74.7925 19.5644 2.15272 0.0121683
735.404 -74.8472 19.5853 2.1527 0.0121724
736.15 -75.1338 19.4787 2.15258 0.0119966
736.895 -75.6935 19.2187 2.15234 0.0116125
737.641 -76.5348 19.1853 2.15181 0.0112845
738.386 -77.963 19.6311 2.15075 0.0110692
739.131 -79.222 20.2745 2.14976 0.0110417
739.876 -79.6569 21.654 2.14903 0.0117369
740.622 -80.0175 22.9805 2.14837 0.012393
741.367 -79.7531 23.2774 2.14844 0.0126742
742.112 -79.4876 23.5718 2.14852 0.0129559
742.858 -79.4385 23.5088 2.1486 0.0129499
743.603 -79.4023 23.4241 2.14869 0.0129262
744.349 -80.3805 23.4675 2.14815 0.0125912
745.094 -81.6166 23.5381 2.14746 0.0121897
745.839 -83.4852 23.2856 2.14657 0.0114171
746.584 -85.699 22.8446 2.14558 0.010488
747.33 -87.2046 23.4178 2.14467 0.0103363
748.075 -88.0896 24.8698 2.14384 0.01079
748.82 -88.8282 25.678 2.14328 0.010958
749.566 -89.3871 25.5669 2.14309 0.0107511
750.311 -89.567 25.3682 2.14309 0.0106175
751.057 -88.8493 24.9744 2.14358 0.0106554
751.802 -88.4358 24.8095 2.14385 0.0107104
752.547 -89.4847 25.7483 2.14312 0.0108472
753.293 -90.5832 26.7131 2.14237 0.0109674
754.038 -92.6149 27.5782 2.14128 0.0107661
754.783 -94.7149 28.4887 2.14021 0.0105688
755.529 -96.1208 28.8183 2.1396 0.0103345
756.274 -97.4862 29.0958 2.13904 0.0100992
757.019 -98.5334 29.8545 2.13849 0.0101269
757.765 -99.4963 30.7658 2.13795 0.0102244
758.51 -99.8499 32.0282 2.13754 0.0105857
759.255 -99.8611 33.4705 2.1372 0.0110807
760.001 -100.357 33.4863 2.13706 0.0109682
760.746 -101.284 32.2182 2.1371 0.0103242
761.491 -102.347 32.5751 2.13669 0.0101961
762.237 -103.586 35.4394 2.13564 0.0108138
762.982 -105.101 37.7387 2.13466 0.0111346
763.727 -107.549 38.3077 2.13387 0.0107264
764.473 -109.944 39.0152 2.1331 0.0103888
765.218 -111.592 40.4371 2.1324 0.0104061
765.963 -113.243 41.8553 2.13172 0.0104123
766.709 -114.024 40.9565 2.13175 0.0100434
767.454 -114.796 40.0396 2.13177 0.00967441
768.199 -114.828 39.1827 2.13196 0.0094668
768.945 -114.77 38.3364 2.13217 0.00927594
769.69 -114.856 38.953 2.13206 0.00942273
770.435 -114.974 39.9974 2.13185 0.00966598
771.181 -116.65 41.3373 2.13122 0.00966672
771.926 -119.233 42.9028 2.13037 0.00953975
772.671 -122.126 45.1785 2.12936 0.00950261
773.417 -125.305 48.2025 2.12823 0.00954338
774.162 -126.963 50.3581 2.12758 0.0096607
774.907 -126.262 50.9369 2.12763 0.00989428
775.653 -126.25 50.9225 2.12766 0.00990276
776.398 -128.02 49.3473 2.12764 0.00932697
777.143 -129.451 47.975 2.12764 0.00885289
777.889 -129.104 48.0599 2.12771 0.00893287
778.634 -128.762 48.1686 2.12779 0.00901685
779.379 -128.549 49.0495 2.12771 0.00922043
780.125 -128.325 49.9289 2.12763 0.00942366
780.87 -132.85 52.5208 2.12647 0.00914278
781.615 -138.154 55.5422 2.12521 0.00882143
782.361 -141.621 59.8614 2.12413 0.00894292
783.106 -144.486 64.7926 2.12311 0.00917805
783.851 -147.774 64.4223 2.12279 0.00869995
784.597 -151.244 61.0399 2.12282 0.00786153
785.342 -149.894 62.8877 2.12278 0.00826131
786.087 -144.265 68.8179 2.12268 0.00970902
786.833 -141.585 70.9671 2.12268 0.0103405
787.578 -143.216 68.5476 2.12288 0.00984444
788.323 -144.892 67.5642 2.12286 0.00950471
789.069 -146.808 70.1616 2.12232 0.00953646
789.814 -149.152 73.6162 2.12164 0.00958606
790.559 -153.4 80.9808 2.12032 0.00971761
791.305 -157.625 88.7132 2.11906 0.00980319
792.05 -163.602 90.1992 2.1185 0.00922272
792.795 -169.96 91.6997 2.11793 0.00865038
793.541 -172.167 90.3216 2.11795 0.00834194
794.286 -174.069 88.696 2.11801 0.00805056
795.031 -170.216 88.4755 2.11832 0.00842778
795.777 -165.271 88.4863 2.1187 0.00895873
796.522 -166.696 87.3621 2.11874 0.00873218
797.267 -170.877 85.625 2.11864 0.00817849
798.013 -175.47 92.0339 2.11772 0.00817809
798.758 -179.717 105.639 2.11621 0.00856512
799.503 -183.299 115.494 2.11519 0.00869708
800.249 -187.075 119.735 2.1147 0.00854669
800.994 -189.554 125.901 2.11413 0.00856762
801.739 -188.953 135.555 2.11339 0.00890873
802.485 -190.361 142.973 2.1128 0.00898147
803.23 -201.153 141.501 2.11269 0.00815724
803.975 -210.831 138.992 2.11263 0.00743935
804.721 -206.772 133.732 2.11312 0.00756772
805.466 -202.795 128.769 2.11362 0.0076976
806.211 -191.106 137.091 2.11336 0.00882299
806.957 -179.152 143.995 2.11308 0.00994889
807.702 -182.738 153.772 2.11226 0.00981099
808.447 -188.565 165.158 2.11137 0.00950188
809.193 -196.362 175.002 2.11066 0.00905294
809.938 -205.335 184.985 2.11001 0.00856605
810.683 -206.902 193.407 2.10955 0.00851951
811.429 -203.835 200.539 2.10918 0.00870988
812.174 -203.123 206.536 2.10887 0.00875218
812.919 -204.711 211.703 2.10863 0.00866547
813.665 -208.805 215.824 2.10845 0.00845473
814.41 -216.744 218.238 2.10837 0.0080708
815.155 -222.204 221.596 2.10824 0.0078209
815.901 -221.004 227.292 2.108 0.00787636
816.646 -218.632 235.277 2.10766 0.00796668
817.391 -210.778 252.725 2.10691 0.00820349
818.137 -201.276 270.631 2.10613 0.00840668
818.882 -194.793 298.254 2.1051 0.00827323
819.627 -183.823 327.462 2.10409 0.00814266
820.373 -170.646 337.045 2.10362 0.00832154
821.118 -156.794 344.857 2.10318 0.00850886
821.863 -160.294 344.8 2.10328 0.00843485
822.609 -166.823 343.305 2.10347 0.00831611
823.354 -178.619 345.177 2.10366 0.00800511
824.099 -192.944 347.74 2.10385 0.00762635
824.845 -200.55 348.091 2.10398 0.00744593
825.59 -203.952 347.382 2.10406 0.00738082
826.335 -202.822 346.529 2.10409 0.00742621
827.081 -197.649 345.526 2.10406 0.00757207
827.826 -185.731 355.798 2.10366 0.00770043
828.571 -160.528 380.268 2.10274 0.00780191
829.317 -133.781 403.296 2.10186 0.00780762
830.062 -109.374 428.986 2.10107 0.00760524
830.807 -82.0445 452.84 2.10033 0.00737825
831.553 -60.2447 477.356 2.09979 0.00704027
832.298 -36.353 496.294 2.09931 0.00678445
833.043 -36.2903 469.22 2.0994 0.00730064
833.789 -35.8962 444.895 2.09949 0.00781836
834.534 -31.3276 456.938 2.09937 0.00757847
835.279 -26.0749 470.07 2.09926 0.00732751
836.025 -31.4704 469.098 2.09939 0.00734081
836.77 -38.2499 465.959 2.09955 0.00739077
837.515 -19.6076 450.528 2.09922 0.00776634
838.261 2.75604 431.075 2.09874 0.00823174
839.006 29.5301 425.551 2.09811 0.00831527
839.751 59.6739 423.374 2.0974 0.00821295
840.497 85.7885 413.291 2.09673 0.00822821
841.242 106.935 398.052 2.09609 0.00833149
841.987 108.143 377.836 2.09579 0.00879136
842.733 91.6531 354.619 2.09588 0.00967214
843.478 96.347 352.098 2.09572 0.00967111
844.223 144.418 382.177 2.09513 0.00810722
844.969 190.483 396.214 2.09463 0.0070471
845.714 184.854 381.524 2.09446 0.00737289
846.459 181.449 367.416 2.09424 0.00766553
847.205 187.473 351.551 2.09382 0.00778487
847.95 190.769 336.474 2.09342 0.00793826
848.695 169.691 324.063 2.09346 0.00870778
849.441 151.642 311.576 2.0935 0.00947875
850.186 170.244 298.361 2.09273 0.00918161
850.931 187.97 282.884 2.09192 0.00884165
851.677 227.932 280.417 2.09145 0.0074976
852.422 276.453 269.403 2.091 0.00600377
853.167 262.304 269.53 2.09102 0.00643865
853.913 230.25 271.141 2.09118 0.00749135
854.658 218.038 264.297 2.09103 0.00797341
855.403 214.895 255.168 2.09072 0.00815811
856.149 219.473 245.447 2.09033 0.00803259
856.894 229.111 234.335 2.08987 0.00767153
857.639 227.947 228.552 2.08965 0.00772608
858.385 215.948 228.833 2.08969 0.0082507
859.13 217.085 226.418 2.0896 0.00820976
859.875 239.759 217.827 2.08929 0.00722112
860.621 251.168 208.169 2.08898 0.00669728
861.366 235.199 204.426 2.08872 0.00735481
862.112 223.853 198.514 2.08839 0.0078506
862.857 225.686 185.201 2.08777 0.00765326
863.602 226.159 173.639 2.0872 0.00749046
864.347 223.342 173.186 2.08715 0.00763708
865.093 220.579 172.708 2.08711 0.00778351
865.838 231.326 168.289 2.08706 0.00715664
866.583 242.099 162.802 2.08701 0.006531
867.329 238.534 167.38 2.08718 0.00679363
868.074 233.262 172.733 2.08737 0.00714725
868.82 230.218 167.486 2.08707 0.00722016
869.565 227.614 160.346 2.08667 0.00723044
870.31 224.624 155.144 2.08635 0.00729055
871.056 221.569 150.754 2.08606 0.00736848
871.801 220.41 144.064 2.08566 0.00727667
872.546 219.96 136.286 2.08522 0.00709223
873.292 219.294 129.287 2.08481 0.00691668
874.037 218.468 122.92 2.08442 0.0067484
874.782 218.357 120.172 2.08427 0.0066573
875.528 219.266 121.328 2.08439 0.00665238
876.273 218.074 121.962 2.0844 0.00675118
877.018 213.586 121.667 2.08424 0.00701686
877.764 211.053 120.295 2.08407 0.00712824
878.509 212.724 116.496 2.08392 0.00687865
879.254 213.787 112.835 2.08375 0.0066656
880 213.086 109.847 2.08356 0.00658317
880.745 213.063 107.244 2.08341 0.00647137
881.49 217.902 106.668 2.08362 0.00616079
882.236 222.034 105.625 2.08377 0.00588246
882.981 210.255 99.0315 2.08282 0.00625615
883.726 199.823 93.2114 2.08189 0.00661811
884.472 196.212 87.2145 2.08127 0.00650616
885.217 192.788 81.6676 2.08067 0.00638125
885.962 193.379 78.0242 2.08048 0.006086
886.708 194.339 74.5682 2.08033 0.00577082
887.453 195.07 73.1147 2.08031 0.00561762
888.198 195.757 72.1213 2.08031 0.00550208
888.944 197.365 72.6793 2.08049 0.00544649
889.689 199.35 73.8359 2.08073 0.00541251
890.434 197.383 74.1883 2.08062 0.00556693
891.18 193.463 74.0569 2.08033 0.00581813
891.925 190.214 71.3595 2.07992 0.00583317
892.67 187.369 67.0826 2.0794 0.00568088
893.416 183.513 64.1759 2.07888 0.00570003
894.161 178.883 62.4616 2.07834 0.00588189
894.906 174.736 60.4824 2.0778 0.00600821
895.652 171.075 58.1833 2.07726 0.00606446
896.397 167.685 57.4395 2.07685 0.00626584
897.142 164.548 59.1114 2.07667 0.00672406
897.888 163.537 59.6673 2.07663 0.00688049
898.633 167.716 57.6527 2.07692 0.00629969
899.378 170.399 56.8284 2.07716 0.00599565
900.124 167.405 60.9781 2.07721 0.00669102
900.869 165.284 63.537 2.07723 0.00715104
901.614 168.96 58.312 2.07718 0.00628486
902.36 171.883 53.0333 2.0771 0.00548309
903.105 170.699 51.1389 2.07684 0.00536205
903.85 169.468 49.2971 2.07658 0.0052438
904.596 165.947 46.9531 2.07599 0.00522691
905.341 162.582 44.7807 2.07542 0.00521009
906.086 161.132 43.3135 2.07513 0.00513099
906.832 159.789 41.9285 2.07485 0.00504946
907.577 156.02 40.8987 2.07425 0.00520366
908.322 152.175 39.9496 2.07362 0.00538347
909.068 151.563 39.4264 2.0735 0.00535922
909.813 151.605 38.9887 2.07348 0.00529235
910.558 152.15 37.6392 2.07347 0.00504247
911.304 152.814 35.9867 2.07346 0.00473619
912.049 151.928 37.5498 2.07346 0.00505453
912.794 150.293 40.3817 2.07346 0.00563622
913.54 149.338 41.2627 2.07341 0.00586174
914.285 148.807 41.1111 2.07333 0.0058907
915.03 148.446 39.7719 2.07317 0.00571718
915.776 148.152 37.6271 2.07294 0.00540313
916.521 146.644 35.9888 2.07257 0.00526715
917.266 144.178 34.825 2.07206 0.00528677
918.012 141.417 34.163 2.07153 0.00542058
918.757 138.365 33.9777 2.07096 0.00567683
919.502 135.975 34.0501 2.07053 0.0059309
920.248 134.351 34.4778 2.07027 0.00618608
920.993 132.783 33.8461 2.06991 0.00623181
921.738 131.251 31.5524 2.06936 0.00592723
922.484 129.913 30.9187 2.06903 0.0059379
923.229 128.92 33.5591 2.06912 0.00661526
923.974 128.778 34.7614 2.06925 0.0068885
924.72 131.215 32.0552 2.06947 0.00605167
925.465 133.103 29.1624 2.06959 0.00525882
926.21 133.307 26.3324 2.06939 0.00464262
926.956 133.355 23.8035 2.0692 0.00409338
927.701 133.283 22.6226 2.06911 0.00384253
928.446 132.791 21.9726 2.06896 0.00373874
929.192 129.58 24.6855 2.06847 0.00461989
929.937 126.546 26.863 2.06799 0.00541735
930.682 125.484 26.5973 2.06773 0.00546757
931.428 124.495 26.2481 2.06747 0.00549049
932.173 124.616 23.8897 2.06728 0.00490533
932.918 124.627 21.5541 2.06708 0.00432569
933.664 122.544 22.5963 2.06666 0.00478662
934.409 120.506 23.5411 2.06624 0.00524045
935.154 118.83 21.6249 2.06561 0.00490269
935.9 117.176 19.7343 2.06497 0.00454181
936.645 116.821 20.077 2.06492 0.00467818
937.39 116.566 20.594 2.06491 0.00485523
938.136 118.178 21.3268 2.06545 0.0049009
938.881 120.1 22.1331 2.06607 0.00493022
939.626 120.543 23.8359 2.06638 0.00533887
940.372 120.66 25.7167 2.06663 0.00581731
941.117 118.492 23.9098 2.06587 0.00558778
941.862 115.905 21.5287 2.0649 0.00521325
942.608 114.994 20.1888 2.06451 0.00492471
943.353 114.507 19.1137 2.06427 0.00465946
944.098 112.282 21.5942 2.06388 0.00565258
944.844 109.335 24.839 2.06342 0.00702872
945.589 111.014 22.6942 2.06366 0.00614955
946.334 114.149 18.1326 2.06412 0.00441327
947.08 113.477 17.4589 2.06386 0.00427546
947.825 111.357 18.4893 2.06332 0.00481305
948.57 110.04 19.1234 2.06298 0.00516203
949.316 109.098 19.5841 2.06274 0.00542264
950.061 108.372 20.8376 2.06267 0.00592152
950.806 107.699 22.4898 2.06269 0.00654808
951.552 107.685 21.0173 2.0625 0.00607495
952.297 107.867 17.7576 2.06218 0.00497351
953.042 106.478 18.6896 2.06183 0.00545437
953.788 104.011 21.9713 2.06144 0.00691549
954.533 105.333 19.8698 2.06161 0.0060104
955.278 108.693 13.509 2.06209 0.00346072
956.024 107.459 12.3533 2.06158 0.00316424
956.769 103.48 14.9708 2.0604 0.0044887
957.514 102.143 15.3133 2.05995 0.00476834
958.26 102.755 14.1609 2.06007 0.00426805
959.005 103.41 13.2471 2.06024 0.0038604
959.75 104.116 12.5274 2.06045 0.00352777
960.496 103.207 14.6253 2.06033 0.00440499
961.241 100.579 18.7798 2.05987 0.00629777
961.986 99.8498 20.5827 2.05987 0.00708865
962.732 101.073 20.6243 2.06035 0.00691797
963.477 101.564 20.3364 2.0605 0.00674206
964.222 101.351 19.7584 2.06035 0.0065645
964.968 101.974 18.2887 2.06038 0.0059372
965.713 103.281 15.8706 2.06058 0.00488246
966.458 102.754 15.112 2.06031 0.00466176
967.204 100.646 15.9388 2.05962 0.0052266
967.949 98.2591 16.5269 2.05876 0.00577099
968.694 95.6782 16.8875 2.05776 0.00629029
969.44 95.0357 16.4862 2.05744 0.00621902
970.185 96.1195 15.3686 2.05776 0.00559248
970.93 95.3298 14.4814 2.05731 0.00532092
971.676 92.9155 13.8985 2.05617 0.00538774
972.421 91.7403 13.0507 2.05553 0.00515614
973.166 91.5767 11.9372 2.05532 0.00465277
973.912 91.666 11.5376 2.05533 0.00445437
974.657 92.0104 11.7789 2.05553 0.00453077
975.402 92.3346 11.9232 2.05571 0.00456275
976.148 92.6416 11.9795 2.05587 0.00455518
976.893 92.6105 11.9464 2.05587 0.00454643
977.638 92.294 11.8387 2.05572 0.00453678
978.384 92.1962 11.5779 2.05565 0.00442842
979.129 92.2689 11.1921 2.05566 0.00424066
979.874 92.4715 11.2796 2.05577 0.00426179
980.62 92.7735 11.7338 2.05598 0.00444257
981.365 91.3241 11.8209 2.05532 0.00466065
982.11 88.8011 11.6357 2.05406 0.00489328
982.856 87.3873 11.776 2.05337 0.00515926
983.601 86.6216 12.1169 2.05303 0.00544992
984.346 85.6508 11.6755 2.05246 0.0053591
985.092 84.573 10.8209 2.05175 0.00504777
985.837 84.3834 9.81585 2.05152 0.00451279
986.583 84.6322 8.69575 2.05154 0.00385256
987.328 84.5909 8.75198 2.05153 0.0038919
988.073 84.4107 9.38121 2.05152 0.00427223
988.818 84.5887 10.3194 2.05175 0.00477968
989.564 84.8967 11.4183 2.05209 0.00534897
990.309 85.0729 12.3107 2.05233 0.0058134
991.055 85.1907 13.1293 2.05254 0.00624026
991.8 85.3282 12.4028 2.05251 0.00582909
992.545 85.4311 11.188 2.05239 0.00515694
993.291 85.506 11.1469 2.05244 0.00512676
994.036 85.5799 11.4103 2.05253 0.00526218
994.781 85.649 11.2765 2.05256 0.00518252
995.527 85.716 11.0611 2.05258 0.00505902
996.272 85.5013 10.5191 2.0524 0.00479545
997.017 85.2375 9.9393 2.05219 0.00451334
997.763 84.3898 9.22258 2.05164 0.00422045
998.508 83.5017 8.53211 2.05105 0.00393311
999.253 83.4596 11.1699 2.05139 0.0054592
999.999 83.1836 13.9944 2.05173 0.00709985
