255.408 0.0226544 2.48075 1.25862 0.572787
256.154 0.0244807 2.56519 1.27857 0.571446
256.899 0.0256619 2.64953 1.29776 0.569631
257.644 0.0294189 2.58508 1.28246 0.569829
258.39 0.0329845 2.49768 1.2613 0.569761
259.135 -0.0123963 2.59109 1.28385 0.579393
259.88 -0.0760466 2.74677 1.32134 0.589561
260.626 -0.073721 2.78575 1.32957 0.587442
261.371 -0.0278608 2.74984 1.31954 0.578561
262.116 0.00596935 2.74446 1.31693 0.571218
262.862 0.0262482 2.77321 1.32223 0.565928
263.607 0.0410293 2.79219 1.32549 0.562182
264.353 0.0453642 2.7923 1.32504 0.561225
265.098 0.0442549 2.80416 1.32723 0.561086
265.843 0.0227527 2.8596 1.33913 0.563772
266.589 0.00653687 2.90572 1.34883 0.565378
267.334 0.052992 2.84664 1.33477 0.557917
268.079 0.0995983 2.78685 1.32084 0.549838
268.825 0.00163745 2.89528 1.34583 0.566738
269.57 -0.103808 3.01092 1.37372 0.582626
270.315 -0.0361426 3.00345 1.36842 0.569643
271.061 0.0718044 2.96805 1.35668 0.550083
271.806 0.116963 2.96334 1.35394 0.541561
272.551 0.132665 2.97302 1.35497 0.538282
273.297 0.144679 3.00011 1.35938 0.535205
274.042 0.153567 3.04142 1.36641 0.532279
274.787 0.149796 3.06325 1.37019 0.532271
275.533 0.128574 3.05795 1.36964 0.536337
276.278 0.134062 3.04948 1.36759 0.53565
277.023 0.206714 3.03293 1.36207 0.522984
277.769 0.26249 3.03143 1.36012 0.513078
278.514 0.221296 3.1137 1.37536 0.518163
279.259 0.181696 3.19312 1.38999 0.522361
280.005 0.233933 3.16076 1.38246 0.514647
280.75 0.286499 3.12804 1.37515 0.50672
281.495 0.343353 3.0903 1.36722 0.498013
282.241 0.401072 3.05151 1.35945 0.488986
282.986 0.407985 3.06483 1.36133 0.487681
283.731 0.398184 3.09525 1.36628 0.48889
284.477 0.438925 3.07608 1.36229 0.48249
285.222 0.511012 3.02603 1.35319 0.471172
285.967 0.548556 3.02321 1.35234 0.465132
286.713 0.549211 3.07071 1.35971 0.464854
287.458 0.555417 3.09865 1.36386 0.463747
288.203 0.572044 3.09077 1.3623 0.461241
288.949 0.596307 3.08209 1.36062 0.457546
289.694 0.647699 3.07066 1.35854 0.449682
290.439 0.69698 3.06211 1.35708 0.442223
291.185 0.720732 3.08518 1.3604 0.43877
291.93 0.744517 3.10835 1.36368 0.435368
292.675 0.832377 3.02887 1.35244 0.422111
293.421 0.923898 2.94281 1.34115 0.407739
294.166 0.951827 2.90982 1.33681 0.403147
294.911 0.965587 2.88872 1.33394 0.400769
295.657 1.01123 2.84987 1.3294 0.393388
296.402 1.07179 2.80241 1.32434 0.383601
297.147 1.13385 2.76869 1.3216 0.374022
297.893 1.1973 2.74633 1.32072 0.364751
298.638 1.23349 2.71222 1.31748 0.358714
299.383 1.23084 2.66184 1.31061 0.357029
300.129 1.23848 2.60123 1.30281 0.353356
300.874 1.27256 2.51433 1.2929 0.344601
301.619 1.30426 2.43212 1.28378 0.33596
302.365 1.32457 2.38053 1.27819 0.330286
303.11 1.34492 2.32817 1.27264 0.324403
303.855 1.37945 2.23989 1.26368 0.314081
304.601 1.41353 2.15091 1.25501 0.303341
305.346 1.39334 2.05678 1.2417 0.29839
306.091 1.36494 1.96219 1.22744 0.293802
306.837 1.35559 1.84344 1.21178 0.283855
307.582 1.35179 1.71608 1.1958 0.271272
308.327 1.31379 1.64896 1.18344 0.268479
309.073 1.2546 1.62071 1.17308 0.272514
309.818 1.22166 1.55513 1.16086 0.268748
310.563 1.21691 1.44797 1.14698 0.255647
311.309 1.19922 1.36202 1.1342 0.246092
312.054 1.15791 1.31753 1.12297 0.244675
312.799 1.10941 1.26722 1.10966 0.243023
313.545 1.03355 1.19408 1.08876 0.24075
314.29 0.959384 1.12128 1.06722 0.237633
315.035 0.909863 1.04305 1.04861 0.229666
315.781 0.859899 0.965305 1.02956 0.220868
316.526 0.803193 0.89605 1.00973 0.213598
317.271 0.74578 0.827856 0.989305 0.205695
318.017 0.673473 0.759707 0.964802 0.198504
318.762 0.597404 0.692154 0.93841 0.190704
319.507 0.517087 0.639857 0.911432 0.186177
320.253 0.434836 0.595424 0.883387 0.183193
320.998 0.358477 0.554532 0.855985 0.179842
321.743 0.28729 0.516706 0.829169 0.176142
322.489 0.217484 0.481711 0.801818 0.172532
323.234 0.149721 0.450745 0.774308 0.16945
323.979 0.0819401 0.421991 0.745672 0.166601
324.725 0.0138498 0.398843 0.716102 0.165467
325.47 -0.0542944 0.376593 0.685034 0.164312
326.215 -0.123971 0.359017 0.652139 0.165045
326.961 -0.193413 0.341644 0.617477 0.165619
327.706 -0.262482 0.33294 0.582108 0.170326
328.451 -0.3313 0.324425 0.544786 0.175345
329.197 -0.394079 0.321115 0.509438 0.182714
329.942 -0.45569 0.318714 0.472971 0.190981
330.687 -0.515836 0.317593 0.435628 0.20044
331.433 -0.575315 0.316983 0.396767 0.210872
332.178 -0.63251 0.321193 0.358358 0.225106
332.923 -0.688067 0.32877 0.319961 0.242719
333.669 -0.741896 0.335979 0.280985 0.26118
334.414 -0.793677 0.342746 0.241734 0.280332
335.159 -0.842876 0.349799 0.202984 0.300581
335.905 -0.88664 0.357471 0.167617 0.321237
336.65 -0.929087 0.364712 0.13202 0.342564
337.395 -0.965822 0.370003 0.0998502 0.36134
338.141 -1.00256 0.37531 0.0666522 0.381327
338.886 -1.0401 0.380772 0.0316311 0.403126
339.631 -1.07759 0.386249 -0.00449891 0.426377
340.377 -1.1176 0.391401 -0.0447623 0.452167
341.122 -1.15783 0.396552 -0.0867442 0.479959
341.867 -1.19448 0.400561 -0.126737 0.506253
342.613 -1.23009 0.404266 -0.167035 0.53327
343.358 -1.25855 0.405543 -0.201301 0.553976
344.103 -1.28298 0.405457 -0.232341 0.571056
344.849 -1.31178 0.404176 -0.271046 0.590613
345.594 -1.34488 0.401746 -0.318068 0.613035
346.339 -1.37904 0.400759 -0.367442 0.639842
347.085 -1.41503 0.402209 -0.419492 0.673796
347.83 -1.45116 0.403789 -0.473842 0.710551
348.575 -1.48779 0.405597 -0.531109 0.750928
349.321 -1.52363 0.406356 -0.590728 0.791642
350.066 -1.55248 0.396508 -0.653154 0.807477
350.811 -1.5814 0.386747 -0.718741 0.823923
351.557 -1.61103 0.389299 -0.77311 0.866629
352.302 -1.64065 0.392434 -0.828662 0.913374
353.047 -1.67544 0.389005 -0.90761 0.956763
353.793 -1.71132 0.384422 -0.995825 1.00236
354.538 -1.75274 0.38384 -1.09699 1.07122
355.283 -1.79644 0.38531 -1.20793 1.15719
356.029 -1.83272 0.38614 -1.30731 1.23501
356.774 -1.86314 0.386381 -1.39679 1.30489
357.519 -1.89137 0.384879 -1.48912 1.36963
358.265 -1.91676 0.380906 -1.58426 1.42327
359.01 -1.9427 0.377986 -1.68474 1.48633
359.755 -1.97018 0.377403 -1.79073 1.56884
360.501 -1.99926 0.378129 -1.90595 1.67088
361.246 -2.0383 0.385571 -2.04613 1.85639
361.991 -2.07679 0.392828 -2.18931 2.06897
362.737 -2.11581 0.399399 -2.34092 2.31708
363.482 -2.15436 0.405683 -2.49086 2.60391
364.227 -2.18475 0.40887 -2.61785 2.85556
364.973 -2.21387 0.411497 -2.73871 3.12753
365.718 -2.23949 0.408655 -2.89321 3.37098
366.463 -2.26382 0.403934 -3.06758 3.62227
367.209 -2.28815 0.40567 -3.16134 3.94119
367.954 -2.31252 0.411412 -3.17781 4.31304
368.699 -2.34135 0.415187 -3.20201 4.78522
369.445 -2.37505 0.416754 -3.21621 5.39971
370.19 -2.40912 0.417954 -3.14668 6.10171
370.935 -2.44405 0.418666 -2.95482 6.90087
371.681 -2.47708 0.419259 -2.61129 7.70851
372.426 -2.50303 0.420123 -2.19279 8.34034
373.171 -2.52833 0.42062 -1.66454 8.93471
373.917 -2.54514 0.417844 -1.31099 9.37207
374.662 -2.56193 0.415014 -0.89162 9.79445
375.407 -2.58344 0.412544 -0.231745 10.2587
376.153 -2.60528 0.410025 0.541398 10.6413
376.898 -2.63748 0.411063 1.84823 10.7916
377.643 -2.67233 0.412865 3.24397 10.5639
378.389 -2.7086 0.414766 4.52301 9.98111
379.134 -2.74561 0.416654 5.55036 9.14569
379.879 -2.7771 0.418773 6.16612 8.33373
380.625 -2.80368 0.421135 6.50872 7.63664
381.37 -2.82884 0.422055 6.75184 7.01812
382.116 -2.85177 0.42079 6.94063 6.49632
382.861 -2.8723 0.418784 7.06996 6.05289
383.606 -2.88587 0.414726 7.18181 5.78094
384.352 -2.90126 0.411289 7.26058 5.47331
385.097 -2.92955 0.412348 7.21769 4.93193
385.842 -2.95787 0.413385 7.13527 4.45207
386.587 -2.99403 0.411855 7.0353 3.90708
387.333 -3.03031 0.410278 6.89845 3.43657
388.078 -3.06495 0.412082 6.71286 3.06662
388.824 -3.09933 0.414469 6.52311 2.75549
389.569 -3.1308 0.414089 6.37424 2.49825
390.314 -3.16113 0.412628 6.23974 2.27535
391.06 -3.18416 0.409958 6.14818 2.1182
391.805 -3.20199 0.406423 6.08587 2.00091
392.55 -3.22111 0.404893 6.00571 1.89295
393.296 -3.24185 0.405835 5.90708 1.79536
394.041 -3.26383 0.407159 5.80499 1.70094
394.786 -3.28856 0.409314 5.6923 1.60547
395.532 -3.31482 0.410318 5.58378 1.5077
396.277 -3.34813 0.405982 5.47287 1.37348
397.022 -3.38141 0.401997 5.36425 1.25489
397.768 -3.41425 0.405259 5.24081 1.17472
398.513 -3.44707 0.408532 5.12536 1.10267
399.258 -3.4736 0.407069 5.04729 1.03791
400.004 -3.49949 0.405139 4.97511 0.978213
400.749 -3.52086 0.405097 4.91456 0.937492
401.494 -3.54091 0.405614 4.85871 0.903322
402.24 -3.55925 0.406733 4.80817 0.875755
402.985 -3.57664 0.408195 4.76115 0.852113
403.73 -3.59772 0.406601 4.71141 0.815623
404.476 -3.62244 0.401999 4.65888 0.768152
405.221 -3.64889 0.399351 4.60075 0.725874
405.966 -3.67833 0.400033 4.53345 0.690062
406.712 -3.7094 0.401128 4.46517 0.655713
407.457 -3.74589 0.403554 4.38758 0.620441
408.202 -3.78134 0.405595 4.31673 0.588445
408.948 -3.80784 0.404046 4.26962 0.561132
409.693 -3.83432 0.40251 4.22415 0.535517
410.438 -3.85995 0.402913 4.17998 0.515518
411.184 -3.88554 0.403395 4.1374 0.496797
411.929 -3.90659 0.40503 4.10271 0.484528
412.674 -3.92671 0.406903 4.07036 0.473862
413.42 -3.94618 0.406181 4.04184 0.460089
414.165 -3.96535 0.404321 4.01525 0.44536
414.91 -3.98955 0.403664 3.98108 0.429592
415.656 -4.01768 0.403955 3.94175 0.413424
416.401 -4.04669 0.403011 3.90336 0.395936
417.146 -4.07688 0.4004 3.86566 0.376579
417.892 -4.10819 0.399605 3.82682 0.360079
418.637 -4.14231 0.40322 3.78377 0.348527
419.382 -4.1754 0.406407 3.74395 0.337606
420.128 -4.20317 0.407295 3.71277 0.3271
420.873 -4.23081 0.408191 3.68271 0.317154
421.618 -4.25422 0.409347 3.65799 0.309709
422.364 -4.27761 0.410502 3.63394 0.302554
423.109 -4.29758 0.408133 3.61535 0.293419
423.854 -4.31711 0.405318 3.59774 0.284323
424.6 -4.338 0.406393 3.5777 0.278844
425.345 -4.35933 0.40875 3.55724 0.274608
426.09 -4.38468 0.408645 3.53436 0.266826
426.836 -4.41252 0.407017 3.51032 0.257176
427.581 -4.44092 0.406824 3.486 0.249054
428.326 -4.4699 0.408163 3.4614 0.242424
429.072 -4.50064 0.409086 3.4362 0.23523
429.817 -4.5347 0.409233 3.40931 0.226841
430.562 -4.56796 0.410051 3.38375 0.219601
431.308 -4.59842 0.413326 3.3605 0.215245
432.053 -4.62817 0.416544 3.33848 0.211176
432.798 -4.65015 0.419199 3.32275 0.208667
433.544 -4.67212 0.421849 3.30737 0.206217
434.289 -4.69484 0.418722 3.29309 0.199689
435.034 -4.71759 0.415263 3.27911 0.193148
435.78 -4.74002 0.414841 3.26496 0.188899
436.525 -4.76235 0.41513 3.251 0.18526
437.27 -4.78516 0.415254 3.23704 0.181529
438.016 -4.80818 0.415298 3.22324 0.177819
438.761 -4.83459 0.416163 3.2075 0.1741
439.506 -4.86385 0.417721 3.19029 0.170409
440.252 -4.89353 0.419267 3.17326 0.166768
440.997 -4.92384 0.420795 3.15631 0.163139
441.742 -4.95424 0.422147 3.13977 0.159529
442.488 -4.98494 0.423037 3.12354 0.155752
443.233 -5.01557 0.423961 3.10775 0.15214
443.978 -5.04598 0.425109 3.09243 0.148806
444.724 -5.07631 0.426255 3.07752 0.145596
445.469 -5.09587 0.427307 3.06825 0.143924
446.214 -5.11542 0.428359 3.05914 0.142286
446.96 -5.13814 0.425941 3.04909 0.138604
447.705 -5.16132 0.423007 3.03906 0.134724
448.45 -5.18599 0.420936 3.02839 0.131173
449.196 -5.21116 0.419179 3.01763 0.127809
449.941 -5.23635 0.420172 3.00675 0.12577
450.686 -5.26153 0.422988 2.99586 0.124581
451.432 -5.28821 0.425028 2.98461 0.122916
452.177 -5.31661 0.426183 2.97297 0.120735
452.922 -5.34582 0.427132 2.96124 0.118447
453.668 -5.37673 0.427673 2.94912 0.115891
454.413 -5.40664 0.428536 2.93762 0.113641
455.158 -5.4327 0.43071 2.92772 0.112339
455.904 -5.45882 0.432965 2.91797 0.111091
456.649 -5.48625 0.436513 2.90779 0.110229
457.394 -5.51365 0.440051 2.89781 0.109379
458.14 -5.53784 0.437989 2.88968 0.106815
458.885 -5.56176 0.435505 2.88179 0.10419
459.63 -5.58301 0.431287 2.87511 0.10125
460.376 -5.60355 0.426628 2.86878 0.0982815
461.121 -5.6276 0.427493 2.86089 0.0969922
461.866 -5.65342 0.431183 2.8523 0.0965407
462.612 -5.67567 0.433406 2.84515 0.0958816
463.357 -5.69473 0.434316 2.83925 0.0950462
464.102 -5.71869 0.434207 2.83191 0.0935292
464.848 -5.75025 0.432527 2.82239 0.0910009
465.593 -5.77979 0.431726 2.81361 0.0889654
466.338 -5.80366 0.433436 2.80655 0.0881421
467.084 -5.82736 0.43486 2.79966 0.0872578
467.829 -5.85011 0.434297 2.79328 0.0858629
468.574 -5.87283 0.433734 2.787 0.0844992
469.32 -5.90322 0.435006 2.77847 0.0832104
470.065 -5.93364 0.436291 2.77009 0.0819562
470.81 -5.96118 0.440025 2.76251 0.0815895
471.556 -5.9882 0.444161 2.75517 0.0813646
472.301 -6.0138 0.445853 2.74847 0.0805625
473.046 -6.03883 0.446603 2.74209 0.0795578
473.792 -6.06173 0.446489 2.7364 0.0784678
474.537 -6.08314 0.445772 2.7312 0.0773256
475.282 -6.10577 0.445621 2.72573 0.076284
476.028 -6.12985 0.44615 2.71991 0.0753563
476.773 -6.15519 0.447525 2.71381 0.0745912
477.518 -6.18325 0.450701 2.70704 0.0741417
478.264 -6.21092 0.453109 2.70051 0.0735317
479.009 -6.23698 0.452182 2.69463 0.0722173
479.754 -6.26282 0.451207 2.68888 0.0709325
480.5 -6.28495 0.449335 2.68411 0.0696447
481.245 -6.30706 0.447466 2.67941 0.0683835
481.99 -6.33302 0.451178 2.67362 0.0682379
482.736 -6.35929 0.455381 2.66782 0.0681852
483.481 -6.38791 0.457427 2.66168 0.0675456
484.226 -6.41716 0.458873 2.65553 0.06676
484.972 -6.44122 0.460088 2.65059 0.0661667
485.717 -6.46247 0.461177 2.64631 0.0656771
486.462 -6.48505 0.460464 2.64188 0.0647604
487.208 -6.50886 0.45806 2.63731 0.0634585
487.953 -6.53349 0.457751 2.63253 0.0625785
488.698 -6.55948 0.460832 2.62741 0.0623468
489.444 -6.5841 0.462964 2.62266 0.0619811
490.189 -6.60461 0.462235 2.61889 0.061215
490.934 -6.62596 0.461921 2.61499 0.0605103
491.68 -6.65393 0.464855 2.60971 0.0601944
492.425 -6.68188 0.467778 2.60452 0.059881
493.17 -6.7084 0.467696 2.59977 0.0590581
493.916 -6.73487 0.467549 2.5951 0.0582415
494.661 -6.75948 0.467761 2.59082 0.0575721
495.406 -6.78374 0.468038 2.58664 0.0569385
496.152 -6.81207 0.466137 2.58186 0.0557861
496.897 -6.84204 0.463359 2.57687 0.0544497
497.642 -6.86918 0.464967 2.57231 0.0540018
498.388 -6.89425 0.469776 2.56805 0.0541799
499.133 -6.91767 0.475108 2.56411 0.0544927
499.878 -6.93904 0.481101 2.56054 0.0549738
500.624 -6.96088 0.483628 2.55703 0.0548479
501.369 -6.98381 0.478432 2.55363 0.0534092
502.115 -7.00758 0.474317 2.55008 0.0521477
502.86 -7.03542 0.475249 2.54575 0.0516066
503.605 -7.06279 0.476032 2.54156 0.0510651
504.35 -7.08017 0.473456 2.5391 0.05029
505.096 -7.09755 0.470884 2.53666 0.0495257
505.841 -7.12425 0.473719 2.53262 0.0493539
506.587 -7.15189 0.477098 2.52847 0.0492408
507.332 -7.17564 0.479223 2.525 0.0490434
508.077 -7.19824 0.480977 2.52175 0.0488232
508.823 -7.22269 0.480791 2.51831 0.0482652
509.568 -7.24816 0.479512 2.51478 0.0475273
510.313 -7.27321 0.480126 2.5113 0.0470909
511.059 -7.29782 0.482592 2.50787 0.04694
511.804 -7.32641 0.482903 2.50397 0.0463802
512.549 -7.36173 0.479577 2.49925 0.04515
513.294 -7.39333 0.478084 2.49507 0.0442951
514.04 -7.41306 0.482461 2.49244 0.0445494
514.785 -7.43372 0.487006 2.48969 0.0447988
515.531 -7.46252 0.493079 2.48584 0.0450541
516.276 -7.4913 0.499132 2.48203 0.0452983
517.021 -7.50934 0.493852 2.47995 0.0442875
517.767 -7.52702 0.488213 2.47795 0.0432503
518.512 -7.55318 0.480941 2.47488 0.041824
519.257 -7.581 0.473362 2.47162 0.0403492
520.003 -7.60023 0.473595 2.46934 0.0400832
520.748 -7.61578 0.477155 2.46747 0.0403212
521.493 -7.63692 0.486567 2.46478 0.041177
522.239 -7.66234 0.500428 2.46148 0.0424806
522.984 -7.68528 0.506999 2.45867 0.0429074
523.729 -7.705 0.504047 2.45649 0.0422259
524.475 -7.72646 0.500816 2.45412 0.0414825
525.22 -7.75206 0.496925 2.45128 0.0405851
525.965 -7.77878 0.493837 2.44832 0.0397767
526.711 -7.81128 0.494786 2.44462 0.0393463
527.456 -7.8434 0.495734 2.44101 0.0389311
528.201 -7.86468 0.496828 2.43869 0.0387475
528.947 -7.88594 0.497919 2.4364 0.0385656
529.692 -7.91478 0.493407 2.43336 0.037606
530.437 -7.94447 0.488259 2.43027 0.0365778
531.183 -7.97383 0.496421 2.42701 0.0370563
531.928 -8.00307 0.508702 2.42373 0.037977
532.673 -8.02714 0.512064 2.4212 0.0379996
533.419 -8.04815 0.510158 2.41913 0.0375063
534.164 -8.07459 0.506478 2.41651 0.0367337
534.909 -8.10659 0.500992 2.41336 0.0356874
535.655 -8.13353 0.498318 2.41073 0.0350412
536.4 -8.15154 0.500626 2.40897 0.0350719
537.145 -8.17105 0.503292 2.40706 0.0351138
537.891 -8.19571 0.507196 2.40461 0.0351966
538.636 -8.22008 0.510842 2.40222 0.0352552
539.381 -8.2417 0.512016 2.40017 0.0351068
540.127 -8.2633 0.513187 2.39814 0.0349597
540.872 -8.28457 0.517727 2.3961 0.0351543
541.617 -8.3058 0.522407 2.39407 0.0353595
542.363 -8.32343 0.51497 2.39261 0.0344296
543.108 -8.34028 0.504936 2.39127 0.0332678
543.853 -8.36829 0.503133 2.38872 0.0327503
544.599 -8.40131 0.505044 2.38567 0.0325233
545.344 -8.42728 0.507749 2.3833 0.0324779
546.089 -8.44759 0.511093 2.38148 0.0325748
546.835 -8.47024 0.513186 2.37947 0.0325185
547.58 -8.49612 0.513556 2.37721 0.0322561
548.325 -8.52423 0.516068 2.37472 0.032162
549.071 -8.55795 0.523915 2.37168 0.0324731
549.816 -8.59066 0.530312 2.36878 0.0326596
550.561 -8.61789 0.528754 2.36651 0.0322108
551.307 -8.64503 0.527111 2.36427 0.0317626
552.052 -8.66845 0.520491 2.36245 0.0309359
552.797 -8.69184 0.513885 2.36063 0.0301219
553.543 -8.71843 0.513694 2.35847 0.0298314
554.288 -8.74541 0.51435 2.35629 0.0296122
555.033 -8.7699 0.521731 2.35424 0.0299971
555.779 -8.79355 0.531351 2.35226 0.0305738
556.524 -8.81932 0.531188 2.35024 0.0302978
557.269 -8.8464 0.524904 2.3482 0.0295029
558.015 -8.8708 0.526664 2.3463 0.0294129
558.76 -8.8923 0.537115 2.34455 0.030067
559.505 -8.91315 0.54167 2.34293 0.0302425
560.251 -8.93279 0.535093 2.34156 0.0295352
560.996 -8.95279 0.529283 2.34015 0.0288928
561.741 -8.97414 0.526305 2.33861 0.0284666
562.487 -8.99524 0.523872 2.3371 0.0280912
563.232 -9.01359 0.527934 2.33573 0.0282616
563.977 -9.03193 0.531988 2.33437 0.0284292
564.723 -9.05953 0.540474 2.33225 0.02883
565.468 -9.08766 0.549205 2.33011 0.0292352
566.213 -9.11215 0.54685 2.32839 0.0288319
566.959 -9.13576 0.541869 2.32678 0.0282453
567.704 -9.15726 0.539363 2.32531 0.0278753
568.449 -9.17775 0.538056 2.32391 0.0276103
569.195 -9.20256 0.535947 2.3222 0.0272415
569.94 -9.23105 0.533155 2.32025 0.0267878
570.685 -9.26228 0.52871 2.31813 0.0261918
571.431 -9.29755 0.521839 2.31576 0.0253894
572.176 -9.32797 0.52174 2.31369 0.0251341
572.921 -9.34541 0.539896 2.31238 0.0263086
573.667 -9.36495 0.555464 2.31095 0.0272645
574.412 -9.39773 0.554645 2.30877 0.0269209
575.157 -9.43046 0.553826 2.30661 0.0265832
575.903 -9.46621 0.550188 2.3043 0.0260272
576.648 -9.50189 0.546562 2.30201 0.0254827
577.393 -9.52311 0.544778 2.3007 0.0252104
578.139 -9.54208 0.543279 2.29955 0.0249814
578.884 -9.56125 0.542986 2.29838 0.0248332
579.629 -9.58048 0.543135 2.29721 0.0247149
580.375 -9.60545 0.547542 2.29562 0.0248252
581.12 -9.63427 0.554807 2.29377 0.0250843
581.865 -9.65755 0.561855 2.29229 0.0253764
582.611 -9.67441 0.568666 2.29124 0.0257094
583.356 -9.69241 0.574951 2.29013 0.0259943
584.101 -9.71273 0.580169 2.28888 0.0261854
584.847 -9.73504 0.582215 2.28755 0.0261537
585.592 -9.76566 0.571056 2.28582 0.0252119
586.337 -9.79545 0.56025 2.28415 0.024314
587.083 -9.81229 0.554622 2.28325 0.0238634
587.828 -9.82912 0.549002 2.28235 0.023417
588.573 -9.85219 0.547523 2.28104 0.0231771
589.319 -9.87575 0.546387 2.27971 0.0229566
590.064 -9.9023 0.547878 2.27817 0.0228735
590.809 -9.92963 0.550065 2.2766 0.0228267
591.555 -9.95696 0.555599 2.27501 0.0229805
592.3 -9.98427 0.562889 2.27342 0.0232358
593.045 -10.0091 0.570173 2.27198 0.0235067
593.791 -10.0318 0.577454 2.27069 0.0237921
594.536 -10.0564 0.579154 2.26933 0.0237317
595.281 -10.0842 0.571952 2.26787 0.0231301
596.027 -10.1148 0.567527 2.26624 0.0226745
596.772 -10.1536 0.571389 2.26409 0.022632
597.517 -10.1895 0.574053 2.26213 0.0225452
598.263 -10.2029 0.56763 2.26152 0.0221236
599.008 -10.2164 0.561214 2.26091 0.0217049
599.753 -10.2452 0.563238 2.25938 0.0216439
600.499 -10.2743 0.565425 2.25785 0.0215902
601.244 -10.3043 0.573194 2.25623 0.0218346
601.989 -10.3346 0.581958 2.25461 0.0221273
602.735 -10.3595 0.58244 2.25336 0.0220089
603.48 -10.3822 0.579555 2.25225 0.0217274
604.225 -10.4022 0.584128 2.25123 0.0218657
604.971 -10.4202 0.59419 2.25029 0.0223078
605.716 -10.4434 0.594962 2.24915 0.0222171
606.461 -10.4732 0.583977 2.24775 0.0214641
607.207 -10.4996 0.578246 2.2465 0.0210182
607.952 -10.5182 0.584382 2.24558 0.0212446
608.697 -10.5355 0.586559 2.24476 0.0212749
609.443 -10.5458 0.569561 2.24443 0.0203675
610.188 -10.5568 0.553653 2.24406 0.0195148
610.933 -10.5877 0.566822 2.24248 0.020023
611.679 -10.6185 0.579941 2.24091 0.0205203
612.424 -10.647 0.58328 2.23953 0.0205343
613.169 -10.6753 0.585536 2.23819 0.0204955
613.915 -10.6893 0.593754 2.23752 0.0208473
614.66 -10.699 0.603792 2.23706 0.0213161
615.405 -10.721 0.599531 2.23608 0.0209932
616.151 -10.7503 0.586939 2.23481 0.0202184
616.896 -10.7816 0.584503 2.23338 0.0199341
617.641 -10.8149 0.592335 2.2318 0.0201349
618.387 -10.8475 0.596262 2.2303 0.0201503
619.132 -10.8787 0.593327 2.22891 0.0198483
619.878 -10.9047 0.590723 2.22778 0.019598
620.623 -10.913 0.589228 2.22747 0.0195108
621.368 -10.9238 0.588731 2.22705 0.0194559
622.113 -10.9585 0.598176 2.22545 0.0197178
622.859 -10.9932 0.60758 2.22386 0.0199731
623.604 -11.0312 0.606824 2.2222 0.0197385
624.349 -11.0693 0.605604 2.22055 0.0194859
625.095 -11.0907 0.597475 2.21971 0.0190249
625.84 -11.1085 0.587854 2.21904 0.0185218
626.586 -11.1284 0.587461 2.21822 0.0184228
627.331 -11.1494 0.591282 2.21734 0.0185064
628.076 -11.1817 0.594147 2.21597 0.0184824
628.822 -11.2231 0.59623 2.21421 0.0183726
629.567 -11.2551 0.601975 2.21286 0.0184757
630.312 -11.2739 0.612861 2.21206 0.0188731
631.057 -11.2896 0.620378 2.21141 0.0191391
631.803 -11.2976 0.61932 2.21114 0.0190791
632.548 -11.3088 0.617875 2.21075 0.0189848
633.294 -11.3384 0.614167 2.20957 0.0186909
634.039 -11.368 0.610553 2.20841 0.0184049
634.784 -11.3956 0.614538 2.20729 0.0184522
635.53 -11.4232 0.618508 2.20619 0.0184981
636.275 -11.4526 0.621641 2.20502 0.0184988
637.02 -11.4822 0.624645 2.20385 0.0184926
637.766 -11.5042 0.619262 2.20304 0.018183
638.511 -11.5236 0.61096 2.20236 0.0177707
639.256 -11.5423 0.611903 2.20166 0.0177412
640.002 -11.5606 0.618842 2.20095 0.0179569
640.747 -11.5866 0.620027 2.19996 0.0178984
641.492 -11.6213 0.614772 2.19867 0.0175381
642.238 -11.6474 0.612886 2.1977 0.0173595
642.983 -11.6567 0.617624 2.19738 0.0175294
643.728 -11.6659 0.621767 2.19706 0.017675
644.474 -11.6752 0.623549 2.19675 0.0177265
645.219 -11.6864 0.625692 2.19636 0.017782
645.964 -11.7256 0.632945 2.19485 0.017896
646.71 -11.7646 0.64016 2.19336 0.0180062
647.455 -11.7991 0.639191 2.1921 0.0178226
648.2 -11.8331 0.637619 2.19087 0.0176202
648.946 -11.8529 0.625152 2.19024 0.0170758
649.691 -11.869 0.609912 2.18977 0.0164476
650.436 -11.8884 0.601155 2.18914 0.0160533
651.182 -11.9095 0.595723 2.18843 0.0157796
651.927 -11.943 0.603251 2.18721 0.0159376
652.672 -11.9877 0.622357 2.18552 0.0164707
653.418 -12.0246 0.636192 2.18416 0.0168359
654.163 -12.0494 0.641956 2.18329 0.016957
654.908 -12.0727 0.64548 2.18249 0.0170025
655.654 -12.0917 0.64256 2.18188 0.0168348
656.399 -12.1103 0.638799 2.18129 0.0166394
657.144 -12.1268 0.628931 2.1808 0.0162357
657.89 -12.1432 0.619078 2.18031 0.015835
658.635 -12.1965 0.629265 2.17843 0.0159909
659.38 -12.2501 0.639647 2.17656 0.0161477
660.126 -12.2746 0.642256 2.17576 0.0161566
660.871 -12.2941 0.643518 2.17513 0.0161404
661.616 -12.3074 0.646113 2.17472 0.0161968
662.362 -12.3183 0.649232 2.17439 0.0162814
663.107 -12.3337 0.657398 2.17388 0.0165193
663.852 -12.3524 0.669165 2.17325 0.0168645
664.598 -12.3764 0.668409 2.17249 0.0167567
665.343 -12.4067 0.652267 2.17159 0.0161006
666.088 -12.4382 0.64511 2.17061 0.01575
666.834 -12.4722 0.657532 2.16948 0.0160482
667.579 -12.5008 0.667439 2.16854 0.0162812
668.324 -12.5047 0.665993 2.16848 0.0162395
669.07 -12.5089 0.664112 2.1684 0.0161821
669.815 -12.52 0.652679 2.16813 0.0157795
670.56 -12.5312 0.641257 2.16787 0.0153787
671.306 -12.5752 0.633014 2.16651 0.0149552
672.051 -12.6223 0.625132 2.16506 0.0145382
672.796 -12.6574 0.635811 2.16394 0.0147722
673.542 -12.6889 0.651823 2.16292 0.0151871
674.287 -12.7092 0.654677 2.16231 0.0152208
675.032 -12.7233 0.650164 2.16193 0.015044
675.778 -12.7338 0.651684 2.16165 0.0150732
676.523 -12.7409 0.659095 2.16145 0.0153023
677.268 -12.7552 0.663898 2.16103 0.0154202
678.014 -12.7815 0.664288 2.16025 0.0153513
678.759 -12.8139 0.665217 2.15929 0.0152766
679.504 -12.8657 0.667875 2.15772 0.015182
680.25 -12.9129 0.669679 2.15631 0.0150797
680.995 -12.9214 0.664209 2.15612 0.0149009
681.74 -12.9299 0.658742 2.15594 0.0147228
682.486 -12.9359 0.662527 2.15579 0.0148367
683.231 -12.9418 0.666613 2.15565 0.0149598
683.976 -12.9776 0.649545 2.15467 0.0143304
684.722 -13.0192 0.628382 2.15354 0.0135654
685.467 -13.0476 0.627893 2.15274 0.0134742
686.212 -13.0703 0.636201 2.15209 0.013665
686.958 -13.1049 0.64962 2.15106 0.0139642
687.703 -13.1487 0.666887 2.14977 0.01434
688.448 -13.1843 0.677836 2.14874 0.0145544
689.194 -13.2091 0.680586 2.14806 0.0145662
689.939 -13.2281 0.682474 2.14755 0.0145732
690.684 -13.2336 0.682355 2.14744 0.0145695
691.43 -13.2453 0.682618 2.14715 0.014555
692.175 -13.2886 0.684802 2.14595 0.0144856
692.92 -13.3315 0.686626 2.14478 0.0144083
693.666 -13.3638 0.67761 2.14394 0.0140624
694.411 -13.396 0.668627 2.14312 0.0137215
695.156 -13.4223 0.662315 2.14245 0.0134779
695.902 -13.4478 0.656323 2.14181 0.0132476
696.647 -13.4596 0.651523 2.14154 0.0130954
697.392 -13.4671 0.647091 2.1414 0.0129672
698.138 -13.4756 0.637227 2.14124 0.0126863
698.883 -13.4846 0.624179 2.14108 0.0123165
699.628 -13.5086 0.630488 2.14045 0.0124362
700.374 -13.5478 0.656299 2.13934 0.0130411
701.119 -13.5822 0.678964 2.13838 0.0135669
701.864 -13.608 0.696274 2.13767 0.0139691
702.61 -13.6311 0.708224 2.13706 0.0142328
703.355 -13.6447 0.702427 2.13676 0.0140506
704.1 -13.6555 0.698003 2.13653 0.0139146
704.846 -13.6409 0.706295 2.13694 0.0142009
705.591 -13.6263 0.714615 2.13735 0.0144894
706.336 -13.6724 0.699747 2.13622 0.0139586
707.082 -13.7206 0.684112 2.13503 0.0134089
707.827 -13.7734 0.665356 2.13374 0.0127726
708.572 -13.8271 0.64608 2.13244 0.0121316
709.318 -13.8602 0.644756 2.13164 0.0120208
710.063 -13.8845 0.651127 2.13104 0.0121333
710.808 -13.8852 0.661262 2.13103 0.0124079
711.554 -13.8678 0.674335 2.13149 0.0128106
712.299 -13.8666 0.676664 2.13156 0.0128905
713.044 -13.8864 0.6649 2.13112 0.0125465
713.79 -13.9153 0.659465 2.13044 0.012341
714.535 -13.9653 0.66865 2.12919 0.0124494
715.28 -14.0156 0.678692 2.12794 0.012576
716.026 -14.0681 0.693199 2.12663 0.0128044
716.771 -14.119 0.707249 2.12537 0.0130217
717.516 -14.1285 0.711945 2.12517 0.0131254
718.262 -14.138 0.716637 2.12496 0.0132287
719.007 -14.1209 0.69484 2.12548 0.0127572
719.752 -14.101 0.670158 2.12609 0.0122187
720.498 -14.1306 0.656068 2.12544 0.0118063
721.243 -14.1748 0.645171 2.12442 0.0114386
721.988 -14.218 0.636669 2.12343 0.0111364
722.734 -14.2607 0.62952 2.12246 0.0108722
723.479 -14.2973 0.634559 2.12161 0.010918
724.224 -14.3282 0.651277 2.12087 0.0112553
724.97 -14.3505 0.658683 2.12036 0.0113897
725.715 -14.3589 0.650826 2.12023 0.0111972
726.46 -14.3671 0.651448 2.12007 0.0112062
727.206 -14.3748 0.678018 2.11986 0.011829
727.951 -14.3839 0.704132 2.11962 0.0124354
728.696 -14.4031 0.726808 2.11915 0.0129306
729.442 -14.4223 0.749434 2.11867 0.013421
730.187 -14.4873 0.737636 2.11723 0.0129795
730.932 -14.5527 0.725387 2.1158 0.0125351
731.678 -14.591 0.71648 2.11499 0.0122454
732.423 -14.6246 0.708169 2.11429 0.0119844
733.168 -14.6435 0.702401 2.11392 0.0118204
733.914 -14.6567 0.697607 2.11367 0.0116932
734.659 -14.6634 0.695542 2.11356 0.0116439
735.404 -14.6657 0.695355 2.11355 0.0116479
736.15 -14.6733 0.688098 2.11344 0.0114797
736.895 -14.6873 0.672611 2.1132 0.0111122
737.641 -14.7126 0.660641 2.1127 0.0107984
738.386 -14.7607 0.655748 2.11168 0.0105925
739.131 -14.805 0.658505 2.11073 0.0105664
739.876 -14.8348 0.691363 2.11004 0.0112318
740.622 -14.8622 0.722565 2.1094 0.0118598
741.367 -14.8594 0.734002 2.10947 0.0121289
742.112 -14.8565 0.745454 2.10954 0.0123985
742.858 -14.8546 0.744359 2.10962 0.0123927
743.603 -14.8527 0.742497 2.10971 0.01237
744.349 -14.8797 0.730265 2.10919 0.0120495
745.094 -14.9132 0.715703 2.10854 0.0116654
745.839 -14.958 0.685628 2.10768 0.0109263
746.584 -15.0079 0.648574 2.10673 0.0100372
747.33 -15.0508 0.645388 2.10586 0.00989219
748.075 -15.0879 0.669114 2.10507 0.0103265
748.82 -15.1141 0.67888 2.10453 0.0104874
749.566 -15.1255 0.669995 2.10435 0.0102894
750.311 -15.1276 0.663494 2.10435 0.0101616
751.057 -15.1074 0.662595 2.10481 0.0101977
751.802 -15.0964 0.663411 2.10508 0.0102504
752.547 -15.1308 0.67258 2.10437 0.0103814
753.293 -15.1658 0.681138 2.10366 0.0104966
754.038 -15.2184 0.676656 2.10262 0.0103041
754.783 -15.2707 0.672203 2.10159 0.0101154
755.529 -15.3018 0.66374 2.10101 0.0098913
756.274 -15.3309 0.654928 2.10047 0.00966616
757.019 -15.3582 0.658347 2.09995 0.00969279
757.765 -15.3851 0.66506 2.09943 0.00978616
758.51 -15.4044 0.683688 2.09904 0.010132
759.255 -15.42 0.708448 2.09871 0.0106059
760.001 -15.4288 0.703403 2.09858 0.0104983
760.746 -15.4319 0.67219 2.09861 0.00988181
761.491 -15.4538 0.667625 2.09822 0.00975929
762.237 -15.5029 0.701952 2.09721 0.0103508
762.982 -15.55 0.722015 2.09628 0.010658
763.727 -15.5922 0.705836 2.09553 0.0102674
764.473 -15.6334 0.692812 2.09479 0.00994435
765.218 -15.6697 0.696787 2.09412 0.00996098
765.963 -15.7049 0.700122 2.09347 0.00996703
766.709 -15.7071 0.681273 2.09349 0.00961393
767.454 -15.7094 0.66242 2.09352 0.0092607
768.199 -15.7027 0.650805 2.0937 0.00906194
768.945 -15.695 0.639966 2.0939 0.00887921
769.69 -15.7016 0.647362 2.09379 0.00901973
770.435 -15.7124 0.660006 2.0936 0.00925262
771.181 -15.7456 0.662683 2.09299 0.00925342
771.926 -15.7908 0.660039 2.09217 0.009132
772.671 -15.8435 0.66262 2.09121 0.0090966
773.417 -15.9027 0.669837 2.09012 0.0091358
774.162 -15.9372 0.678678 2.0895 0.00924821
774.907 -15.935 0.69002 2.08955 0.0094718
775.653 -15.9351 0.689894 2.08958 0.00947992
776.398 -15.9407 0.660001 2.08956 0.00892871
777.143 -15.945 0.635249 2.08956 0.00847488
777.889 -15.9424 0.638601 2.08963 0.00855144
778.634 -15.94 0.64218 2.0897 0.00863182
779.379 -15.9447 0.652627 2.08963 0.00882672
780.125 -15.9495 0.663075 2.08955 0.00902128
780.87 -16.0127 0.653823 2.08844 0.00875256
781.615 -16.0816 0.642684 2.08724 0.00844509
782.361 -16.1397 0.65393 2.0862 0.00856156
783.106 -16.1949 0.671146 2.08522 0.00878681
783.851 -16.2159 0.646747 2.08492 0.00832913
784.597 -16.2199 0.601255 2.08495 0.00752645
785.342 -16.2217 0.622457 2.08491 0.00790919
786.087 -16.2221 0.700224 2.08481 0.00929521
786.833 -16.2199 0.733627 2.08482 0.00989975
787.578 -16.2136 0.705604 2.08501 0.00942483
788.323 -16.2184 0.687164 2.08498 0.00909958
789.069 -16.2491 0.691323 2.08446 0.00913006
789.814 -16.2873 0.697207 2.08381 0.00917765
790.559 -16.3601 0.71107 2.08255 0.00930379
791.305 -16.4304 0.722312 2.08135 0.00938592
792.05 -16.4665 0.692844 2.08081 0.00883024
792.795 -16.5026 0.663519 2.08027 0.00828233
793.541 -16.5049 0.645808 2.08028 0.00798702
794.286 -16.505 0.628861 2.08034 0.00770803
795.031 -16.4872 0.647967 2.08064 0.00806915
795.777 -16.4654 0.675218 2.081 0.00857745
796.522 -16.4658 0.662028 2.08104 0.00836055
797.267 -16.4758 0.631367 2.08094 0.00783043
798.013 -16.5292 0.635466 2.08006 0.00783016
798.758 -16.6136 0.664459 2.07862 0.00820093
799.503 -16.673 0.67695 2.07764 0.00832742
800.249 -16.7035 0.670514 2.07717 0.00818349
800.994 -16.7381 0.674355 2.07662 0.00820361
801.739 -16.7806 0.697702 2.07592 0.00853032
802.485 -16.8164 0.704833 2.07535 0.00860006
803.23 -16.8293 0.656899 2.07524 0.00781085
803.975 -16.838 0.61476 2.07519 0.00712345
804.721 -16.8102 0.619486 2.07566 0.00724631
805.466 -16.7823 0.624242 2.07614 0.00737061
806.211 -16.7931 0.690635 2.07589 0.00844823
806.957 -16.8046 0.757411 2.07562 0.00952635
807.702 -16.8553 0.753944 2.07484 0.00939443
808.447 -16.9113 0.740684 2.07398 0.00909858
809.193 -16.9576 0.717804 2.07331 0.0086688
809.938 -17.0008 0.692016 2.07268 0.00820265
810.683 -17.0309 0.691444 2.07224 0.00815815
811.429 -17.0537 0.704612 2.07188 0.0083405
812.174 -17.0735 0.708527 2.07159 0.00838105
812.919 -17.0907 0.70431 2.07136 0.00829804
813.665 -17.1044 0.692145 2.07119 0.00809626
814.41 -17.1132 0.668878 2.07111 0.00772862
815.155 -17.1242 0.65398 2.07098 0.00748934
815.901 -17.14 0.658239 2.07076 0.00754247
816.646 -17.1618 0.665188 2.07043 0.00762901
817.391 -17.2088 0.683521 2.06971 0.00785587
818.137 -17.2573 0.700089 2.06897 0.00805056
818.882 -17.3239 0.697282 2.06798 0.00792289
819.627 -17.3902 0.694498 2.06701 0.00779798
820.373 -17.4202 0.708134 2.06657 0.00796936
821.118 -17.4489 0.722288 2.06614 0.0081488
821.863 -17.445 0.71664 2.06623 0.00807791
822.609 -17.4355 0.707619 2.06641 0.00796417
823.354 -17.4268 0.686376 2.0666 0.00766631
824.099 -17.4183 0.660886 2.06678 0.00730356
824.845 -17.413 0.648397 2.0669 0.00713076
825.59 -17.4095 0.643442 2.06699 0.00706839
826.335 -17.4093 0.645806 2.06701 0.00711186
827.081 -17.4119 0.654829 2.06699 0.00725155
827.826 -17.4384 0.664802 2.0666 0.00737452
828.571 -17.4985 0.676038 2.06572 0.00747182
829.317 -17.5566 0.680997 2.06488 0.00747739
830.062 -17.611 0.671984 2.06412 0.00728367
830.807 -17.6621 0.660902 2.06341 0.00706636
831.553 -17.7013 0.641274 2.06289 0.00674273
832.298 -17.7362 0.626562 2.06243 0.00649778
833.043 -17.729 0.659852 2.06252 0.00699214
833.789 -17.7218 0.693203 2.0626 0.00748797
834.534 -17.7324 0.677642 2.06249 0.00725823
835.279 -17.7433 0.661329 2.06238 0.00701789
836.025 -17.7363 0.661117 2.06251 0.00703061
836.77 -17.7267 0.663137 2.06267 0.00707845
837.515 -17.7482 0.689537 2.06235 0.00743819
838.261 -17.7789 0.722958 2.06189 0.00788398
839.006 -17.8226 0.732119 2.06128 0.00796407
839.751 -17.8724 0.729315 2.0606 0.00786616
840.497 -17.9191 0.734183 2.05996 0.00788086
841.242 -17.9635 0.744903 2.05935 0.00797986
841.987 -17.9825 0.7779 2.05907 0.00842036
842.733 -17.9722 0.837096 2.05915 0.00926396
843.478 -17.9846 0.83783 2.059 0.009263
844.223 -18.0375 0.734283 2.05843 0.00776518
844.969 -18.0803 0.663774 2.05795 0.00674984
845.714 -18.092 0.686999 2.05778 0.00706191
846.459 -18.1067 0.708244 2.05758 0.00734223
847.205 -18.1373 0.718836 2.05717 0.00745659
847.95 -18.1658 0.731714 2.05679 0.00760356
848.695 -18.1594 0.784913 2.05683 0.00834064
849.441 -18.1532 0.8382 2.05687 0.00907909
850.186 -18.2111 0.822671 2.05613 0.00879459
850.931 -18.2718 0.804062 2.05536 0.00846907
851.677 -18.3164 0.711296 2.0549 0.00718171
852.422 -18.3591 0.606626 2.05447 0.00575086
853.167 -18.3569 0.637366 2.05449 0.00616742
853.913 -18.3407 0.711489 2.05465 0.00717576
854.658 -18.3501 0.746638 2.0545 0.00763753
855.403 -18.3725 0.761598 2.05421 0.00781449
856.149 -18.4032 0.754853 2.05383 0.00769431
856.894 -18.4402 0.731413 2.0534 0.00734851
857.639 -18.4575 0.736472 2.05318 0.00740078
858.385 -18.4527 0.773943 2.05322 0.00790331
859.13 -18.4612 0.771263 2.05314 0.00786411
859.875 -18.4924 0.701024 2.05283 0.00691712
860.621 -18.5197 0.664253 2.05254 0.00641537
861.366 -18.5363 0.713687 2.05229 0.00704525
862.112 -18.559 0.751939 2.05198 0.00752022
862.857 -18.6082 0.741231 2.05138 0.00733125
863.602 -18.653 0.732568 2.05083 0.00717537
864.347 -18.6571 0.743451 2.05079 0.00731583
865.093 -18.6612 0.754334 2.05075 0.00745611
865.838 -18.6705 0.707573 2.0507 0.00685561
866.583 -18.6799 0.660851 2.05065 0.0062563
867.329 -18.6673 0.679085 2.05081 0.00650785
868.074 -18.6524 0.703899 2.051 0.00684658
868.82 -18.6757 0.710884 2.05071 0.00691645
869.565 -18.7073 0.713901 2.05033 0.00692636
870.31 -18.7328 0.720172 2.05002 0.00698397
871.056 -18.756 0.727631 2.04974 0.00705865
871.801 -18.7879 0.722943 2.04936 0.00697075
872.546 -18.8244 0.711518 2.04894 0.00679412
873.292 -18.8586 0.700457 2.04854 0.00662599
874.037 -18.8909 0.68969 2.04817 0.00646483
874.782 -18.9045 0.683294 2.04803 0.00637756
875.528 -18.8969 0.681834 2.04814 0.00637284
876.273 -18.8972 0.689013 2.04816 0.00646748
877.018 -18.9099 0.710149 2.04799 0.00672203
877.764 -18.9235 0.719458 2.04784 0.00682874
878.509 -18.9387 0.700913 2.04769 0.00658965
879.254 -18.9543 0.685184 2.04753 0.00638558
880 -18.9716 0.679707 2.04734 0.00630663
880.745 -18.9851 0.6716 2.04721 0.00619954
881.49 -18.9726 0.645962 2.0474 0.00590198
882.236 -18.9644 0.623231 2.04755 0.00563533
882.981 -19.0372 0.657465 2.04664 0.00599341
883.726 -19.1097 0.691303 2.04575 0.00634027
884.472 -19.1607 0.686058 2.04516 0.00623308
885.217 -19.2107 0.679603 2.04458 0.00611348
885.962 -19.2298 0.65692 2.0444 0.00583063
886.708 -19.245 0.632251 2.04426 0.00552869
887.453 -19.2494 0.619785 2.04423 0.00538192
888.198 -19.2513 0.610163 2.04424 0.00527122
888.944 -19.2393 0.604396 2.04441 0.00521796
889.689 -19.2221 0.600025 2.04463 0.00518538
890.434 -19.2313 0.612618 2.04453 0.00533334
891.18 -19.2543 0.634036 2.04426 0.00557401
891.925 -19.2895 0.637391 2.04386 0.00558846
892.67 -19.3333 0.627794 2.04337 0.00544261
893.416 -19.3773 0.632104 2.04286 0.005461
894.161 -19.4216 0.649827 2.04235 0.00563529
894.906 -19.4666 0.663179 2.04183 0.00575636
895.652 -19.5124 0.670898 2.04131 0.0058103
896.397 -19.5466 0.689883 2.04092 0.00600328
897.142 -19.5604 0.728842 2.04075 0.00644233
897.888 -19.5646 0.741839 2.0407 0.0065922
898.633 -19.5454 0.691267 2.04099 0.00603571
899.378 -19.5291 0.664211 2.04122 0.00574438
900.124 -19.5226 0.721148 2.04126 0.00641061
900.869 -19.5191 0.758705 2.04128 0.00685135
901.614 -19.5309 0.687107 2.04123 0.00602147
902.36 -19.5441 0.620851 2.04116 0.00525331
903.105 -19.5678 0.611979 2.04091 0.00513737
903.85 -19.592 0.603315 2.04066 0.00502409
904.596 -19.6425 0.60492 2.0401 0.00500796
905.341 -19.6929 0.606509 2.03954 0.00499189
906.086 -19.7194 0.601159 2.03927 0.00491613
906.832 -19.7447 0.59548 2.039 0.00483803
907.577 -19.7964 0.611741 2.03843 0.00498583
908.322 -19.8512 0.630607 2.03783 0.00515816
909.068 -19.8634 0.628938 2.03771 0.00513493
909.813 -19.8667 0.622944 2.03769 0.00507086
910.558 -19.8707 0.601156 2.03768 0.00483145
911.304 -19.875 0.574488 2.03767 0.00453798
912.049 -19.8748 0.601608 2.03767 0.004843
912.794 -19.8728 0.651424 2.03767 0.00540034
913.54 -19.8775 0.67089 2.03762 0.00561643
914.285 -19.8859 0.673604 2.03755 0.00564419
915.03 -19.9027 0.659358 2.03739 0.00547795
915.776 -19.9254 0.63324 2.03718 0.00517705
916.521 -19.9604 0.623396 2.03682 0.0050468
917.266 -20.0062 0.627876 2.03633 0.00506563
918.012 -20.0539 0.642615 2.03582 0.00519389
918.757 -20.1037 0.668543 2.03528 0.00543948
919.502 -20.1421 0.693667 2.03486 0.00568297
920.248 -20.1647 0.717857 2.03462 0.00592751
920.993 -20.1985 0.724231 2.03427 0.00597136
921.738 -20.2511 0.700441 2.03375 0.00567956
922.484 -20.2829 0.703439 2.03342 0.00568982
923.229 -20.2709 0.763561 2.03352 0.00633886
923.974 -20.259 0.78691 2.03364 0.00660068
924.72 -20.2471 0.709684 2.03385 0.00579878
925.465 -20.2433 0.637289 2.03396 0.00503906
926.21 -20.2666 0.582689 2.03377 0.00444862
926.956 -20.2879 0.533795 2.03359 0.00392235
927.701 -20.2992 0.511253 2.0335 0.00368198
928.446 -20.3143 0.502238 2.03336 0.00358254
929.192 -20.3558 0.584621 2.03289 0.00442691
929.937 -20.3962 0.660073 2.03243 0.0051911
930.682 -20.4216 0.666114 2.03218 0.00523925
931.428 -20.4469 0.669648 2.03193 0.00526123
932.173 -20.47 0.616676 2.03175 0.00470052
932.918 -20.4934 0.563982 2.03156 0.00414509
933.664 -20.5312 0.608853 2.03115 0.00458681
934.409 -20.569 0.653454 2.03075 0.00502173
935.154 -20.632 0.625606 2.03014 0.00469812
935.9 -20.6957 0.595182 2.02954 0.00435235
936.645 -20.7016 0.608103 2.02948 0.00448303
937.39 -20.7027 0.624596 2.02948 0.00465269
938.136 -20.6528 0.625172 2.03 0.00469641
938.881 -20.5961 0.623722 2.03059 0.00472446
939.626 -20.5664 0.659599 2.03088 0.00511603
940.372 -20.5414 0.702125 2.03112 0.00557448
941.117 -20.6154 0.685734 2.0304 0.0053546
941.862 -20.7105 0.656725 2.02947 0.00499578
942.608 -20.7513 0.631598 2.02909 0.0047193
943.353 -20.7775 0.607528 2.02886 0.00446513
944.098 -20.8091 0.704753 2.02849 0.00541688
944.844 -20.8439 0.84012 2.02805 0.00673568
945.589 -20.8299 0.753482 2.02828 0.00589314
946.334 -20.7995 0.583684 2.02872 0.00422922
947.08 -20.8265 0.571676 2.02847 0.00409718
947.825 -20.8771 0.626432 2.02795 0.00461239
948.57 -20.9089 0.662089 2.02763 0.00494685
949.316 -20.9317 0.688711 2.0274 0.00519662
950.061 -20.9363 0.737356 2.02733 0.00567471
950.806 -20.9315 0.797765 2.02735 0.00627515
951.552 -20.9551 0.753044 2.02717 0.00582176
952.297 -20.9959 0.647676 2.02686 0.00476625
953.042 -21.0283 0.696895 2.02653 0.0052271
953.788 -21.0565 0.843235 2.02615 0.00662738
954.533 -21.0485 0.752549 2.02632 0.00575998
955.278 -21.0192 0.498872 2.02678 0.00331651
956.024 -21.0725 0.471942 2.02629 0.00303241
956.769 -21.184 0.609601 2.02516 0.00430177
957.514 -21.2288 0.640208 2.02472 0.0045698
958.26 -21.2216 0.589006 2.02484 0.00409033
959.005 -21.2087 0.546892 2.025 0.00369965
959.75 -21.1909 0.512177 2.0252 0.00338086
960.496 -21.1996 0.600216 2.02509 0.00422155
961.241 -21.2335 0.792734 2.02464 0.00603555
961.986 -21.2272 0.871615 2.02465 0.0067935
962.732 -21.183 0.850007 2.02511 0.00662988
963.477 -21.1713 0.830909 2.02525 0.00646128
964.222 -21.1893 0.814262 2.0251 0.00629113
964.968 -21.1923 0.751114 2.02514 0.00568995
965.713 -21.1818 0.644197 2.02533 0.00467911
966.458 -21.2117 0.623654 2.02507 0.00446763
967.204 -21.2792 0.684842 2.0244 0.005009
967.949 -21.363 0.746107 2.02358 0.0055308
968.694 -21.4623 0.807146 2.02263 0.0060286
969.44 -21.4973 0.802298 2.02232 0.00596032
970.185 -21.4716 0.734936 2.02262 0.00535981
970.93 -21.5211 0.710085 2.0222 0.00509959
971.676 -21.6406 0.725517 2.02111 0.00516372
972.421 -21.7119 0.705874 2.02049 0.00494181
973.166 -21.7391 0.653922 2.02029 0.00445938
973.912 -21.7414 0.63259 2.02029 0.00426923
974.657 -21.7207 0.638981 2.02049 0.00434244
975.402 -21.7028 0.640815 2.02066 0.00437307
976.148 -21.6873 0.638616 2.02082 0.0043658
976.893 -21.6895 0.637454 2.02081 0.00435742
977.638 -21.7068 0.637171 2.02067 0.00434818
978.384 -21.7159 0.625894 2.02061 0.00424433
979.129 -21.7185 0.605776 2.02061 0.00406438
979.874 -21.7075 0.606956 2.02072 0.00408462
980.62 -21.6861 0.624357 2.02092 0.00425787
981.365 -21.7561 0.651647 2.02028 0.00446693
982.11 -21.8898 0.685269 2.01908 0.00468999
982.856 -21.9642 0.719003 2.01842 0.00494497
983.601 -22.0004 0.753012 2.01809 0.00522359
984.346 -22.0649 0.747544 2.01754 0.00513659
985.092 -22.1462 0.718732 2.01687 0.00483825
985.837 -22.1773 0.661061 2.01665 0.00432549
986.583 -22.1816 0.587527 2.01666 0.00369266
987.328 -22.1835 0.59163 2.01666 0.00373037
988.073 -22.1841 0.633592 2.01664 0.00409491
988.818 -22.1562 0.687761 2.01687 0.00458128
989.564 -22.116 0.747571 2.01719 0.00512691
990.309 -22.0869 0.796233 2.01742 0.00557204
991.055 -22.0619 0.840837 2.01762 0.00598116
991.8 -22.0705 0.795889 2.01759 0.00558706
992.545 -22.0901 0.722936 2.01748 0.00494283
993.291 -22.0867 0.718991 2.01753 0.0049139
994.036 -22.0774 0.732856 2.01761 0.00504369
994.781 -22.0762 0.723629 2.01764 0.00496734
995.527 -22.0768 0.709701 2.01766 0.00484896
996.272 -22.1 0.681906 2.01749 0.00459635
997.017 -22.1265 0.652154 2.01729 0.00432596
997.763 -22.1912 0.623402 2.01676 0.00404527
998.508 -22.2592 0.595058 2.0162 0.0037699
999.253 -22.2113 0.762146 2.01653 0.00523262
999.999 -22.1604 0.940358 2.01684 0.00680515
