255.408 0.752305 2.28203 1.26835 0.612922
256.154 0.795721 2.35023 1.28974 0.611972
256.899 0.839714 2.41759 1.31034 0.610495
257.644 0.809443 2.36153 1.29394 0.610335
258.39 0.768612 2.28615 1.2713 0.60975
259.135 0.777568 2.3852 1.2952 0.620611
259.88 0.807562 2.54573 1.33512 0.632441
260.626 0.83068 2.57472 1.344 0.630375
261.371 0.847808 2.51913 1.33346 0.6206
262.116 0.871812 2.49524 1.33085 0.612662
262.862 0.903026 2.50596 1.33665 0.607118
263.607 0.924513 2.5117 1.34025 0.603178
264.353 0.927603 2.50815 1.33978 0.602141
265.098 0.932701 2.51674 1.34213 0.602043
265.843 0.945544 2.57039 1.35484 0.605212
266.589 0.95799 2.61379 1.36521 0.60717
267.334 0.961153 2.54124 1.3503 0.598824
268.079 0.965085 2.4689 1.33555 0.589828
268.825 0.947106 2.60437 1.36196 0.608557
269.57 0.930985 2.75262 1.39153 0.626308
270.315 0.978157 2.70614 1.38615 0.612226
271.061 1.03946 2.61717 1.37401 0.590932
271.806 1.07014 2.58763 1.37126 0.581717
272.551 1.08653 2.58507 1.37245 0.578219
273.297 1.10955 2.59731 1.37725 0.575015
274.042 1.13802 2.62143 1.38487 0.572032
274.787 1.14667 2.63813 1.38893 0.572109
275.533 1.12775 2.64479 1.38825 0.576466
276.278 1.12647 2.6344 1.38607 0.575681
277.023 1.16941 2.58182 1.38042 0.561949
277.769 1.20787 2.54997 1.37855 0.551263
278.514 1.22215 2.62919 1.3948 0.557064
279.259 1.2375 2.7056 1.41045 0.561903
280.005 1.25529 2.65302 1.40252 0.553442
280.75 1.2734 2.60081 1.39483 0.54476
281.495 1.29213 2.54369 1.38649 0.535232
282.241 1.31128 2.48631 1.37834 0.525369
282.986 1.32212 2.49103 1.38039 0.524007
283.731 1.33026 2.5159 1.38568 0.52541
284.477 1.34756 2.48126 1.38152 0.51845
285.222 1.3709 2.41075 1.37198 0.506108
285.967 1.39416 2.38984 1.37118 0.499604
286.713 1.41694 2.42049 1.37911 0.499452
287.458 1.434 2.43521 1.38359 0.498344
288.203 1.44043 2.42113 1.38196 0.495621
288.949 1.45151 2.40294 1.38023 0.491619
289.694 1.47902 2.37022 1.37815 0.483131
290.439 1.50635 2.34085 1.37672 0.475091
291.185 1.5317 2.34402 1.38035 0.471444
291.93 1.55695 2.34715 1.38394 0.467851
292.675 1.57599 2.25607 1.37211 0.453403
293.421 1.596 2.1611 1.36024 0.437772
294.166 1.59917 2.12793 1.35567 0.432767
294.911 1.59849 2.10836 1.35263 0.430166
295.657 1.61093 2.06463 1.34788 0.422167
296.402 1.62971 2.01011 1.34262 0.411583
297.147 1.6551 1.96449 1.33982 0.401263
297.893 1.68569 1.9262 1.33903 0.391303
298.638 1.69498 1.89131 1.33565 0.384778
299.383 1.67447 1.86059 1.32831 0.382866
300.129 1.65712 1.81956 1.32 0.37881
300.874 1.64804 1.75265 1.30951 0.36928
301.619 1.64025 1.6897 1.29986 0.359891
302.365 1.63603 1.65008 1.29396 0.353735
303.11 1.63205 1.61007 1.2881 0.347357
303.855 1.62678 1.54289 1.27864 0.336186
304.601 1.62226 1.47569 1.26951 0.324579
305.346 1.58244 1.42035 1.25534 0.319113
306.091 1.53791 1.3659 1.24015 0.31403
306.837 1.50073 1.28933 1.22354 0.30321
307.582 1.46694 1.20459 1.20662 0.289585
308.327 1.42535 1.16768 1.19346 0.286464
309.073 1.37799 1.16161 1.18237 0.29065
309.818 1.3402 1.1232 1.16938 0.286495
310.563 1.31387 1.04878 1.15474 0.272379
311.309 1.28397 0.991308 1.14123 0.262066
312.054 1.24573 0.967331 1.12928 0.260441
312.799 1.20111 0.939927 1.11514 0.258547
313.545 1.13206 0.899842 1.09294 0.255916
314.29 1.06392 0.858134 1.07008 0.252389
315.035 1.01343 0.806739 1.05039 0.243747
315.781 0.962999 0.754499 1.03027 0.234234
316.526 0.908804 0.70857 1.00932 0.226347
317.271 0.854249 0.662315 0.987752 0.217796
318.017 0.787727 0.616616 0.961882 0.209979
318.762 0.717899 0.570244 0.934043 0.201518
319.507 0.645705 0.53539 0.905587 0.196525
320.253 0.571875 0.506059 0.876023 0.193162
320.998 0.502549 0.478071 0.847171 0.189424
321.743 0.437229 0.451295 0.81897 0.185331
322.489 0.372666 0.426013 0.790234 0.181338
323.234 0.309545 0.403373 0.761358 0.177905
323.979 0.245862 0.38202 0.73133 0.174718
324.725 0.181527 0.3652 0.700346 0.173327
325.47 0.1164 0.34866 0.667831 0.171906
326.215 0.0492632 0.336123 0.633433 0.172451
326.961 -0.0185388 0.323315 0.597238 0.172816
327.706 -0.0864207 0.318573 0.560326 0.17748
328.451 -0.154996 0.31379 0.521431 0.182443
329.197 -0.218141 0.313756 0.484624 0.189847
329.942 -0.280855 0.314532 0.446699 0.198153
330.687 -0.342771 0.316523 0.407907 0.207664
331.433 -0.404723 0.319014 0.367591 0.21814
332.178 -0.464741 0.326519 0.327764 0.232516
332.923 -0.523501 0.337685 0.287969 0.250332
333.669 -0.58105 0.348557 0.247616 0.268962
334.414 -0.636982 0.359011 0.207021 0.288242
335.159 -0.690597 0.369798 0.166975 0.308596
335.905 -0.738597 0.381102 0.130437 0.329348
336.65 -0.785536 0.391991 0.0936864 0.350726
337.395 -0.826485 0.400427 0.0605118 0.369485
338.141 -0.867717 0.408971 0.0262964 0.389419
338.886 -0.910147 0.417836 -0.0097777 0.411118
339.631 -0.95283 0.426806 -0.0469743 0.434219
340.377 -0.998774 0.435659 -0.0883867 0.459762
341.122 -1.04531 0.444604 -0.131541 0.487223
341.867 -1.08805 0.45201 -0.172609 0.513116
342.613 -1.12984 0.459021 -0.213962 0.539653
343.358 -1.16348 0.462635 -0.249048 0.55986
344.103 -1.19254 0.464318 -0.280765 0.576426
344.849 -1.22711 0.464837 -0.320237 0.595274
345.594 -1.26716 0.464199 -0.368098 0.616748
346.339 -1.30866 0.46532 -0.418359 0.642487
347.085 -1.35249 0.469488 -0.471415 0.675217
347.83 -1.39679 0.473765 -0.526781 0.710551
348.575 -1.44199 0.47828 -0.585094 0.749263
349.321 -1.48656 0.481336 -0.645685 0.788065
350.066 -1.52309 0.470492 -0.708207 0.801902
350.811 -1.5598 0.459546 -0.773737 0.816177
351.557 -1.59706 0.464102 -0.828875 0.856678
352.302 -1.63451 0.469304 -0.885266 0.900947
353.047 -1.67907 0.466047 -0.964494 0.940884
353.793 -1.72534 0.460989 -1.05271 0.982387
354.538 -1.77915 0.460805 -1.15424 1.0458
355.283 -1.83655 0.462829 -1.26575 1.12491
356.029 -1.88472 0.46361 -1.36549 1.19598
356.774 -1.92549 0.463377 -1.45513 1.2593
357.519 -1.96365 0.460546 -1.54711 1.31712
358.265 -1.99813 0.454131 -1.64101 1.36374
359.01 -2.03378 0.448836 -1.74026 1.41871
359.755 -2.07216 0.446436 -1.84555 1.49139
360.501 -2.11349 0.445553 -1.9605 1.58139
361.246 -2.17071 0.453507 -2.10404 1.74741
361.991 -2.22841 0.461456 -2.25264 1.9366
362.737 -2.28816 0.468668 -2.41248 2.15588
363.482 -2.34844 0.475919 -2.57518 2.40821
364.227 -2.3966 0.479306 -2.71507 2.62739
364.973 -2.44338 0.482178 -2.85275 2.86331
365.718 -2.48473 0.476556 -3.01921 3.06715
366.463 -2.52436 0.467945 -3.20508 3.27296
367.209 -2.5648 0.470215 -3.32838 3.54615
367.954 -2.60586 0.479555 -3.39312 3.87446
368.699 -2.65483 0.485796 -3.4844 4.28877
369.445 -2.71266 0.488559 -3.59822 4.82704
370.19 -2.77181 0.49114 -3.66773 5.45376
370.935 -2.8331 0.493321 -3.6686 6.18964
371.681 -2.89162 0.495712 -3.56211 6.973
372.426 -2.93784 0.498811 -3.36496 7.63381
373.171 -2.98319 0.50149 -3.07485 8.30759
373.917 -3.01336 0.49807 -2.90041 8.80337
374.662 -3.04365 0.494624 -2.66993 9.31662
375.407 -3.08276 0.492141 -2.24627 9.96625
376.153 -3.12268 0.489703 -1.69262 10.6099
376.898 -3.18196 0.494667 -0.535675 11.2933
377.643 -3.24654 0.501588 0.932533 11.6949
378.389 -3.31421 0.509181 2.53297 11.6892
379.134 -3.38375 0.517184 4.06158 11.2533
379.879 -3.44312 0.525449 5.15169 10.5931
380.625 -3.49325 0.53394 5.87117 9.90264
381.37 -3.54098 0.539662 6.42884 9.23718
382.116 -3.5848 0.541001 6.87157 8.65093
382.861 -3.62415 0.54069 7.20142 8.12868
383.606 -3.65017 0.535598 7.44267 7.8144
384.352 -3.67977 0.531927 7.65009 7.43731
385.097 -3.73448 0.538634 7.76365 6.70781
385.842 -3.78956 0.545422 7.79034 6.04661
386.587 -3.86099 0.548099 7.79472 5.29491
387.333 -3.93323 0.550756 7.71613 4.63697
388.078 -4.00227 0.560179 7.54105 4.10874
388.824 -4.0712 0.57091 7.34341 3.66425
389.569 -4.13496 0.575661 7.18691 3.3026
390.314 -4.19692 0.578043 7.04147 2.99172
391.06 -4.24409 0.576939 6.94177 2.77483
391.805 -4.28055 0.573301 6.87445 2.61464
392.55 -4.31968 0.574044 6.78227 2.46539
393.296 -4.36207 0.58026 6.66473 2.32861
394.041 -4.4073 0.587501 6.54232 2.19668
394.786 -4.45858 0.596958 6.40636 2.06354
395.532 -4.51364 0.6042 6.276 1.92904
396.277 -4.58524 0.600728 6.1454 1.7492
397.022 -4.65734 0.597898 6.01618 1.5909
397.768 -4.72814 0.6111 5.86562 1.48149
398.513 -4.7995 0.624499 5.725 1.38383
399.258 -4.85784 0.626418 5.63102 1.29828
400.004 -4.91518 0.62716 5.54418 1.21989
400.749 -4.96223 0.631605 5.47091 1.16612
401.494 -5.00639 0.637181 5.40325 1.12097
402.24 -5.04674 0.643956 5.34194 1.08444
402.985 -5.08499 0.65144 5.28489 1.05307
403.73 -5.13254 0.652305 5.22513 1.00586
404.476 -5.18942 0.64653 5.16243 0.945235
405.221 -5.25057 0.645535 5.09268 0.891028
405.966 -5.31889 0.65292 5.01153 0.844667
406.712 -5.39172 0.661616 4.92932 0.800317
407.457 -5.47836 0.674473 4.83597 0.754794
408.202 -5.56344 0.686419 4.75093 0.71374
408.948 -5.62746 0.688169 4.69466 0.679266
409.693 -5.69193 0.689927 4.6404 0.647023
410.438 -5.75446 0.696488 4.58763 0.621707
411.184 -5.81733 0.703303 4.53682 0.59806
411.929 -5.86879 0.712467 4.4954 0.582441
412.674 -5.91807 0.722191 4.45681 0.568848
413.42 -5.96636 0.725098 4.42293 0.551655
414.165 -6.01435 0.724968 4.39141 0.533401
414.91 -6.07575 0.728804 4.35085 0.513781
415.656 -6.14798 0.735835 4.3042 0.493631
416.401 -6.22342 0.739744 4.25876 0.471993
417.146 -6.30306 0.73931 4.21424 0.448212
417.892 -6.38629 0.744004 4.16836 0.427879
418.637 -6.47744 0.761503 4.11746 0.413408
419.382 -6.56677 0.777939 4.07046 0.399789
420.128 -6.64227 0.787157 4.03373 0.386845
420.873 -6.71811 0.796496 3.99837 0.374614
421.618 -6.78232 0.805924 3.96929 0.365443
422.364 -6.84694 0.815459 3.94104 0.356643
423.109 -6.90268 0.814091 3.91928 0.345608
423.854 -6.95753 0.811273 3.89867 0.334649
424.6 -7.01606 0.820229 3.87517 0.327928
425.345 -7.07605 0.833213 3.85118 0.322671
426.09 -7.14911 0.839706 3.82441 0.313229
426.836 -7.23067 0.842115 3.79633 0.3016
427.581 -7.31442 0.849052 3.76792 0.29178
428.326 -7.40052 0.860965 3.7392 0.283723
429.072 -7.49309 0.872123 3.70981 0.275016
429.817 -7.59738 0.881696 3.67848 0.264912
430.562 -7.7002 0.893408 3.64873 0.256186
431.308 -7.79452 0.912711 3.62167 0.250862
432.053 -7.88753 0.932022 3.59605 0.245896
432.798 -7.95578 0.94794 3.57777 0.242816
433.544 -8.02446 0.964049 3.55991 0.239812
434.289 -8.09765 0.96108 3.54336 0.232084
435.034 -8.1716 0.956898 3.52718 0.224353
435.78 -8.2443 0.962938 3.51079 0.219289
436.525 -8.31708 0.971478 3.49463 0.21494
437.27 -8.39212 0.979658 3.47847 0.21049
438.016 -8.46855 0.987709 3.46251 0.20607
438.761 -8.55737 0.999649 3.4443 0.201629
439.506 -8.65709 1.01502 3.4244 0.197215
440.252 -8.75941 1.03073 3.40474 0.192865
440.997 -8.86518 1.04683 3.38517 0.188537
441.742 -8.9725 1.0626 3.36609 0.184239
442.488 -9.08232 1.07702 3.34738 0.179756
443.233 -9.19313 1.0918 3.32919 0.175474
443.978 -9.3043 1.10764 3.31155 0.17152
444.724 -9.41646 1.12374 3.29439 0.167717
445.469 -9.48766 1.13628 3.28373 0.165727
446.214 -9.55932 1.14896 3.27325 0.16378
446.96 -9.64528 1.14906 3.26171 0.159476
447.705 -9.73402 1.14718 3.2502 0.154948
448.45 -9.82926 1.14921 3.23795 0.150797
449.196 -9.92742 1.15267 3.22561 0.146865
449.941 -10.0257 1.16752 3.21311 0.144457
450.686 -10.1242 1.19022 3.20061 0.143028
451.432 -10.2303 1.21058 3.18772 0.141051
452.177 -10.3451 1.22816 3.17437 0.138482
452.922 -10.4649 1.24549 3.16094 0.135792
453.668 -10.5936 1.26202 3.14706 0.132795
454.413 -10.7194 1.27989 3.1339 0.130156
455.158 -10.829 1.30241 3.12257 0.128612
455.904 -10.9399 1.32574 3.11142 0.127132
456.649 -11.0574 1.35598 3.09977 0.126093
457.394 -11.176 1.38676 3.08836 0.12507
458.14 -11.2835 1.39049 3.07908 0.122097
458.885 -11.391 1.3921 3.07008 0.119058
459.63 -11.4877 1.38418 3.06246 0.115666
460.376 -11.5819 1.37363 3.05524 0.112246
461.121 -11.6915 1.39123 3.04624 0.110738
461.866 -11.8096 1.42382 3.03644 0.110184
462.612 -11.9119 1.44803 3.02828 0.109399
463.357 -11.9998 1.46447 3.02155 0.10842
464.102 -12.1137 1.47847 3.01319 0.106658
464.848 -12.2684 1.48854 3.00234 0.103734
465.593 -12.4143 1.50227 2.99234 0.101377
466.338 -12.531 1.5264 2.9843 0.10041
467.084 -12.6482 1.54934 2.97646 0.0993744
467.829 -12.7626 1.56152 2.9692 0.0977602
468.574 -12.878 1.57385 2.96206 0.0961829
469.32 -13.0355 1.60079 2.95236 0.0946827
470.065 -13.1952 1.62842 2.94282 0.0932236
470.81 -13.3395 1.66869 2.9342 0.0927776
471.556 -13.4823 1.71181 2.92586 0.0924941
472.301 -13.6201 1.74086 2.91825 0.0915572
473.046 -13.7569 1.76461 2.911 0.0903918
473.792 -13.8833 1.78225 2.90454 0.0891326
474.537 -14.0025 1.79554 2.89865 0.0878165
475.282 -14.1299 1.81326 2.89243 0.0866142
476.028 -14.2669 1.83644 2.88583 0.0855405
476.773 -14.4127 1.86617 2.87891 0.0846509
477.518 -14.5757 1.90977 2.87123 0.0841174
478.264 -14.7389 1.94923 2.86382 0.0834031
479.009 -14.8968 1.96695 2.85715 0.0818926
479.754 -15.0551 1.98447 2.85064 0.0804168
480.5 -15.192 1.99333 2.84525 0.0789414
481.245 -15.3302 2.00228 2.83991 0.0774969
481.99 -15.4909 2.05197 2.83336 0.0773136
482.736 -15.6553 2.10641 2.82679 0.0772356
483.481 -15.8399 2.14943 2.81984 0.0764919
484.226 -16.032 2.18989 2.81287 0.0755832
484.972 -16.1903 2.22463 2.80728 0.0748964
485.717 -16.3307 2.25637 2.80244 0.0743293
486.462 -16.4838 2.27696 2.79743 0.0732785
487.208 -16.6495 2.28677 2.79226 0.071792
487.953 -16.8213 2.31305 2.78686 0.0707826
488.698 -17.0018 2.36677 2.78107 0.0705057
489.444 -17.1753 2.413 2.7757 0.0700786
490.189 -17.3225 2.43352 2.77144 0.0692018
490.934 -17.4773 2.45853 2.76703 0.0683943
491.68 -17.6824 2.51738 2.76107 0.0680225
492.425 -17.8901 2.57762 2.7552 0.067654
493.17 -18.0932 2.61316 2.74984 0.0667114
493.916 -18.2987 2.64886 2.74457 0.0657764
494.661 -18.4913 2.68592 2.73973 0.065009
495.406 -18.6833 2.72381 2.73502 0.0642827
496.152 -18.9161 2.74934 2.72962 0.0629693
496.897 -19.1681 2.76993 2.724 0.0614484
497.642 -19.3932 2.82592 2.71885 0.0609315
498.388 -19.5981 2.90919 2.71405 0.0611219
499.133 -19.7898 2.99679 2.7096 0.0614649
499.878 -19.9635 3.08924 2.70557 0.0619985
500.624 -20.1492 3.15205 2.70162 0.0618476
501.369 -20.3604 3.14481 2.69778 0.0602171
502.115 -20.5809 3.14889 2.69378 0.0587862
502.86 -20.8355 3.20912 2.68891 0.058166
503.605 -21.0901 3.26865 2.68419 0.0575458
504.35 -21.2542 3.27764 2.68141 0.0566667
505.096 -21.4198 3.28665 2.67866 0.0557999
505.841 -21.6734 3.36871 2.67412 0.0555972
506.587 -21.9395 3.46057 2.66945 0.0554604
507.332 -22.171 3.53387 2.66554 0.0552303
508.077 -22.394 3.60255 2.66188 0.054975
508.823 -22.6444 3.65552 2.658 0.054339
509.568 -22.9125 3.69979 2.65403 0.0535006
510.313 -23.1759 3.7655 2.65011 0.0530019
511.059 -23.4342 3.85317 2.64626 0.0528246
511.804 -23.7479 3.92747 2.64186 0.0521863
512.549 -24.157 3.9769 2.63656 0.0507923
513.294 -24.5258 4.04075 2.63186 0.0498222
514.04 -24.7395 4.14889 2.62889 0.0501028
514.785 -24.9666 4.26405 2.62581 0.0503777
515.531 -25.2959 4.42445 2.62147 0.0506568
516.276 -25.6301 4.58993 2.61719 0.0509235
517.021 -25.8627 4.57821 2.61486 0.049783
517.767 -26.0944 4.55995 2.61261 0.0486131
518.512 -26.4493 4.54416 2.60916 0.0470041
519.257 -26.835 4.5276 2.60551 0.0453406
520.003 -27.0828 4.5937 2.60294 0.0450376
520.748 -27.271 4.69704 2.60084 0.0453015
521.493 -27.5218 4.90521 2.59781 0.0462579
522.239 -27.8207 5.19924 2.59411 0.047716
522.984 -28.1122 5.38477 2.59095 0.0481899
523.729 -28.3958 5.41937 2.58851 0.0474202
524.475 -28.7114 5.45699 2.58584 0.0465809
525.22 -29.0995 5.5013 2.58266 0.045568
525.965 -29.51 5.56362 2.57933 0.0446549
526.711 -30.0066 5.71766 2.57518 0.0441651
527.456 -30.5091 5.87612 2.57113 0.0436926
528.201 -30.8379 5.9937 2.56853 0.0434825
528.947 -31.1715 6.11424 2.56595 0.0432743
529.692 -31.6711 6.17558 2.56255 0.0421924
530.437 -32.2013 6.23068 2.55909 0.0410336
531.183 -32.6712 6.53276 2.55543 0.0415649
531.928 -33.1237 6.92473 2.55175 0.0425919
532.673 -33.5343 7.13003 2.54891 0.0426128
533.419 -33.9236 7.22019 2.54658 0.0420561
534.164 -34.4395 7.31027 2.54366 0.0411854
534.909 -35.0935 7.40031 2.54013 0.0400072
535.655 -35.6416 7.51954 2.53718 0.0392786
536.4 -35.9769 7.69033 2.5352 0.0393101
537.145 -36.3467 7.88359 2.53306 0.0393541
537.891 -36.8273 8.14694 2.53032 0.0394429
538.636 -37.3116 8.41176 2.52764 0.0395048
539.381 -37.7607 8.60742 2.52534 0.0393352
540.127 -38.2174 8.80891 2.52306 0.0391672
540.872 -38.6458 9.09448 2.52078 0.039382
541.617 -39.0781 9.39236 2.51851 0.0396086
542.363 -39.5369 9.36761 2.51687 0.0385646
543.108 -40.0073 9.26787 2.51537 0.0372612
543.853 -40.6997 9.47635 2.51252 0.0366778
544.599 -41.5091 9.84044 2.5091 0.036419
545.344 -42.1411 10.1734 2.50645 0.0363647
546.089 -42.6224 10.4779 2.50441 0.0364705
546.835 -43.1911 10.7826 2.50216 0.0364046
547.58 -43.8843 11.0857 2.49963 0.0361075
548.325 -44.6356 11.4923 2.49685 0.0359984
549.071 -45.5091 12.1548 2.49344 0.0363422
549.816 -46.3905 12.7961 2.4902 0.0365466
550.561 -47.2334 13.1342 2.48766 0.036041
551.307 -48.0989 13.4828 2.48515 0.0355363
552.052 -48.9406 13.6166 2.48311 0.0346088
552.797 -49.8057 13.7527 2.48108 0.0336958
553.543 -50.7067 14.1787 2.47867 0.0333679
554.288 -51.6334 14.6636 2.47622 0.0331198
555.033 -52.365 15.3853 2.47394 0.0335474
555.779 -53.0266 16.2102 2.47172 0.0341896
556.524 -53.9808 16.7258 2.46946 0.0338783
557.269 -55.1508 17.0416 2.46718 0.0329866
558.015 -56.0656 17.6531 2.46506 0.0328835
558.76 -56.665 18.6007 2.4631 0.0336123
559.505 -57.3816 19.3101 2.46129 0.0338063
560.251 -58.3491 19.5159 2.45975 0.0330139
560.996 -59.3403 19.7709 2.45818 0.0322939
561.741 -60.3464 20.2062 2.45646 0.0318156
562.487 -61.3534 20.6784 2.45477 0.0313941
563.232 -62.0528 21.4118 2.45324 0.0315828
563.977 -62.7579 22.1715 2.45173 0.0317683
564.723 -63.7948 23.5025 2.44936 0.0322134
565.468 -64.8534 24.9424 2.44696 0.0326633
566.213 -66.1541 25.7248 2.44504 0.0322104
566.959 -67.5555 26.365 2.44324 0.031553
567.704 -68.7816 27.0899 2.4416 0.0311379
568.449 -69.9303 27.8745 2.44004 0.0308402
569.195 -71.4109 28.8485 2.43813 0.0304261
569.94 -73.2104 30.0186 2.43595 0.029917
570.685 -75.3547 31.3048 2.43358 0.0292488
571.431 -78.0299 32.7509 2.43094 0.0283501
572.176 -80.0906 34.523 2.42863 0.0280627
572.921 -80.0428 36.9138 2.42716 0.0293724
573.667 -80.2114 39.3078 2.42557 0.0304379
574.412 -82.4704 41.6248 2.42313 0.0300516
575.157 -84.8053 44.1416 2.42073 0.0296721
575.903 -87.7158 46.9451 2.41814 0.0290487
576.648 -90.7634 50.0332 2.41559 0.0284383
577.393 -92.5321 52.0084 2.41413 0.028133
578.139 -94.1189 53.8713 2.41285 0.0278762
578.884 -95.6098 55.9639 2.41154 0.0277094
579.629 -97.0656 58.2166 2.41023 0.0275761
580.375 -98.4495 61.7355 2.40846 0.0276974
581.12 -99.6527 66.2875 2.40639 0.0279844
581.865 -100.259 70.2462 2.40475 0.0283085
582.611 -100.254 73.3024 2.40357 0.0286788
583.356 -100.296 76.5924 2.40233 0.0289953
584.101 -100.543 80.3289 2.40094 0.029207
584.847 -101.356 84.3984 2.39945 0.0291701
585.592 -105.253 89.669 2.39752 0.0281176
586.337 -109.231 95.3718 2.39566 0.0271145
587.083 -111.357 98.7672 2.39466 0.026611
587.828 -113.525 102.371 2.39366 0.0261123
588.573 -114.909 108.14 2.3922 0.0258433
589.319 -116.019 114.479 2.39071 0.0255961
590.064 -116.09 122.267 2.389 0.0255018
590.809 -115.368 130.799 2.38725 0.025448
591.555 -112.721 139.671 2.38548 0.0256178
592.3 -108.477 148.584 2.3837 0.0259008
593.045 -103.444 156.494 2.3821 0.0262013
593.791 -97.8457 163.309 2.38066 0.026518
594.536 -93.1992 171.511 2.37915 0.0264491
595.281 -90.2468 182.883 2.37752 0.0257772
596.027 -84.1374 195.179 2.3757 0.0252677
596.772 -70.0981 207.65 2.3733 0.0252182
597.517 -55.0955 217.734 2.37113 0.0251195
598.263 -51.4142 224.029 2.37044 0.0246491
599.008 -47.2644 230.413 2.36976 0.0241821
599.753 -32.0891 235.999 2.36806 0.0241126
600.499 -15.8819 239.484 2.36635 0.0240512
601.244 1.63158 237.479 2.36455 0.0243219
601.989 18.2005 232.585 2.36275 0.0246464
602.735 31.1405 230.708 2.36135 0.0245133
603.48 42.9622 229.548 2.36011 0.0241986
604.225 51.8035 223.881 2.35899 0.0243516
604.971 57.7765 215.594 2.35794 0.024843
605.716 67.1912 210.232 2.35666 0.0247409
606.461 81.7304 206.982 2.35511 0.023901
607.207 92.7713 201.056 2.35372 0.0234033
607.952 96.3181 193.03 2.35269 0.0236545
608.697 100.154 186.869 2.35178 0.0236875
609.443 108.555 188.337 2.35141 0.0226769
610.188 117.194 188.692 2.351 0.0217271
610.933 118.466 173.844 2.34924 0.0222916
611.679 118.575 160.558 2.34749 0.0228438
612.424 120.863 150.562 2.34596 0.022858
613.169 122.596 141.308 2.34446 0.0228136
613.915 120.796 136.625 2.34372 0.0232046
614.66 118.182 133.382 2.3432 0.0237259
615.405 120.509 127.565 2.34212 0.0233656
616.151 124.932 119.975 2.3407 0.0225021
616.896 125.699 111.756 2.33912 0.0221844
617.641 123.27 103.705 2.33736 0.0224064
618.387 121.568 96.5512 2.33568 0.0224222
619.132 121.109 90.0581 2.33414 0.0220849
619.878 120.481 85.0207 2.33288 0.0218054
620.623 120.345 83.6411 2.33254 0.0217081
621.368 119.881 81.8822 2.33207 0.0216467
622.113 116.384 76.4709 2.33029 0.0219366
622.859 113.03 71.6313 2.32852 0.0222192
623.604 111.055 66.2539 2.32667 0.0219568
624.349 109.016 61.3295 2.32484 0.0216744
625.095 108.745 58.3975 2.3239 0.0211608
625.84 108.779 55.8885 2.32316 0.0206007
626.586 107.551 53.809 2.32225 0.0204899
627.331 105.818 51.9996 2.32127 0.0205821
628.076 103.513 49.1199 2.31974 0.0205543
628.822 100.78 45.6163 2.31779 0.0204307
629.567 98.4117 43.4368 2.31628 0.0205443
630.312 96.508 42.729 2.3154 0.0209855
631.057 95.1013 42.0852 2.31467 0.0212807
631.803 94.7861 41.5652 2.31438 0.0212138
632.548 94.3265 40.8024 2.31393 0.0211086
633.294 93.0189 38.6566 2.31263 0.0207809
634.039 91.7074 36.6519 2.31134 0.0204619
634.784 90.0515 35.2835 2.3101 0.0205135
635.53 88.4566 33.9988 2.30887 0.0205637
636.275 86.8754 32.6546 2.30757 0.0205634
637.02 85.3444 31.3763 2.30627 0.0205556
637.766 84.6143 30.1442 2.30537 0.0202107
638.511 84.1364 28.9448 2.30461 0.0197519
639.256 83.269 28.2428 2.30384 0.0197185
640.002 82.1836 27.8552 2.30305 0.0199578
640.747 81.0273 26.9097 2.30195 0.0198919
641.492 79.7766 25.4066 2.30051 0.0194905
642.238 78.785 24.4443 2.29944 0.0192912
642.983 78.2768 24.3853 2.29908 0.0194799
643.728 77.7965 24.3011 2.29872 0.0196414
644.474 77.4037 24.1217 2.29838 0.0196984
645.219 76.9253 23.8923 2.29795 0.0197597
645.964 75.2151 22.9552 2.29627 0.0198851
646.71 73.5915 22.0829 2.29462 0.0200065
647.455 72.433 21.1118 2.29322 0.0198014
648.2 71.3368 20.1885 2.29185 0.0195756
648.946 71.0226 19.3095 2.29115 0.0189703
649.691 70.8853 18.4462 2.29062 0.018272
650.436 70.4684 17.7437 2.28992 0.0178335
651.182 69.9185 17.137 2.28914 0.017529
651.927 68.6932 16.7127 2.28778 0.0177036
652.672 66.9427 16.4392 2.28591 0.0182946
653.418 65.6165 16.1678 2.2844 0.0186991
654.163 64.8343 15.9031 2.28343 0.0188329
654.908 64.1562 15.6133 2.28254 0.0188829
655.654 63.7254 15.2364 2.28186 0.0186962
656.399 63.322 14.8529 2.2812 0.0184787
657.144 63.0787 14.3529 2.28066 0.0180301
657.89 62.8312 13.8637 2.28012 0.0175848
658.635 61.3349 13.3514 2.27803 0.0177565
659.38 59.9098 12.874 2.27596 0.0179293
660.126 59.3278 12.6333 2.27506 0.0179386
660.871 58.8914 12.4355 2.27437 0.0179201
661.616 58.584 12.3517 2.27391 0.0179824
662.362 58.3279 12.3116 2.27355 0.0180761
663.107 57.9105 12.3248 2.27298 0.0183399
663.852 57.3847 12.372 2.27228 0.0187226
664.598 56.9137 12.0882 2.27144 0.0186024
665.343 56.4961 11.4208 2.27043 0.0178734
666.088 55.9543 10.9497 2.26935 0.0174835
666.834 55.168 10.8602 2.26809 0.0178137
667.579 54.5363 10.7784 2.26705 0.0180717
668.324 54.5003 10.7345 2.26698 0.0180253
669.07 54.4629 10.6793 2.26689 0.0179615
669.815 54.39 10.3735 2.2666 0.0175144
670.56 54.3138 10.0707 2.26631 0.0170694
671.306 53.5889 9.5299 2.2648 0.0165985
672.051 52.8217 8.99981 2.26318 0.0161347
672.796 52.1388 8.92009 2.26194 0.0163937
673.542 51.494 8.95873 2.26081 0.0168533
674.287 51.154 8.86392 2.26014 0.0168903
675.032 50.9787 8.69908 2.25972 0.016694
675.778 50.8157 8.6618 2.2594 0.0167262
676.523 50.6645 8.74605 2.25918 0.0169802
677.268 50.4199 8.73257 2.25872 0.0171108
678.014 50.0221 8.55948 2.25785 0.0170338
678.759 49.5354 8.35655 2.25678 0.0169502
679.504 48.7602 8.05403 2.25504 0.0168441
680.25 48.0844 7.78584 2.25348 0.0167297
680.995 48.0172 7.67002 2.25327 0.0165313
681.74 47.9496 7.55515 2.25307 0.0163335
682.486 47.8599 7.58689 2.25291 0.0164598
683.231 47.7698 7.62294 2.25275 0.0165963
683.976 47.3935 7.18538 2.25167 0.0158974
684.722 46.9609 6.67769 2.25041 0.0150481
685.467 46.601 6.53503 2.24952 0.0149464
686.212 46.277 6.54038 2.2488 0.0151577
686.958 45.7797 6.54841 2.24766 0.0154888
687.703 45.1641 6.55518 2.24622 0.0159049
688.448 44.6974 6.52369 2.24508 0.0161419
689.194 44.4074 6.44814 2.24433 0.0161546
689.939 44.1929 6.39155 2.24376 0.016162
690.684 44.1452 6.37625 2.24364 0.0161579
691.43 44.0244 6.33615 2.24332 0.0161416
692.175 43.5408 6.17406 2.24199 0.0160639
692.92 43.0769 6.0166 2.24069 0.0159774
693.666 42.7822 5.79423 2.23976 0.0155933
694.411 42.4916 5.57963 2.23885 0.0152147
695.156 42.2562 5.42223 2.23811 0.0149443
695.902 42.0295 5.2748 2.23739 0.0146885
696.647 41.9406 5.19273 2.2371 0.0145197
697.392 41.8938 5.13047 2.23694 0.0143774
698.138 41.8566 5.01027 2.23677 0.0140658
698.883 41.824 4.85664 2.23659 0.0136557
699.628 41.5746 4.84845 2.23589 0.0137881
700.374 41.1154 4.97888 2.23466 0.0144581
701.119 40.7237 5.08747 2.2336 0.0150405
701.864 40.4365 5.16945 2.23281 0.015486
702.61 40.1976 5.20893 2.23214 0.0157779
703.355 40.1063 5.11934 2.2318 0.0155757
704.1 40.0353 5.05219 2.23155 0.0154248
704.846 40.1512 5.18461 2.232 0.0157424
705.591 40.2673 5.3193 2.23246 0.0160625
706.336 39.915 5.03843 2.2312 0.0154733
707.082 39.5515 4.75626 2.22988 0.0148633
707.827 39.1634 4.44692 2.22845 0.0141573
708.572 38.7762 4.14607 2.22702 0.0134461
709.318 38.518 4.05704 2.22612 0.0133229
710.063 38.316 4.05449 2.22546 0.0134472
710.808 38.2954 4.1414 2.22545 0.0137515
711.554 38.4117 4.29951 2.22595 0.014198
712.299 38.4265 4.32907 2.22603 0.0142866
713.044 38.3087 4.18921 2.22555 0.0139052
713.79 38.1028 4.07918 2.2248 0.0136771
714.535 37.7006 4.03393 2.22341 0.0137965
715.28 37.3052 3.99522 2.22202 0.0139361
716.026 36.894 3.98422 2.22057 0.0141884
716.771 36.5078 3.9729 2.21918 0.0144285
717.516 36.4399 3.99035 2.21895 0.0145433
718.262 36.3723 4.00756 2.21872 0.0146576
719.007 36.5513 3.89998 2.2193 0.0141355
719.752 36.7579 3.77488 2.21997 0.0135391
720.498 36.5864 3.61624 2.21925 0.0130818
721.243 36.3079 3.45474 2.21813 0.0126738
721.988 36.0356 3.31732 2.21703 0.0123385
722.734 35.7692 3.19492 2.21595 0.0120454
723.479 35.5259 3.16768 2.21501 0.0120957
724.224 35.3036 3.22659 2.21419 0.012469
724.97 35.1555 3.23924 2.21363 0.0126177
725.715 35.125 3.17959 2.21348 0.0124043
726.46 35.0805 3.17439 2.21331 0.0124141
727.206 34.9928 3.33366 2.21307 0.013104
727.951 34.8958 3.48544 2.21281 0.0137756
728.696 34.7419 3.59406 2.21228 0.014324
729.442 34.5886 3.69957 2.21176 0.0148669
730.187 34.2315 3.50973 2.21016 0.014377
730.932 33.8813 3.32591 2.20858 0.0138839
731.678 33.6864 3.21476 2.20768 0.0135626
732.423 33.5193 3.11772 2.2069 0.0132732
733.168 33.4314 3.06026 2.20649 0.0130913
733.914 33.3736 3.01772 2.20622 0.0129504
734.659 33.3475 3.00053 2.2061 0.0128957
735.404 33.343 3.00058 2.20608 0.0129001
736.15 33.3197 2.95356 2.20596 0.0127138
736.895 33.2739 2.85238 2.20569 0.0123066
737.641 33.1608 2.75514 2.20514 0.0119589
738.386 32.9167 2.66655 2.20401 0.0117304
739.131 32.6873 2.62591 2.20296 0.011701
739.876 32.4967 2.75948 2.20219 0.0124375
740.622 32.3213 2.88348 2.20149 0.0131325
741.367 32.3261 2.94908 2.20157 0.0134306
742.112 32.3304 3.0148 2.20165 0.0137291
742.858 32.3486 3.0163 2.20174 0.0137228
743.603 32.3676 3.01384 2.20183 0.0136977
744.349 32.2571 2.9176 2.20125 0.0133425
745.094 32.1179 2.80269 2.20053 0.0129169
745.839 31.9447 2.60055 2.19958 0.012098
746.584 31.7547 2.36526 2.19853 0.0111132
747.33 31.5612 2.30548 2.19757 0.0109522
748.075 31.3679 2.37826 2.19669 0.0114327
748.82 31.243 2.39713 2.1961 0.0116106
749.566 31.207 2.3473 2.19589 0.0113913
750.311 31.2112 2.31891 2.1959 0.0112498
751.057 31.3108 2.34045 2.19641 0.01129
751.802 31.3667 2.35987 2.1967 0.0113484
752.547 31.2053 2.36707 2.19592 0.0114931
753.293 31.0438 2.37028 2.19513 0.0116203
754.038 30.8218 2.29689 2.19398 0.0114068
754.783 30.6049 2.22636 2.19284 0.0111975
755.529 30.4863 2.16219 2.1922 0.0109491
756.274 30.3778 2.09984 2.1916 0.0106997
757.019 30.2658 2.09127 2.19102 0.0107289
757.765 30.154 2.0968 2.19045 0.010832
758.51 30.0626 2.15776 2.19001 0.0112147
759.255 29.981 2.24614 2.18965 0.011739
760.001 29.9557 2.22004 2.18951 0.0116199
760.746 29.9786 2.09403 2.18955 0.0109375
761.491 29.9005 2.05849 2.18911 0.0108018
762.237 29.6793 2.15218 2.188 0.0114559
762.982 29.4828 2.18861 2.18697 0.0117955
763.727 29.342 2.09092 2.18613 0.0113629
764.473 29.2035 2.00852 2.18531 0.0110051
765.218 29.0707 1.99515 2.18457 0.0110232
765.963 28.944 1.98046 2.18385 0.0110296
766.709 28.9564 1.91261 2.18388 0.0106388
767.454 28.9683 1.84461 2.18391 0.010248
768.199 29.0069 1.80988 2.18411 0.0100281
768.945 29.0486 1.77847 2.18433 0.00982595
769.69 29.0237 1.8032 2.18421 0.00998142
770.435 28.9795 1.84376 2.18399 0.0102391
771.181 28.8616 1.83023 2.18332 0.0102397
771.926 28.7066 1.78895 2.18242 0.010105
772.671 28.5244 1.76159 2.18135 0.0100654
773.417 28.3198 1.74607 2.18015 0.0101084
774.162 28.2015 1.75379 2.17946 0.0102325
774.907 28.2052 1.79583 2.17952 0.0104799
775.653 28.2098 1.79776 2.17955 0.0104889
776.398 28.2169 1.69544 2.17953 0.00987901
777.143 28.2235 1.61127 2.17953 0.00937687
777.889 28.2348 1.62662 2.17961 0.0094616
778.634 28.2453 1.6426 2.17968 0.00955056
779.379 28.2268 1.67695 2.1796 0.00976618
780.125 28.2082 1.71115 2.17952 0.00998142
780.87 28.0085 1.63972 2.17829 0.00968367
781.615 27.796 1.5614 2.17696 0.00934304
782.361 27.6081 1.56322 2.17581 0.00947149
783.106 27.4297 1.58492 2.17473 0.00972029
783.851 27.3838 1.49913 2.17439 0.00921388
784.597 27.4016 1.35884 2.17442 0.00832594
785.342 27.3886 1.42516 2.17439 0.00874933
786.087 27.3449 1.66539 2.17427 0.0102825
786.833 27.3338 1.77079 2.17428 0.0109513
787.578 27.3757 1.69148 2.17449 0.010426
788.323 27.377 1.63397 2.17447 0.0100662
789.069 27.285 1.62935 2.17389 0.0100997
789.814 27.1705 1.62527 2.17317 0.0101521
790.559 26.9511 1.62336 2.17177 0.0102911
791.305 26.7457 1.61504 2.17044 0.0103814
792.05 26.6644 1.51241 2.16984 0.00976659
792.795 26.5828 1.4122 2.16925 0.00916039
793.541 26.5895 1.36326 2.16927 0.00883377
794.286 26.6018 1.31753 2.16933 0.00852522
795.031 26.646 1.38207 2.16966 0.00892474
795.777 26.6969 1.47251 2.17006 0.00948708
796.522 26.7068 1.43674 2.1701 0.00924718
797.267 26.6984 1.34637 2.17 0.00866081
798.013 26.5501 1.33285 2.16902 0.00866021
798.758 26.3075 1.37194 2.16743 0.00906975
799.503 26.1459 1.37737 2.16634 0.00920928
800.249 26.0722 1.34705 2.16583 0.00904993
800.994 25.9836 1.34202 2.16522 0.00907198
801.739 25.8663 1.38322 2.16444 0.00943301
802.485 25.7754 1.38552 2.16382 0.00950991
803.23 25.7686 1.25977 2.16369 0.00863716
803.975 25.7684 1.1509 2.16363 0.00787703
804.721 25.8406 1.17611 2.16415 0.00801304
805.466 25.9135 1.20182 2.16468 0.00815065
806.211 25.8589 1.36888 2.16441 0.00934222
806.957 25.7992 1.53448 2.16411 0.0105343
807.702 25.6771 1.50064 2.16324 0.0103881
808.447 25.5488 1.44097 2.1623 0.0100606
809.193 25.4502 1.36434 2.16155 0.00958513
809.938 25.3611 1.28396 2.16086 0.00906948
810.683 25.2928 1.27091 2.16037 0.00902011
811.429 25.2362 1.29358 2.15998 0.0092216
812.174 25.1911 1.29555 2.15966 0.00926632
812.919 25.156 1.27966 2.1594 0.00917446
813.665 25.1326 1.2469 2.15921 0.00895131
814.41 25.1248 1.1905 2.15912 0.00854481
815.155 25.1084 1.15289 2.15898 0.00828022
815.901 25.0732 1.15794 2.15873 0.00833889
816.646 25.0235 1.16677 2.15838 0.00843445
817.391 24.9121 1.19127 2.15757 0.00868501
818.137 24.7997 1.21044 2.15675 0.00889998
818.882 24.6569 1.17932 2.15566 0.0087585
819.627 24.5174 1.14932 2.15459 0.00862008
820.373 24.4512 1.16845 2.1541 0.00880936
821.118 24.3881 1.18879 2.15363 0.00900756
821.863 24.4015 1.17968 2.15373 0.00892923
822.609 24.4278 1.1655 2.15393 0.00880357
823.354 24.4572 1.12497 2.15414 0.00847438
824.099 24.4875 1.07496 2.15434 0.00807345
824.845 24.5061 1.05135 2.15447 0.00788247
825.59 24.5181 1.04317 2.15457 0.00781356
826.335 24.5208 1.04959 2.15459 0.00786162
827.081 24.515 1.06929 2.15456 0.00801602
827.826 24.4578 1.08251 2.15414 0.00815184
828.571 24.3301 1.08633 2.15316 0.0082591
829.317 24.2106 1.07761 2.15223 0.00826498
830.062 24.1057 1.04207 2.15139 0.0080506
830.807 24.0091 1.00431 2.15061 0.00781019
831.553 23.94 0.95425 2.15004 0.00745233
832.298 23.8783 0.916029 2.14953 0.00718147
833.043 23.8852 0.984705 2.14963 0.00772788
833.789 23.8913 1.05362 2.14972 0.00827591
834.534 23.8782 1.02081 2.1496 0.00802196
835.279 23.8647 0.986566 2.14947 0.0077563
836.025 23.8813 0.989473 2.14961 0.00777039
836.77 23.9022 0.997555 2.14979 0.00782331
837.515 23.8542 1.04354 2.14944 0.0082208
838.261 23.7861 1.09939 2.14893 0.00871334
839.006 23.7019 1.10338 2.14826 0.00880163
839.751 23.611 1.08257 2.14751 0.00869319
840.497 23.5245 1.07749 2.1468 0.00870921
841.242 23.4416 1.08398 2.14613 0.0088184
841.987 23.3983 1.13914 2.14581 0.00930509
842.733 23.3986 1.25172 2.1459 0.0102374
843.478 23.3784 1.24962 2.14574 0.0102362
844.223 23.3202 1.0454 2.14511 0.00858084
844.969 23.2663 0.907155 2.14458 0.0074587
845.714 23.2413 0.946445 2.14439 0.00780349
846.459 23.2115 0.981065 2.14417 0.00811319
847.205 23.1568 0.991895 2.14372 0.00823942
847.95 23.1054 1.00712 2.1433 0.00840169
848.695 23.1026 1.10294 2.14334 0.00921615
849.441 23.098 1.19882 2.14338 0.0100321
850.186 23.0056 1.15347 2.14256 0.00971747
850.931 22.9105 1.10318 2.14172 0.00935751
851.677 22.8646 0.934462 2.14121 0.00793495
852.422 22.8209 0.749005 2.14073 0.00635392
853.167 22.8198 0.801919 2.14075 0.00681417
853.913 22.8307 0.9311 2.14093 0.0079283
854.658 22.8076 0.988203 2.14077 0.00843845
855.403 22.7683 1.00763 2.14044 0.00863386
856.149 22.7218 0.988754 2.14003 0.00850095
856.894 22.6698 0.941145 2.13955 0.00811875
857.639 22.6424 0.945665 2.13931 0.00817643
858.385 22.6422 1.00881 2.13936 0.00873164
859.13 22.6314 1.00298 2.13926 0.00868831
859.875 22.6017 0.881916 2.13892 0.00764198
860.621 22.5688 0.816921 2.1386 0.00708756
861.366 22.5324 0.893032 2.13833 0.00778336
862.112 22.4885 0.948932 2.13798 0.00830798
862.857 22.416 0.920171 2.13731 0.00809903
863.602 22.3503 0.896241 2.13671 0.00792665
864.347 22.3434 0.912954 2.13667 0.0080818
865.093 22.3364 0.929624 2.13662 0.00823675
865.838 22.3356 0.85582 2.13657 0.00757336
866.583 22.3338 0.782144 2.13651 0.00691129
867.329 22.3514 0.81407 2.13669 0.00718923
868.074 22.3708 0.856931 2.1369 0.00756348
868.82 22.3352 0.863059 2.13658 0.00764058
869.565 22.2878 0.861011 2.13616 0.0076514
870.31 22.2493 0.865381 2.13581 0.00771495
871.056 22.2142 0.872021 2.1355 0.00779736
871.801 22.1693 0.858237 2.13509 0.00770015
872.546 22.1191 0.833481 2.13462 0.0075049
873.292 22.0727 0.810174 2.13418 0.00731907
874.037 22.0293 0.78805 2.13377 0.00714094
874.782 22.0127 0.776526 2.13362 0.00704451
875.528 22.026 0.776743 2.13374 0.00703933
876.273 22.0262 0.788034 2.13376 0.00714387
877.018 22.0048 0.817064 2.13358 0.00742499
877.764 21.9849 0.828461 2.13341 0.00754281
878.509 21.9688 0.79886 2.13324 0.00727868
879.254 21.9512 0.773423 2.13307 0.00705322
880 21.9292 0.762644 2.13286 0.00696596
880.745 21.9134 0.748939 2.13271 0.00684764
881.49 21.9384 0.715043 2.13293 0.00651903
882.236 21.9566 0.68432 2.13308 0.00622453
882.981 21.847 0.720536 2.13208 0.00661981
883.726 21.7396 0.754872 2.1311 0.00700267
884.472 21.6715 0.738234 2.13044 0.00688412
885.217 21.6056 0.720436 2.12981 0.00675187
885.962 21.5856 0.686568 2.1296 0.00643944
886.708 21.571 0.6509 2.12945 0.00610593
887.453 21.5689 0.633832 2.12942 0.00594384
888.198 21.5698 0.621075 2.12943 0.00582158
888.944 21.589 0.615851 2.12961 0.0057628
889.689 21.615 0.61334 2.12986 0.00572687
890.434 21.6021 0.629758 2.12975 0.00589025
891.18 21.5688 0.655768 2.12945 0.00615599
891.925 21.5223 0.654922 2.12901 0.00617185
892.67 21.4668 0.635262 2.12847 0.00601065
893.416 21.4092 0.634344 2.12791 0.00603084
894.161 21.3497 0.650967 2.12734 0.00622318
894.906 21.2905 0.661433 2.12677 0.00635675
895.652 21.2318 0.664267 2.1262 0.00641619
896.397 21.1866 0.683335 2.12577 0.00662919
897.142 21.1638 0.731014 2.12557 0.00711395
897.888 21.1577 0.747329 2.12553 0.00727944
898.633 21.1929 0.687204 2.12584 0.00666501
899.378 21.22 0.65605 2.1261 0.00634337
900.124 21.22 0.73069 2.12614 0.00707908
900.869 21.2191 0.780019 2.12617 0.00756578
901.614 21.2188 0.686928 2.12611 0.00664936
902.36 21.2145 0.600613 2.12603 0.00580108
903.105 21.1872 0.586279 2.12575 0.00567299
903.85 21.1595 0.572281 2.12548 0.00554785
904.596 21.0972 0.567524 2.12486 0.0055299
905.341 21.0358 0.562845 2.12425 0.00551204
906.086 21.0054 0.553058 2.12394 0.00542832
906.832 20.9768 0.543137 2.12365 0.00534203
907.577 20.9131 0.556376 2.12302 0.0055051
908.322 20.846 0.571956 2.12235 0.00569524
909.068 20.8332 0.568789 2.12222 0.00566957
909.813 20.8317 0.561734 2.1222 0.00559882
910.558 20.8314 0.535723 2.12219 0.00533448
911.304 20.8313 0.503863 2.12218 0.00501045
912.049 20.8297 0.53683 2.12218 0.00534723
912.794 20.8266 0.597087 2.12218 0.0059626
913.54 20.8196 0.620125 2.12212 0.00620118
914.285 20.8108 0.622642 2.12204 0.0062318
915.03 20.7945 0.603784 2.12187 0.00604822
915.776 20.773 0.570182 2.12163 0.00571595
916.521 20.7347 0.554309 2.12124 0.00557206
917.266 20.6822 0.553859 2.1207 0.00559274
918.012 20.6266 0.56492 2.12013 0.00573423
918.757 20.5676 0.588143 2.11953 0.00600523
919.502 20.5221 0.6116 2.11908 0.00627394
920.248 20.4946 0.635942 2.1188 0.00654385
920.993 20.4574 0.638525 2.11842 0.00659217
921.738 20.4042 0.605069 2.11784 0.0062699
922.484 20.3703 0.604366 2.11749 0.00628114
923.229 20.3759 0.672418 2.11759 0.00699766
923.974 20.3867 0.700381 2.11772 0.00728672
924.72 20.413 0.617885 2.11795 0.00640154
925.465 20.4285 0.538998 2.11808 0.00556288
926.21 20.4109 0.47636 2.11787 0.00491102
926.956 20.3942 0.420663 2.11767 0.00433001
927.701 20.3854 0.395229 2.11757 0.00406465
928.446 20.3711 0.384351 2.11742 0.00395485
929.192 20.3188 0.470269 2.1169 0.00488687
929.937 20.2675 0.547205 2.1164 0.00573036
930.682 20.241 0.550905 2.11612 0.00578345
931.428 20.2151 0.551919 2.11584 0.00580766
932.173 20.1984 0.493457 2.11564 0.00518868
932.918 20.1808 0.435688 2.11543 0.00457553
933.664 20.1377 0.479209 2.11498 0.00506303
934.409 20.0945 0.521714 2.11454 0.00554303
935.154 20.0342 0.48618 2.11387 0.00518569
935.9 19.9739 0.448765 2.1132 0.00480391
936.645 19.9679 0.461674 2.11314 0.00494815
937.39 19.9663 0.478676 2.11313 0.00513541
938.136 20.0183 0.48523 2.11371 0.00518377
938.881 20.078 0.490561 2.11436 0.00521486
939.626 20.1058 0.531646 2.11469 0.00564714
940.372 20.1277 0.579473 2.11495 0.00615325
941.117 20.0546 0.553482 2.11415 0.00591036
941.862 19.9626 0.512921 2.11312 0.00551409
942.608 19.9258 0.483498 2.11271 0.00520885
943.353 19.9035 0.457068 2.11245 0.00492827
944.098 19.8623 0.550455 2.11205 0.00597864
944.844 19.8112 0.6792 2.11156 0.00743408
945.589 19.8382 0.596731 2.11181 0.00650424
946.334 19.889 0.432785 2.1123 0.00466786
947.08 19.8647 0.418662 2.11202 0.00452208
947.825 19.8106 0.467873 2.11145 0.00509062
948.57 19.777 0.49963 2.11109 0.00545968
949.316 19.7532 0.523274 2.11084 0.00573529
950.061 19.7442 0.570105 2.11077 0.00626292
950.806 19.7422 0.629354 2.11078 0.0069256
951.552 19.7265 0.583694 2.11058 0.00642517
952.297 19.7009 0.478408 2.11025 0.00526019
953.042 19.6659 0.522157 2.10988 0.00576873
953.788 19.6219 0.657136 2.10946 0.007314
954.533 19.6425 0.57326 2.10965 0.00635678
955.278 19.6972 0.335513 2.11016 0.0036602
956.024 19.6496 0.306265 2.10961 0.00334659
956.769 19.535 0.426273 2.10836 0.00474725
957.514 19.492 0.45054 2.10789 0.00504295
958.26 19.5046 0.404626 2.10801 0.00451386
959.005 19.5213 0.367352 2.10819 0.00408275
959.75 19.5416 0.337055 2.10842 0.00373098
960.496 19.5273 0.418089 2.10829 0.00465871
961.241 19.4767 0.591351 2.1078 0.00666044
961.986 19.4732 0.664367 2.10781 0.00749687
962.732 19.5177 0.651082 2.10831 0.00731644
963.477 19.5322 0.635517 2.10846 0.00713042
964.222 19.5189 0.618248 2.10831 0.00694261
964.968 19.5252 0.560242 2.10835 0.00627918
965.713 19.5477 0.463118 2.10855 0.00516371
966.458 19.5233 0.441602 2.10827 0.00493027
967.204 19.4566 0.49115 2.10753 0.00552756
967.949 19.3756 0.537552 2.10663 0.00610318
968.694 19.2821 0.580335 2.10557 0.00665223
969.44 19.2532 0.572354 2.10524 0.0065768
970.185 19.2843 0.516902 2.10557 0.00591426
970.93 19.2449 0.490452 2.1051 0.00562702
971.676 19.1418 0.491937 2.10389 0.00569754
972.421 19.0847 0.468706 2.10321 0.00545254
973.166 19.0677 0.423067 2.10299 0.00492021
973.912 19.0688 0.405387 2.103 0.00471041
974.657 19.0866 0.41284 2.10321 0.00479123
975.402 19.1025 0.416273 2.10341 0.00482507
976.148 19.1169 0.416109 2.10358 0.00481707
976.893 19.1162 0.415278 2.10357 0.00480783
977.638 19.1027 0.413891 2.10341 0.0047976
978.384 19.097 0.40397 2.10334 0.004683
979.129 19.0976 0.38718 2.10335 0.00448445
979.874 19.1078 0.389406 2.10347 0.00450681
980.62 19.1255 0.406208 2.10369 0.00469801
981.365 19.0653 0.423448 2.10299 0.00492855
982.11 18.9532 0.43971 2.10166 0.0051744
982.856 18.891 0.460578 2.10093 0.00545558
983.601 18.8599 0.484716 2.10057 0.0057629
984.346 18.8103 0.4746 2.09996 0.00566679
985.092 18.7503 0.445004 2.09922 0.0053375
985.837 18.732 0.397946 2.09898 0.00477179
986.583 18.735 0.340903 2.09899 0.00407366
987.328 18.7343 0.344265 2.09899 0.00411527
988.073 18.7317 0.377066 2.09897 0.00451742
988.818 18.7501 0.421659 2.09922 0.00505402
989.564 18.7771 0.47215 2.09957 0.00565602
990.309 18.7962 0.513392 2.09983 0.00614715
991.055 18.8122 0.551351 2.10005 0.00659855
991.8 18.8111 0.515414 2.10002 0.00616376
992.545 18.8036 0.456483 2.0999 0.00545301
993.291 18.8076 0.453998 2.09995 0.0054211
994.036 18.8147 0.46608 2.10004 0.00556431
994.781 18.8174 0.459227 2.10007 0.00548008
995.527 18.8192 0.448509 2.10009 0.00534949
996.272 18.8043 0.424926 2.0999 0.00507077
997.017 18.7868 0.399701 2.09968 0.00477244
997.763 18.7396 0.372611 2.09909 0.00446268
998.508 18.6902 0.346152 2.09848 0.0041588
999.253 18.7143 0.478735 2.09884 0.00577249
999.999 18.7358 0.621779 2.09919 0.00750736
