255.408 1.17036 1.6127 1.26497 0.598516
256.154 1.21802 1.6434 1.28584 0.597419
256.899 1.2656 1.67259 1.30594 0.595814
257.644 1.23015 1.64658 1.28993 0.595788
258.39 1.18229 1.61083 1.26782 0.595396
259.135 1.2173 1.67108 1.29124 0.605808
259.88 1.28526 1.76176 1.33029 0.617028
260.626 1.30858 1.7723 1.33894 0.61494
261.371 1.30186 1.73308 1.32858 0.605489
262.116 1.30934 1.71118 1.32597 0.597765
262.862 1.33172 1.70833 1.33159 0.59231
263.607 1.34657 1.70538 1.33506 0.588438
264.353 1.34746 1.70234 1.3346 0.587431
265.098 1.35322 1.70605 1.33689 0.587317
265.843 1.37727 1.73449 1.34931 0.590309
266.589 1.39808 1.75663 1.35944 0.592136
267.334 1.37799 1.71238 1.34484 0.584113
268.079 1.35892 1.66766 1.33037 0.575452
268.825 1.38898 1.75449 1.35628 0.593515
269.57 1.42628 1.8472 1.38526 0.610586
270.315 1.43918 1.80501 1.3799 0.596901
271.061 1.44778 1.73402 1.3679 0.576234
271.806 1.45703 1.70754 1.36514 0.567269
272.551 1.46595 1.70121 1.36628 0.563849
273.297 1.48309 1.70159 1.37094 0.560689
274.042 1.50681 1.70722 1.37834 0.557724
274.787 1.51682 1.71432 1.38231 0.557769
275.533 1.50797 1.7238 1.38167 0.562022
276.278 1.50423 1.71821 1.37954 0.561272
277.023 1.51373 1.67525 1.37393 0.547925
277.769 1.52691 1.64586 1.37203 0.53752
278.514 1.55788 1.68723 1.38792 0.543058
279.259 1.58898 1.72606 1.4032 0.547662
280.005 1.58377 1.69121 1.39541 0.539472
280.75 1.57916 1.65645 1.38786 0.531064
281.495 1.57389 1.6187 1.37966 0.521834
282.241 1.56918 1.58067 1.37164 0.512274
282.986 1.57674 1.58044 1.37363 0.510932
283.731 1.5882 1.59243 1.3788 0.512263
284.477 1.58876 1.56803 1.3747 0.505506
285.222 1.58354 1.52159 1.36532 0.493535
285.967 1.5915 1.50361 1.3645 0.487197
286.713 1.61246 1.51521 1.37222 0.486998
287.458 1.626 1.51915 1.37658 0.485889
288.203 1.62608 1.50953 1.37498 0.483245
288.949 1.62776 1.4964 1.37326 0.479353
289.694 1.63514 1.47094 1.37118 0.47109
290.439 1.64338 1.44755 1.36974 0.46326
291.185 1.65852 1.44313 1.37326 0.459681
291.93 1.67353 1.43873 1.37674 0.456156
292.675 1.66256 1.38292 1.36512 0.442139
293.421 1.65215 1.32452 1.35345 0.426964
294.166 1.6466 1.30493 1.34896 0.422109
294.911 1.64193 1.29391 1.34598 0.419588
295.657 1.63958 1.26619 1.3413 0.411813
296.402 1.63881 1.23094 1.33611 0.401516
297.147 1.64399 1.1995 1.33333 0.391463
297.893 1.65387 1.17137 1.33251 0.381751
298.638 1.65236 1.14952 1.32918 0.375402
299.383 1.63462 1.13581 1.32201 0.373573
300.129 1.61672 1.11536 1.31388 0.369657
300.874 1.59891 1.07803 1.3036 0.360407
301.619 1.58292 1.04247 1.29414 0.351289
302.365 1.57344 1.01983 1.28835 0.345307
303.11 1.56416 0.996811 1.28259 0.339108
303.855 1.54973 0.957695 1.27331 0.328244
304.601 1.53615 0.918178 1.26434 0.31695
305.346 1.50345 0.891016 1.25048 0.311671
306.091 1.46797 0.8646 1.23563 0.306768
306.837 1.43371 0.822842 1.21936 0.296264
307.582 1.40071 0.774709 1.20277 0.283015
308.327 1.36949 0.757075 1.18989 0.280014
309.073 1.33856 0.759606 1.17907 0.284147
309.818 1.30917 0.740021 1.16636 0.280133
310.563 1.28254 0.695232 1.15198 0.266383
311.309 1.256 0.661361 1.13873 0.256343
312.054 1.22799 0.650118 1.12704 0.254794
312.799 1.19516 0.637145 1.1132 0.252989
313.545 1.14416 0.618142 1.09146 0.250489
314.29 1.09303 0.59735 1.06907 0.247112
315.035 1.05259 0.567317 1.04977 0.238713
315.781 1.01197 0.536019 1.03003 0.229458
316.526 0.969141 0.508877 1.00948 0.221794
317.271 0.925769 0.480895 0.988318 0.213476
318.017 0.873464 0.453697 0.962935 0.205886
318.762 0.818169 0.425491 0.935611 0.197663
319.507 0.761443 0.405286 0.907681 0.192839
320.253 0.703183 0.388792 0.878657 0.189613
320.998 0.647729 0.372471 0.850321 0.186016
321.743 0.594807 0.356321 0.822612 0.182065
322.489 0.541958 0.340846 0.794368 0.17821
323.234 0.489817 0.326967 0.765976 0.174904
323.979 0.436673 0.313788 0.736442 0.171839
324.725 0.382619 0.304033 0.705959 0.170541
325.47 0.32722 0.294274 0.673956 0.169218
326.215 0.269618 0.287757 0.64009 0.169831
326.961 0.210624 0.280835 0.604437 0.170273
327.706 0.151203 0.280768 0.568069 0.174956
328.451 0.0903036 0.280681 0.52973 0.179941
329.197 0.0336999 0.284519 0.493437 0.187335
329.942 -0.0232264 0.289151 0.456025 0.195631
330.687 -0.0801076 0.294963 0.417743 0.205127
331.433 -0.137752 0.301381 0.377939 0.215592
332.178 -0.193987 0.312588 0.338609 0.229922
332.923 -0.249462 0.327504 0.299305 0.247671
333.669 -0.304455 0.342403 0.259435 0.266247
334.414 -0.358546 0.357117 0.21931 0.285487
335.159 -0.41093 0.372311 0.179717 0.30581
335.905 -0.458183 0.387869 0.143588 0.326535
336.65 -0.504857 0.403223 0.10724 0.347901
337.395 -0.546053 0.415776 0.074415 0.366672
338.141 -0.587888 0.428688 0.0405535 0.386631
338.886 -0.631312 0.442291 0.00484521 0.408372
339.631 -0.675382 0.456281 -0.0319814 0.431534
340.377 -0.723354 0.47077 -0.0729961 0.457172
341.122 -0.772433 0.485717 -0.115745 0.484759
341.867 -0.81804 0.49883 -0.156443 0.510802
342.613 -0.863088 0.511635 -0.197433 0.537517
343.358 -0.899922 0.51986 -0.232238 0.557907
344.103 -0.932165 0.525452 -0.263725 0.57466
344.849 -0.970986 0.53052 -0.302937 0.593764
345.594 -1.01653 0.535068 -0.350515 0.615578
346.339 -1.06394 0.541906 -0.400479 0.641701
347.085 -1.11414 0.55273 -0.453197 0.674872
347.83 -1.16537 0.563961 -0.508223 0.710715
348.575 -1.21819 0.575835 -0.566189 0.750023
349.321 -1.27104 0.586107 -0.626461 0.789507
350.066 -1.31682 0.578505 -0.688971 0.804046
350.811 -1.36325 0.570645 -0.754546 0.819081
351.557 -1.40846 0.581867 -0.809437 0.860363
352.302 -1.45421 0.594126 -0.865561 0.905508
353.047 -1.51068 0.597096 -0.944728 0.946655
353.793 -1.57026 0.598103 -1.03298 0.989588
354.538 -1.6395 0.606669 -1.13444 1.0549
355.283 -1.71399 0.618977 -1.24583 1.13641
356.029 -1.77749 0.62836 -1.34551 1.20982
356.774 -1.83199 0.635277 -1.43517 1.27542
357.519 -1.88399 0.638338 -1.52735 1.33563
358.265 -1.93211 0.635882 -1.62175 1.38466
359.01 -1.98205 0.635128 -1.72152 1.4424
359.755 -2.0357 0.638877 -1.82716 1.51846
360.501 -2.09372 0.645361 -1.94235 1.61259
361.246 -2.17318 0.667572 -2.08499 1.78531
361.991 -2.25441 0.690411 -2.23206 1.98255
362.737 -2.33991 0.713145 -2.38954 2.21176
363.482 -2.42747 0.736601 -2.54849 2.47598
364.227 -2.49893 0.752115 -2.68462 2.70636
364.973 -2.56932 0.766817 -2.81734 2.95474
365.718 -2.63416 0.767432 -2.98061 3.17212
366.463 -2.69773 0.762905 -3.16366 3.39339
367.209 -2.76085 0.775542 -3.2782 3.68254
367.954 -2.82402 0.79981 -3.32801 4.02659
368.699 -2.9014 0.821461 -3.39866 4.46203
369.445 -2.99529 0.840095 -3.48186 5.02874
370.19 -3.09302 0.859223 -3.50801 5.68535
370.935 -3.19623 0.878733 -3.4476 6.44995
371.681 -3.29647 0.898397 -3.26357 7.25211
372.426 -3.37659 0.916414 -2.99121 7.91436
373.171 -3.4564 0.933842 -2.61697 8.5745
373.917 -3.51169 0.93626 -2.37876 9.06102
374.662 -3.56773 0.938663 -2.07871 9.55511
375.407 -3.64025 0.945413 -1.56234 10.1568
376.153 -3.71517 0.952579 -0.914931 10.7256
376.898 -3.82543 0.979757 0.3334 11.2326
377.643 -3.9473 1.01328 1.82271 11.4021
378.389 -4.07745 1.05035 3.34741 11.1587
379.134 -4.21393 1.09031 4.71449 10.5349
379.879 -4.33224 1.12857 5.63113 9.78385
380.625 -4.43329 1.16503 6.20316 9.06709
381.37 -4.53186 1.19571 6.63364 8.40189
382.116 -4.62526 1.21619 6.97175 7.82756
382.861 -4.71097 1.23168 7.21737 7.32672
383.606 -4.77046 1.23133 7.40463 7.02324
384.352 -4.83784 1.23559 7.55706 6.66825
385.097 -4.95801 1.27414 7.59955 6.00802
385.842 -5.08107 1.31426 7.57531 5.4158
386.587 -5.2467 1.35384 7.5306 4.7439
387.333 -5.41833 1.39536 7.42298 4.1597
388.078 -5.58278 1.45368 7.23952 3.69476
388.824 -5.74993 1.51771 7.04191 3.30385
389.569 -5.91088 1.56598 6.88626 2.98404
390.314 -6.07209 1.60877 6.7435 2.7084
391.06 -6.19914 1.63453 6.64598 2.51539
391.805 -6.3008 1.64731 6.57995 2.37231
392.55 -6.40843 1.6741 6.49189 2.23961
393.296 -6.52319 1.71905 6.38126 2.11861
394.041 -6.647 1.7701 6.26635 2.00177
394.786 -6.78865 1.83342 6.13907 1.88378
395.532 -6.94555 1.89516 6.01685 1.76399
396.277 -7.16407 1.93957 5.89346 1.60227
397.022 -7.38991 1.98821 5.7719 1.45973
397.768 -7.60442 2.08943 5.63166 1.362
398.513 -7.82577 2.19677 5.50062 1.27455
399.258 -8.01963 2.258 5.41265 1.19721
400.004 -8.21574 2.31652 5.33136 1.1262
400.749 -8.37634 2.37972 5.26293 1.07759
401.494 -8.52827 2.44593 5.19976 1.03678
402.24 -8.66756 2.51437 5.14256 1.00379
402.985 -8.80028 2.58498 5.08934 0.975475
403.73 -8.97758 2.64376 5.03338 0.932474
404.476 -9.20254 2.69029 4.97452 0.876985
405.221 -9.44425 2.76275 4.90919 0.827444
405.966 -9.71057 2.88201 4.83331 0.785221
406.712 -10.0013 3.01934 4.7564 0.744788
407.457 -10.3542 3.20364 4.66906 0.703279
408.202 -10.7136 3.39374 4.58941 0.665763
408.948 -11.0051 3.51165 4.53662 0.634072
409.693 -11.3074 3.63624 4.48569 0.604402
410.438 -11.5998 3.78701 4.43619 0.581152
411.184 -11.9012 3.94743 4.3885 0.559419
411.929 -12.1465 4.10349 4.34964 0.545104
412.674 -12.3838 4.26426 4.31342 0.53265
413.42 -12.6364 4.39261 4.28157 0.516779
414.165 -12.9006 4.50862 4.25191 0.499885
414.91 -13.2368 4.68643 4.21378 0.481753
415.656 -13.6375 4.92246 4.1699 0.463141
416.401 -14.0801 5.16409 4.12712 0.443102
417.146 -14.5794 5.40793 4.08518 0.421022
417.892 -15.106 5.71549 4.04196 0.402163
418.637 -15.6607 6.16516 3.99403 0.38882
419.382 -16.2248 6.63881 3.94974 0.376242
420.128 -16.7374 7.03664 3.91511 0.364236
420.873 -17.2683 7.4666 3.88175 0.352882
421.618 -17.7232 7.86824 3.85431 0.344374
422.364 -18.1918 8.29905 3.82765 0.336206
423.109 -18.6626 8.61346 3.80708 0.325896
423.854 -19.1499 8.92784 3.7876 0.315647
424.6 -19.607 9.38956 3.7654 0.309403
425.345 -20.0569 9.9268 3.74274 0.304539
426.09 -20.6834 10.5396 3.71744 0.295731
426.836 -21.4448 11.2348 3.69087 0.284856
427.581 -22.2149 12.0609 3.664 0.275684
428.326 -22.9794 13.0426 3.63684 0.268172
429.072 -23.832 14.1884 3.60901 0.260042
429.817 -24.8431 15.5954 3.57936 0.250591
430.562 -25.8168 17.1815 3.55118 0.242431
431.308 -26.5563 18.9038 3.52555 0.237477
432.053 -27.2204 20.7816 3.50128 0.232854
432.798 -27.6202 22.2985 3.48396 0.229993
433.544 -27.9553 23.931 3.46703 0.227201
434.289 -28.7097 25.6116 3.45133 0.219927
435.034 -29.4757 27.4612 3.43597 0.212645
435.78 -29.8984 29.5333 3.42042 0.207891
436.525 -30.1364 31.7892 3.40508 0.203811
437.27 -30.2475 34.2824 3.38975 0.199634
438.016 -30.1748 36.9994 3.3746 0.195483
438.761 -29.6855 40.3665 3.35731 0.191316
439.506 -28.5624 44.3455 3.33842 0.187176
440.252 -26.7606 48.5581 3.31974 0.183095
440.997 -24.1127 52.908 3.30115 0.179032
441.742 -20.5624 57.1299 3.28302 0.174995
442.488 -16.0666 61.0499 3.26524 0.170778
443.233 -10.6448 64.2551 3.24795 0.16675
443.978 -4.50198 66.3987 3.23117 0.16303
444.724 2.05624 67.3265 3.21485 0.159451
445.469 6.25692 67.1151 3.20471 0.157582
446.214 10.3517 66.3937 3.19474 0.155752
446.96 15.1373 65.7398 3.18376 0.151682
447.705 19.8868 64.473 3.1728 0.147397
448.45 24.4968 62.2238 3.16114 0.143472
449.196 28.6125 59.2846 3.14939 0.139753
449.941 31.677 55.5951 3.13749 0.137485
450.686 33.7824 51.6369 3.12559 0.136147
451.432 35.4963 47.6351 3.11332 0.134288
452.177 36.8333 43.617 3.1006 0.131865
452.922 37.6676 39.7343 3.08781 0.129326
453.668 38.1038 35.9465 3.07459 0.126495
454.413 38.0954 32.6089 3.06204 0.124003
455.158 37.7086 29.9952 3.05124 0.12255
455.904 37.1833 27.6305 3.04061 0.121157
456.649 36.4392 25.4126 3.02951 0.120186
457.394 35.6491 23.4364 3.01864 0.119228
458.14 35.28 21.768 3.00978 0.116408
458.885 34.879 20.2357 3.0012 0.113525
459.63 34.5945 18.9311 2.99392 0.110302
460.376 34.3048 17.7343 2.98704 0.107051
461.121 33.6026 16.5895 2.97845 0.105624
461.866 32.7335 15.5404 2.9691 0.105109
462.612 32.0536 14.7009 2.96131 0.104372
463.357 31.5276 14.0184 2.95489 0.103447
464.102 30.9252 13.1777 2.94691 0.101777
464.848 30.1961 12.1181 2.93656 0.0990007
465.593 29.503 11.2449 2.92701 0.0967642
466.338 28.8954 10.6639 2.91933 0.0958511
467.084 28.3216 10.1248 2.91184 0.0948725
467.829 27.8361 9.60439 2.90492 0.0933404
468.574 27.3639 9.12034 2.89809 0.091843
469.32 26.7089 8.55418 2.88882 0.0904221
470.065 26.0829 8.03825 2.87972 0.0890397
470.81 25.4992 7.66146 2.87148 0.0886239
471.556 24.947 7.32857 2.86351 0.0883627
472.301 24.482 6.99869 2.85625 0.0874765
473.046 24.0578 6.68344 2.84931 0.0863712
473.792 23.6942 6.40225 2.84314 0.0851752
474.537 23.3725 6.14631 2.8375 0.0839241
475.282 23.0343 5.89901 2.83156 0.0827819
476.028 22.6775 5.65995 2.82525 0.0817628
476.773 22.3059 5.4342 2.81864 0.0809198
477.518 21.8936 5.22077 2.81129 0.080418
478.264 21.5112 5.01456 2.80421 0.0797428
479.009 21.1929 4.79273 2.79783 0.0783055
479.754 20.8877 4.58538 2.79161 0.0769009
480.5 20.643 4.40721 2.78644 0.0754954
481.245 20.4043 4.23801 2.78134 0.0741192
481.99 20.0899 4.11407 2.77507 0.0739503
482.736 19.7809 3.99976 2.76879 0.073882
483.481 19.4724 3.8542 2.76214 0.0731773
484.226 19.173 3.7074 2.75548 0.0723146
484.972 18.9362 3.59546 2.75013 0.0716628
485.717 18.7338 3.50246 2.74549 0.0711247
486.462 18.5338 3.38986 2.74069 0.0701239
487.208 18.3358 3.261 2.73575 0.068706
487.953 18.1256 3.15275 2.73058 0.0677448
488.698 17.8948 3.07246 2.72503 0.067485
489.444 17.6867 2.99375 2.71989 0.0670809
490.189 17.5296 2.91214 2.71582 0.0662453
490.934 17.3677 2.83359 2.71159 0.0654761
491.68 17.1464 2.75798 2.70589 0.0651253
492.425 16.9327 2.68589 2.70027 0.0647776
493.17 16.7465 2.60041 2.69514 0.0638795
493.916 16.5661 2.51857 2.69009 0.0629886
494.661 16.4021 2.44865 2.68545 0.0622577
495.406 16.2445 2.38311 2.68094 0.0615659
496.152 16.0707 2.29429 2.67577 0.0603123
496.897 15.8936 2.19972 2.67038 0.0588599
497.642 15.7272 2.14395 2.66545 0.0583688
498.388 15.5696 2.11471 2.66085 0.0585549
499.133 15.4245 2.09337 2.65659 0.0588869
499.878 15.2932 2.08117 2.65273 0.0594013
500.624 15.1706 2.04873 2.64894 0.0592598
501.369 15.0626 1.97298 2.64526 0.0577004
502.115 14.9493 1.90385 2.64143 0.0563324
502.86 14.8064 1.85502 2.63676 0.0557416
503.605 14.6699 1.80832 2.63223 0.0551507
504.35 14.5928 1.76619 2.62958 0.0543101
505.096 14.5167 1.72519 2.62694 0.0534813
505.841 14.3868 1.69411 2.62258 0.0532903
506.587 14.2549 1.66494 2.6181 0.0531624
507.332 14.1463 1.63771 2.61436 0.0529445
508.077 14.0458 1.61158 2.61085 0.0527024
508.823 13.9424 1.57464 2.60713 0.0520954
509.568 13.8385 1.53262 2.60332 0.0512942
510.313 13.7356 1.50067 2.59957 0.0508187
511.059 13.6339 1.47797 2.59587 0.0506513
511.804 13.5216 1.44154 2.59166 0.0500422
512.549 13.3906 1.38299 2.58657 0.0487089
513.294 13.2748 1.33901 2.58206 0.0477814
514.04 13.1986 1.3337 2.57922 0.0480525
514.785 13.1201 1.32782 2.57626 0.0483181
515.531 13.0118 1.3173 2.5721 0.0485886
516.276 12.9063 1.30687 2.568 0.0488471
517.021 12.8535 1.27038 2.56576 0.0477545
517.767 12.8029 1.2339 2.5636 0.0466338
518.512 12.7259 1.18348 2.56029 0.0450923
519.257 12.6448 1.13202 2.55678 0.0434986
520.003 12.585 1.11626 2.55432 0.0432093
520.748 12.5346 1.11516 2.5523 0.0434637
521.493 12.4613 1.12693 2.5494 0.0443831
522.239 12.3716 1.14757 2.54584 0.0457843
522.984 12.2983 1.14758 2.54282 0.0462409
523.729 12.2452 1.12226 2.54047 0.0455039
524.475 12.1879 1.09507 2.53792 0.0447
525.22 12.1199 1.06291 2.53486 0.0437299
525.965 12.0491 1.03303 2.53166 0.0428555
526.711 11.96 1.01044 2.52768 0.0423877
527.456 11.874 0.988927 2.52379 0.0419365
528.201 11.8187 0.977138 2.5213 0.0417363
528.947 11.7642 0.965597 2.51882 0.0415379
529.692 11.6952 0.933983 2.51556 0.0405012
530.437 11.6256 0.90117 2.51223 0.0393906
531.183 11.5486 0.902842 2.50872 0.0399025
531.928 11.4706 0.914355 2.50518 0.0408905
532.673 11.4128 0.90758 2.50247 0.0409121
533.419 11.3668 0.890603 2.50023 0.0403789
534.164 11.3099 0.866251 2.49742 0.0395444
534.909 11.2423 0.83491 2.49403 0.038415
535.655 11.1855 0.814029 2.49119 0.0377168
536.4 11.1463 0.810137 2.4893 0.0377481
537.145 11.1041 0.806166 2.48725 0.0377913
537.891 11.0506 0.801844 2.48461 0.037878
538.636 10.9987 0.797185 2.48204 0.0379388
539.381 10.9548 0.788985 2.47983 0.0377771
540.127 10.9114 0.780938 2.47764 0.0376168
540.872 10.8675 0.78009 2.47544 0.0378242
541.617 10.8242 0.779496 2.47327 0.038043
542.363 10.7951 0.756715 2.47169 0.0370411
543.108 10.7692 0.729597 2.47025 0.0357899
543.853 10.7173 0.713432 2.46751 0.0352309
544.599 10.6548 0.702351 2.46423 0.0349839
545.344 10.6063 0.696452 2.46168 0.034933
546.089 10.5688 0.694532 2.45973 0.0350355
546.835 10.5281 0.689208 2.45757 0.0349732
547.58 10.4829 0.679358 2.45513 0.034689
548.325 10.4334 0.672523 2.45246 0.0345855
549.071 10.3725 0.672625 2.44918 0.0349173
549.816 10.3152 0.670571 2.44607 0.0351152
550.561 10.2716 0.657487 2.44363 0.0346306
551.307 10.2288 0.64462 2.44122 0.0341468
552.052 10.1948 0.625417 2.43926 0.0332564
552.797 10.1611 0.60666 2.43731 0.0323799
553.543 10.1202 0.597371 2.43499 0.0320659
554.288 10.0788 0.589474 2.43264 0.0318284
555.033 10.0395 0.593128 2.43044 0.0322404
555.779 10.0011 0.600379 2.42831 0.0328585
556.524 9.96368 0.591798 2.42614 0.0325603
557.269 9.92696 0.573777 2.42395 0.0317042
558.015 9.89183 0.56899 2.42191 0.031606
558.76 9.85832 0.57795 2.42002 0.0323074
559.505 9.82818 0.5784 2.41828 0.0324947
560.251 9.80394 0.563353 2.41681 0.0317336
560.996 9.77911 0.549526 2.4153 0.0310422
561.741 9.75164 0.539467 2.41365 0.0305831
562.487 9.7246 0.53042 2.41202 0.0301786
563.232 9.69957 0.53132 2.41055 0.0303606
563.977 9.67479 0.532173 2.40909 0.0305395
564.723 9.63639 0.536036 2.40682 0.0309684
565.468 9.59775 0.539889 2.40451 0.0314019
566.213 9.56784 0.530258 2.40266 0.0309673
566.959 9.54019 0.517687 2.40093 0.030336
567.704 9.51476 0.509137 2.39935 0.0299375
568.449 9.49053 0.502548 2.39785 0.0296519
569.195 9.46131 0.493834 2.39602 0.0292545
569.94 9.42805 0.483432 2.39393 0.0287658
570.685 9.39229 0.470513 2.39165 0.0281242
571.431 9.35278 0.453962 2.3891 0.027261
572.176 9.31789 0.447101 2.38689 0.0269855
572.921 9.29411 0.465017 2.38548 0.0282454
573.667 9.26865 0.479027 2.38394 0.0292707
574.412 9.23248 0.470516 2.3816 0.0289002
575.157 9.1969 0.462218 2.37928 0.0285361
575.903 9.15916 0.450252 2.3768 0.0279375
576.648 9.12205 0.438637 2.37435 0.0273514
577.393 9.10068 0.432622 2.37294 0.0270583
578.139 9.08185 0.427516 2.37171 0.0268117
578.884 9.06268 0.423717 2.37045 0.0266518
579.629 9.04351 0.420419 2.36919 0.0265241
580.375 9.01756 0.42036 2.36749 0.0266413
581.12 8.9873 0.422383 2.3655 0.0269181
581.865 8.96311 0.425309 2.36391 0.0272305
582.611 8.94571 0.429318 2.36279 0.0275871
583.356 8.9274 0.432478 2.36159 0.027892
584.101 8.90715 0.433999 2.36025 0.0280962
584.847 8.88582 0.431924 2.35882 0.0280612
585.592 8.85939 0.415243 2.35697 0.0270494
586.337 8.83391 0.399443 2.35518 0.026085
587.083 8.82001 0.391439 2.35421 0.025601
587.828 8.80619 0.38354 2.35325 0.0251215
588.573 8.78575 0.378468 2.35185 0.0248633
589.319 8.76498 0.373706 2.35041 0.0246259
590.064 8.74116 0.370898 2.34877 0.0245358
590.809 8.71677 0.368625 2.34708 0.0244845
591.555 8.69205 0.369403 2.34538 0.0246485
592.3 8.66731 0.371709 2.34367 0.0249214
593.045 8.64501 0.374372 2.34213 0.025211
593.791 8.6249 0.377365 2.34074 0.0255162
594.536 8.60424 0.375097 2.33929 0.0254505
595.281 8.58257 0.364668 2.33772 0.0248045
596.027 8.55831 0.356334 2.33597 0.0243148
596.772 8.52603 0.353733 2.33366 0.0242679
597.517 8.4969 0.350674 2.33157 0.0241736
598.263 8.4879 0.343849 2.33091 0.0237212
599.008 8.47892 0.33709 2.33026 0.0232719
599.753 8.45623 0.334849 2.32862 0.0232055
600.499 8.43355 0.332727 2.32697 0.023147
601.244 8.4095 0.334883 2.32524 0.0234081
601.989 8.38547 0.337718 2.32351 0.0237209
602.735 8.36706 0.334894 2.32216 0.0235933
603.48 8.35099 0.329859 2.32097 0.0232908
604.225 8.336 0.330949 2.31988 0.0234384
604.971 8.32181 0.336439 2.31887 0.0239117
605.716 8.30521 0.334133 2.31764 0.0238138
606.461 8.28558 0.322212 2.31615 0.0230058
607.207 8.26788 0.314836 2.31481 0.0225272
607.952 8.25427 0.31726 2.31382 0.0227693
608.697 8.24235 0.316982 2.31294 0.0228013
609.443 8.23811 0.303835 2.31259 0.0218287
610.188 8.23311 0.291445 2.31219 0.0209145
610.933 8.2102 0.297412 2.3105 0.0214584
611.679 8.18758 0.303191 2.30882 0.0219904
612.424 8.16803 0.302316 2.30734 0.0220046
613.169 8.14902 0.300735 2.3059 0.0219623
613.915 8.13919 0.305067 2.30519 0.0223389
614.66 8.13212 0.311158 2.30469 0.0228409
615.405 8.11854 0.305892 2.30364 0.0224944
616.151 8.10124 0.294204 2.30228 0.0216635
616.896 8.08148 0.289227 2.30075 0.021358
617.641 8.05936 0.290833 2.29906 0.0215723
618.387 8.03847 0.289944 2.29745 0.021588
619.132 8.01949 0.284817 2.29596 0.0212637
619.878 8.00396 0.280589 2.29475 0.0209949
620.623 7.99961 0.279131 2.29442 0.0209013
621.368 7.99363 0.278038 2.29397 0.0208423
622.113 7.97151 0.280468 2.29225 0.021122
622.859 7.94968 0.2828 2.29055 0.0213946
623.604 7.92723 0.278494 2.28877 0.0211424
624.349 7.90505 0.273988 2.287 0.020871
625.095 7.89385 0.267237 2.2861 0.0203767
625.84 7.88502 0.260059 2.28539 0.0198376
626.586 7.87396 0.258185 2.28451 0.0197311
627.331 7.86195 0.258701 2.28357 0.0198202
628.076 7.84354 0.2575 2.2821 0.0197938
628.822 7.82014 0.254947 2.28022 0.0196752
629.567 7.80207 0.255446 2.27877 0.019785
630.312 7.79111 0.260122 2.27791 0.0202101
631.057 7.78222 0.263152 2.27722 0.0204947
631.803 7.77853 0.262144 2.27693 0.0204303
632.548 7.77314 0.260609 2.27651 0.0203291
633.294 7.75777 0.256019 2.27525 0.0200138
634.039 7.74256 0.25156 2.274 0.0197069
634.784 7.72781 0.251473 2.27281 0.019757
635.53 7.71322 0.251373 2.27162 0.0198056
636.275 7.69789 0.250654 2.27037 0.0198057
637.02 7.68261 0.24985 2.26912 0.0197985
637.766 7.67219 0.245358 2.26826 0.0194666
638.511 7.66348 0.239636 2.26753 0.0190248
639.256 7.65432 0.238821 2.26678 0.0189929
640.002 7.64491 0.241138 2.26602 0.0192236
640.747 7.63209 0.239795 2.26496 0.0191604
641.492 7.61554 0.234457 2.26357 0.0187741
642.238 7.60317 0.231625 2.26254 0.0185824
642.983 7.59876 0.233555 2.26219 0.0187642
643.728 7.5944 0.235176 2.26185 0.0189199
644.474 7.59025 0.235609 2.26152 0.0189749
645.219 7.5851 0.236051 2.26111 0.0190341
645.964 7.56581 0.236635 2.25949 0.0191553
646.71 7.5468 0.237178 2.2579 0.0192726
647.455 7.53089 0.234156 2.25655 0.0190754
648.2 7.51537 0.230931 2.25523 0.0188582
648.946 7.50761 0.223763 2.25456 0.0182753
649.691 7.50178 0.215643 2.25405 0.0176026
650.436 7.49393 0.210381 2.25338 0.0171804
651.182 7.48508 0.206599 2.25262 0.0168872
651.927 7.46959 0.207942 2.25131 0.0170557
652.672 7.44831 0.213699 2.24951 0.0176255
653.418 7.43119 0.217501 2.24805 0.0180156
654.163 7.4202 0.21852 2.24712 0.0181448
654.908 7.41014 0.218642 2.24626 0.0181931
655.654 7.40255 0.216245 2.24561 0.0180134
656.399 7.39519 0.213524 2.24497 0.0178041
657.144 7.38924 0.208313 2.24445 0.0173719
657.89 7.3833 0.203152 2.24393 0.016943
658.635 7.36015 0.20416 2.24192 0.0171089
659.38 7.3372 0.205173 2.23992 0.0172758
660.126 7.32724 0.204871 2.23906 0.017285
660.871 7.31955 0.204351 2.23839 0.0172674
661.616 7.31437 0.204801 2.23795 0.0173275
662.362 7.31018 0.205629 2.2376 0.0174179
663.107 7.30377 0.208219 2.23705 0.0176722
663.852 7.2958 0.212035 2.23638 0.0180412
664.598 7.2866 0.210347 2.23557 0.0179255
665.343 7.27588 0.202031 2.2346 0.0172233
666.088 7.26418 0.197368 2.23356 0.0168478
666.834 7.25035 0.200393 2.23234 0.0171663
667.579 7.23892 0.202715 2.23134 0.0174151
668.324 7.23797 0.202147 2.23127 0.0173705
669.07 7.23692 0.201389 2.23119 0.017309
669.815 7.23378 0.196446 2.2309 0.0168782
670.56 7.23062 0.191531 2.23062 0.0164494
671.306 7.2145 0.185908 2.22917 0.0159959
672.051 7.19731 0.180357 2.22761 0.0155493
672.796 7.18385 0.182636 2.22641 0.0157991
673.542 7.17152 0.18707 2.22532 0.0162424
674.287 7.16422 0.187181 2.22468 0.0162782
675.032 7.15971 0.184917 2.22427 0.016089
675.778 7.15618 0.185106 2.22397 0.0161201
676.523 7.15358 0.187672 2.22375 0.016365
677.268 7.1485 0.188845 2.22331 0.0164909
678.014 7.13927 0.187686 2.22248 0.0164169
678.759 7.12788 0.186386 2.22144 0.0163366
679.504 7.10951 0.184621 2.21977 0.0162347
680.25 7.09305 0.182841 2.21826 0.0161248
680.995 7.0908 0.18066 2.21806 0.0159336
681.74 7.08855 0.178489 2.21786 0.015743
682.486 7.08668 0.179716 2.21771 0.0158648
683.231 7.08482 0.18105 2.21755 0.0159964
683.976 7.07365 0.173368 2.21651 0.0153229
684.722 7.06071 0.164099 2.2153 0.0145045
685.467 7.0514 0.162735 2.21445 0.0144067
686.212 7.04367 0.164664 2.21375 0.0146105
686.958 7.03166 0.167697 2.21265 0.0149299
687.703 7.0165 0.171493 2.21126 0.0153312
688.448 7.00456 0.173528 2.21016 0.01556
689.194 6.99667 0.173379 2.20944 0.0155724
689.939 6.99075 0.173238 2.20889 0.0155797
690.684 6.98937 0.173124 2.20878 0.0155757
691.43 6.98594 0.172819 2.20847 0.0155601
692.175 6.97221 0.17156 2.20719 0.0154854
692.92 6.95878 0.170225 2.20593 0.0154023
693.666 6.94935 0.165988 2.20504 0.0150322
694.411 6.94 0.161824 2.20415 0.0146674
695.156 6.93245 0.158824 2.20344 0.0144068
695.902 6.92516 0.155988 2.20275 0.0141604
696.647 6.92211 0.154161 2.20247 0.0139977
697.392 6.92037 0.152644 2.20232 0.0138606
698.138 6.91858 0.14941 2.20215 0.0135602
698.883 6.91674 0.14518 2.20198 0.0131649
699.628 6.90947 0.146297 2.2013 0.0132926
700.374 6.89676 0.152687 2.20012 0.0139388
701.119 6.88576 0.158216 2.19909 0.0145005
701.864 6.87762 0.162431 2.19834 0.0149301
702.61 6.87059 0.165126 2.19768 0.0152117
703.355 6.86719 0.162967 2.19736 0.0150168
704.1 6.86455 0.161348 2.19712 0.0148713
704.846 6.86888 0.164642 2.19756 0.0151775
705.591 6.87323 0.167966 2.19799 0.015486
706.336 6.86063 0.161642 2.19678 0.0149182
707.082 6.84754 0.155124 2.19551 0.0143304
707.827 6.83337 0.147648 2.19413 0.0136499
708.572 6.81911 0.140156 2.19275 0.0129644
709.318 6.81012 0.138672 2.19188 0.0128458
710.063 6.80339 0.139707 2.19124 0.0129657
710.808 6.80315 0.142697 2.19124 0.0132592
711.554 6.80788 0.147233 2.19172 0.0136896
712.299 6.80849 0.148107 2.1918 0.013775
713.044 6.80373 0.144167 2.19134 0.0134073
713.79 6.79619 0.141681 2.19061 0.0131875
714.535 6.78231 0.142471 2.18927 0.0133029
715.28 6.76846 0.143454 2.18793 0.0134378
716.026 6.75399 0.145523 2.18653 0.0136813
716.771 6.74016 0.147477 2.18519 0.0139131
717.516 6.73779 0.148515 2.18497 0.0140238
718.262 6.73542 0.149546 2.18475 0.0141341
719.007 6.74113 0.144565 2.18531 0.0136305
719.752 6.74771 0.138866 2.18595 0.0130553
720.498 6.74064 0.134176 2.18526 0.0126145
721.243 6.72966 0.129885 2.18418 0.0122213
721.988 6.71892 0.126326 2.18312 0.0118981
722.734 6.70836 0.123196 2.18208 0.0116156
723.479 6.69906 0.123447 2.18117 0.0116642
724.224 6.69092 0.126863 2.18038 0.0120244
724.97 6.6853 0.128151 2.17984 0.0121678
725.715 6.68376 0.126023 2.17969 0.0119621
726.46 6.68198 0.126056 2.17953 0.0119716
727.206 6.67946 0.132663 2.1793 0.0126369
727.951 6.67658 0.139079 2.17904 0.0132847
728.696 6.67126 0.144227 2.17854 0.0138135
729.442 6.66593 0.149313 2.17803 0.0143372
730.187 6.65059 0.144136 2.1765 0.0138651
730.932 6.63534 0.138959 2.17497 0.0133898
731.678 6.62669 0.135626 2.1741 0.0130801
732.423 6.6192 0.13264 2.17335 0.0128012
733.168 6.61519 0.130777 2.17295 0.0126258
733.914 6.6125 0.129341 2.17269 0.0124899
734.659 6.61128 0.128769 2.17257 0.0124372
735.404 6.61105 0.128787 2.17256 0.0124415
736.15 6.60977 0.126953 2.17244 0.0122618
736.895 6.60725 0.122979 2.17219 0.0118691
737.641 6.60193 0.119513 2.17165 0.0115338
738.386 6.59109 0.117068 2.17056 0.0113136
739.131 6.58101 0.116545 2.16955 0.0112854
739.876 6.57348 0.12336 2.16881 0.0119959
740.622 6.56653 0.129776 2.16813 0.0126664
741.367 6.5671 0.132602 2.16821 0.0129538
742.112 6.56766 0.135433 2.16828 0.0132418
742.858 6.56843 0.135374 2.16837 0.0132356
743.603 6.5692 0.135138 2.16846 0.0132114
744.349 6.56375 0.13161 2.1679 0.012869
745.094 6.55689 0.127387 2.16721 0.0124586
745.839 6.54801 0.119407 2.16629 0.0116689
746.584 6.53818 0.109867 2.16528 0.0107191
747.33 6.52908 0.108141 2.16435 0.010564
748.075 6.52058 0.112469 2.1635 0.0110276
748.82 6.51489 0.114001 2.16293 0.0111993
749.566 6.51292 0.11188 2.16273 0.0109878
750.311 6.51293 0.110535 2.16274 0.0108513
751.057 6.51761 0.110996 2.16323 0.01089
751.802 6.52025 0.111585 2.16351 0.0109463
752.547 6.51281 0.112769 2.16276 0.011086
753.293 6.50529 0.113783 2.162 0.0112088
754.038 6.49443 0.111529 2.16089 0.011003
754.783 6.48373 0.109327 2.15979 0.0108012
755.529 6.47768 0.106866 2.15917 0.0105617
756.274 6.47209 0.104409 2.15859 0.0103212
757.019 6.46659 0.104554 2.15803 0.0103495
757.765 6.46113 0.105388 2.15748 0.0104491
758.51 6.45695 0.108845 2.15706 0.0108182
759.255 6.45338 0.113626 2.15671 0.0113241
760.001 6.45196 0.112472 2.15657 0.0112092
760.746 6.45238 0.106128 2.15661 0.010551
761.491 6.4483 0.104768 2.15619 0.01042
762.237 6.43776 0.1106 2.15512 0.0110513
762.982 6.42805 0.113517 2.15412 0.011379
763.727 6.42033 0.109338 2.15332 0.0109618
764.473 6.41277 0.105864 2.15253 0.0106167
765.218 6.40583 0.105873 2.15181 0.0106343
765.963 6.39915 0.10578 2.15112 0.0106405
766.709 6.39941 0.102177 2.15115 0.0102636
767.454 6.39965 0.0985728 2.15117 0.0098865
768.199 6.40146 0.0965703 2.15137 0.00967435
768.945 6.40344 0.0947331 2.15158 0.00947932
769.69 6.40223 0.096127 2.15146 0.00962932
770.435 6.40011 0.0984424 2.15125 0.00987789
771.181 6.39386 0.0983145 2.15061 0.00987859
771.926 6.38549 0.0969049 2.14973 0.00974877
772.671 6.37566 0.0963433 2.14871 0.00971074
773.417 6.3646 0.0965138 2.14755 0.0097523
774.162 6.35822 0.0975125 2.14688 0.00987214
774.907 6.3586 0.0997637 2.14694 0.0101108
775.653 6.35884 0.0998366 2.14697 0.0101195
776.398 6.35868 0.0942549 2.14695 0.00953111
777.143 6.35861 0.0896585 2.14694 0.00904665
777.889 6.35927 0.0904298 2.14702 0.00912839
778.634 6.35987 0.0912391 2.1471 0.00921421
779.379 6.35901 0.0931777 2.14702 0.00942224
780.125 6.35814 0.0951122 2.14694 0.00962992
780.87 6.34689 0.0921796 2.14575 0.0093428
781.615 6.33478 0.0888546 2.14447 0.00901432
782.361 6.3243 0.0898235 2.14336 0.00913839
783.106 6.31434 0.0918863 2.14231 0.00937858
783.851 6.31131 0.0872398 2.14199 0.00889001
784.597 6.31168 0.0792043 2.14202 0.00803328
785.342 6.31119 0.0830122 2.14198 0.00844179
786.087 6.30983 0.0968364 2.14187 0.00992111
786.833 6.30972 0.102867 2.14188 0.0105664
787.578 6.31165 0.098143 2.14209 0.0100595
788.323 6.3114 0.0948723 2.14206 0.00971236
789.069 6.30613 0.0950645 2.14151 0.00974476
789.814 6.29954 0.0954019 2.14081 0.00979538
790.559 6.28686 0.0964039 2.13946 0.0099297
791.305 6.27481 0.0969752 2.13818 0.010017
792.05 6.26949 0.0913468 2.1376 0.00942386
792.795 6.26416 0.0858072 2.13703 0.008839
793.541 6.26431 0.0828712 2.13705 0.00852384
794.286 6.26481 0.0801027 2.1371 0.00822611
795.031 6.26768 0.0837185 2.13743 0.00861157
795.777 6.27107 0.0888077 2.13781 0.00915413
796.522 6.27146 0.0866504 2.13785 0.00892265
797.267 6.27053 0.0813628 2.13775 0.00835687
798.013 6.26168 0.0812037 2.13681 0.00835639
798.758 6.24733 0.0846197 2.13527 0.00875175
799.503 6.23756 0.0856889 2.13422 0.00888651
800.249 6.23291 0.0841798 2.13372 0.00873281
800.994 6.22744 0.0842737 2.13314 0.00875416
801.739 6.2204 0.0873528 2.13239 0.00910264
802.485 6.21477 0.0879269 2.13178 0.00917692
803.23 6.21374 0.0801537 2.13167 0.00833474
803.975 6.21324 0.0733908 2.13161 0.00760123
804.721 6.21779 0.0746541 2.13211 0.00773242
805.466 6.22238 0.0759342 2.13262 0.00786516
806.211 6.21972 0.0864678 2.13236 0.00901503
806.957 6.21685 0.0969915 2.13207 0.0101654
807.702 6.20907 0.0955359 2.13123 0.0100244
808.447 6.20071 0.0924691 2.13032 0.00970853
809.193 6.1941 0.0881347 2.1296 0.00924978
809.938 6.18804 0.0834658 2.12894 0.00875225
810.683 6.18362 0.0829465 2.12846 0.00870467
811.429 6.18008 0.084654 2.12808 0.00889915
812.174 6.17718 0.0849888 2.12777 0.00894235
812.919 6.17483 0.0841298 2.12752 0.00885373
813.665 6.17314 0.0821268 2.12734 0.0086384
814.41 6.17236 0.0785258 2.12725 0.00824612
815.155 6.17112 0.0761679 2.12712 0.00799079
815.901 6.16885 0.0766393 2.12688 0.00804744
816.646 6.16565 0.0774203 2.12654 0.0081397
817.391 6.15849 0.0794995 2.12576 0.0083816
818.137 6.15121 0.0812586 2.12497 0.00858915
818.882 6.14163 0.079856 2.12392 0.00845272
819.627 6.1322 0.0784874 2.12288 0.00831925
820.373 6.12784 0.080061 2.12241 0.00850198
821.118 6.12368 0.081713 2.12196 0.00869333
821.863 6.12451 0.0810337 2.12205 0.00861772
822.609 6.12619 0.0799548 2.12225 0.00849642
823.354 6.12796 0.0771007 2.12244 0.00817869
824.099 6.12974 0.0736189 2.12264 0.00779173
824.845 6.13086 0.0719585 2.12277 0.0076074
825.59 6.13161 0.0713581 2.12286 0.00754089
826.335 6.1318 0.0717708 2.12289 0.00758726
827.081 6.13146 0.0731047 2.12286 0.00773628
827.826 6.12767 0.0742248 2.12245 0.0078674
828.571 6.11908 0.0750224 2.1215 0.00797102
829.317 6.11093 0.0749422 2.12061 0.0079768
830.062 6.1036 0.0729616 2.1198 0.00776998
830.807 6.0968 0.070768 2.11904 0.00753803
831.553 6.09181 0.0675876 2.11849 0.00719269
832.298 6.08736 0.0651735 2.118 0.00693132
833.043 6.08809 0.0699047 2.11809 0.00745868
833.789 6.08878 0.0746507 2.11818 0.00798761
834.534 6.08772 0.0724273 2.11806 0.00774252
835.279 6.08661 0.070103 2.11794 0.00748612
836.025 6.08776 0.0702322 2.11808 0.00749972
836.77 6.08921 0.0707021 2.11825 0.00755077
837.515 6.08606 0.0740884 2.11791 0.00793445
838.261 6.08155 0.0782714 2.11742 0.00840989
839.006 6.07567 0.0789331 2.11677 0.00849518
839.751 6.06916 0.0778864 2.11605 0.0083906
840.497 6.06301 0.0779199 2.11536 0.00840614
841.242 6.05713 0.0787593 2.11471 0.00851162
841.987 6.0543 0.0828918 2.11441 0.0089814
842.733 6.05488 0.090912 2.1145 0.00988123
843.478 6.0534 0.0908669 2.11434 0.00988016
844.223 6.0482 0.0765436 2.11373 0.00828243
844.969 6.04372 0.0668357 2.11322 0.00719937
845.714 6.04206 0.0697631 2.11304 0.00753218
846.459 6.04003 0.0723824 2.11282 0.00783114
847.205 6.0361 0.0733987 2.11239 0.00795302
847.95 6.03243 0.0747259 2.11198 0.0081097
848.695 6.03265 0.0816958 2.11203 0.00889585
849.441 6.03279 0.088678 2.11206 0.00968347
850.186 6.0258 0.0858549 2.11127 0.00937985
850.931 6.01856 0.0826483 2.11046 0.00903249
851.677 6.01438 0.070432 2.10997 0.0076594
852.422 6.01042 0.0568877 2.10951 0.00613331
853.167 6.01051 0.0608049 2.10953 0.00657757
853.913 6.0118 0.0703146 2.10969 0.007653
854.658 6.01032 0.0746353 2.10954 0.00814545
855.403 6.00748 0.0762499 2.10923 0.00833412
856.149 6.00392 0.0750557 2.10883 0.00820586
856.894 5.99982 0.071734 2.10836 0.00783698
857.639 5.99777 0.0721873 2.10813 0.00789269
858.385 5.99802 0.0769053 2.10818 0.00842863
859.13 5.99716 0.0765157 2.10808 0.0083868
859.875 5.99439 0.0675726 2.10776 0.00737682
860.621 5.99164 0.0628182 2.10745 0.00684167
861.366 5.98919 0.0686869 2.10718 0.00751336
862.112 5.9861 0.0730879 2.10685 0.00801981
862.857 5.98047 0.0712265 2.10621 0.00781818
863.602 5.97536 0.069686 2.10563 0.00765183
864.347 5.97488 0.0709854 2.10558 0.00780161
865.093 5.9744 0.0722828 2.10553 0.0079512
865.838 5.97401 0.0666543 2.10549 0.00731081
866.583 5.97356 0.0610373 2.10543 0.0066717
867.329 5.97501 0.063401 2.10561 0.00693999
868.074 5.97664 0.066584 2.1058 0.00730124
868.82 5.97393 0.0671928 2.1055 0.0073757
869.565 5.97029 0.0672276 2.10509 0.00738619
870.31 5.96734 0.0677175 2.10476 0.00744756
871.056 5.96466 0.0683699 2.10446 0.00752715
871.801 5.96112 0.0674932 2.10406 0.00743335
872.546 5.95713 0.0657845 2.10361 0.00724491
873.292 5.95342 0.0641616 2.10318 0.00706556
874.037 5.94996 0.0626089 2.10279 0.00689363
874.782 5.94859 0.0617726 2.10264 0.00680056
875.528 5.94962 0.0617348 2.10276 0.00679554
876.273 5.94966 0.0626089 2.10277 0.00689647
877.018 5.94809 0.0649492 2.1026 0.00716786
877.764 5.94657 0.0659141 2.10243 0.00728163
878.509 5.94517 0.0636657 2.10228 0.00702665
879.254 5.94369 0.061743 2.10211 0.00680902
880 5.9419 0.06098 2.10191 0.0067248
880.745 5.94059 0.0599622 2.10176 0.00661059
881.49 5.94241 0.0572138 2.10197 0.00629333
882.236 5.94371 0.0547448 2.10212 0.00600902
882.981 5.93523 0.0579634 2.10116 0.0063907
883.726 5.92686 0.0610683 2.1002 0.00676039
884.472 5.92137 0.0600007 2.09958 0.006646
885.217 5.91603 0.0588225 2.09896 0.00651838
885.962 5.91429 0.056182 2.09876 0.00621677
886.708 5.91299 0.0533719 2.09861 0.00589481
887.453 5.91275 0.0520075 2.09859 0.00573832
888.198 5.91276 0.050979 2.0986 0.00562029
888.944 5.91426 0.0504967 2.09877 0.00556352
889.689 5.91632 0.050211 2.09902 0.00552882
890.434 5.91532 0.0515611 2.09891 0.00568656
891.18 5.91273 0.0537493 2.09862 0.00594314
891.925 5.90898 0.0538343 2.09819 0.00595848
892.67 5.90443 0.0524325 2.09766 0.00580289
893.416 5.89975 0.0525446 2.09713 0.00582243
894.161 5.89496 0.0540894 2.09658 0.00600817
894.906 5.89016 0.055142 2.09603 0.00613717
895.652 5.88535 0.0555759 2.09548 0.0061946
896.397 5.8817 0.0572982 2.09506 0.00640028
897.142 5.87999 0.0612991 2.09487 0.00686833
897.888 5.87954 0.0626619 2.09483 0.00702811
898.633 5.88218 0.0575833 2.09513 0.00643486
899.378 5.88428 0.0549279 2.09538 0.00612431
900.124 5.88454 0.0610414 2.09542 0.00683461
900.869 5.88465 0.0650831 2.09544 0.0073045
901.614 5.88425 0.0574532 2.09539 0.00641973
902.36 5.88358 0.0503886 2.09531 0.00560075
903.105 5.88129 0.0492948 2.09505 0.0054771
903.85 5.87894 0.048226 2.09478 0.0053563
904.596 5.87378 0.0480202 2.09418 0.00533902
905.341 5.86867 0.047816 2.09359 0.00532182
906.086 5.8661 0.0470915 2.0933 0.00524101
906.832 5.86366 0.0463478 2.09302 0.00515772
907.577 5.85838 0.0476402 2.09241 0.0053152
908.322 5.85278 0.0491506 2.09176 0.00549884
909.068 5.85168 0.0489217 2.09163 0.00547406
909.813 5.85151 0.0483301 2.09162 0.00540575
910.558 5.8514 0.0461402 2.09161 0.00515052
911.304 5.85129 0.0434577 2.0916 0.00483767
912.049 5.85123 0.0462327 2.0916 0.00516283
912.794 5.85114 0.0513081 2.0916 0.00575699
913.54 5.85061 0.0532669 2.09154 0.00598734
914.285 5.84986 0.053506 2.09146 0.00601692
915.03 5.84842 0.0519694 2.09129 0.00583967
915.776 5.84648 0.049202 2.09107 0.00551888
916.521 5.84317 0.0479768 2.09068 0.00537998
917.266 5.83871 0.0480977 2.09017 0.00539999
918.012 5.834 0.0492101 2.08962 0.00553664
918.757 5.82902 0.0513824 2.08904 0.00579835
919.502 5.82519 0.0535442 2.0886 0.00605784
920.248 5.82289 0.05573 2.08834 0.00631847
920.993 5.81969 0.0560847 2.08796 0.00636516
921.738 5.81496 0.0533829 2.08741 0.00605403
922.484 5.81201 0.0534373 2.08707 0.00606491
923.229 5.81273 0.0593119 2.08716 0.00675676
923.974 5.81376 0.0616883 2.08729 0.00703586
924.72 5.81571 0.0544492 2.08752 0.00618113
925.465 5.81678 0.0475779 2.08764 0.00537134
926.21 5.81506 0.0422118 2.08743 0.00474194
926.956 5.81345 0.0374311 2.08724 0.00418094
927.701 5.81262 0.0352452 2.08715 0.00392472
928.446 5.81134 0.0343314 2.087 0.00381871
929.192 5.807 0.0419235 2.0865 0.00471868
929.937 5.80274 0.0487795 2.08601 0.00553318
930.682 5.80042 0.0491851 2.08574 0.00558446
931.428 5.79814 0.0493548 2.08548 0.00560786
932.173 5.79648 0.0442773 2.08528 0.00501019
932.918 5.79477 0.0392505 2.08508 0.00441814
933.664 5.79108 0.0431928 2.08465 0.00488891
934.409 5.78738 0.0470681 2.08422 0.00535242
935.154 5.78192 0.0441001 2.08357 0.00500742
935.9 5.77644 0.0409395 2.08292 0.00463881
936.645 5.77593 0.0421035 2.08287 0.00477809
937.39 5.77582 0.0436209 2.08286 0.00495891
938.136 5.78045 0.0440517 2.08341 0.00500558
938.881 5.78574 0.0443485 2.08405 0.00503555
939.626 5.78831 0.0478919 2.08436 0.00545295
940.372 5.79039 0.0520358 2.08461 0.00594163
941.117 5.78383 0.0499824 2.08384 0.00570716
941.862 5.77551 0.0466693 2.08285 0.00532458
942.608 5.77212 0.0441511 2.08245 0.00502986
943.353 5.77004 0.0418479 2.0822 0.00475894
944.098 5.76662 0.050341 2.08181 0.00577325
944.844 5.7625 0.0621001 2.08134 0.00717874
945.589 5.76459 0.0545758 2.08158 0.00628081
946.334 5.76863 0.0397023 2.08205 0.00450749
947.08 5.7664 0.0384959 2.08179 0.00436672
947.825 5.76166 0.0430641 2.08123 0.00491577
948.57 5.75871 0.0460246 2.08089 0.00527218
949.316 5.75662 0.0482331 2.08065 0.00553835
950.061 5.75595 0.0524961 2.08058 0.00604786
950.806 5.75597 0.0578601 2.08059 0.00668779
951.552 5.75437 0.0537838 2.0804 0.00620456
952.297 5.75169 0.0443206 2.08007 0.0050796
953.042 5.74863 0.0484015 2.07971 0.0055707
953.788 5.74511 0.0608525 2.07931 0.00706297
954.533 5.74665 0.0531274 2.07949 0.00613859
955.278 5.75094 0.0313487 2.07999 0.00353454
956.024 5.74655 0.0287799 2.07946 0.00323172
956.769 5.73633 0.0400146 2.07825 0.00458439
957.514 5.73243 0.0423618 2.07779 0.00486997
958.26 5.73345 0.0381 2.07792 0.00435902
959.005 5.73488 0.0346297 2.07809 0.00394269
959.75 5.73667 0.0318001 2.0783 0.00360297
960.496 5.73554 0.0392722 2.07818 0.00449889
961.241 5.73142 0.0553691 2.07771 0.00643199
961.986 5.73138 0.0621064 2.07772 0.00723973
962.732 5.7354 0.0606975 2.0782 0.00706544
963.477 5.73666 0.0592077 2.07835 0.00688578
964.222 5.73536 0.0576726 2.0782 0.00670444
964.968 5.73571 0.0523204 2.07824 0.00606376
965.713 5.73745 0.0433333 2.07844 0.00498654
966.458 5.73514 0.0414254 2.07816 0.00476113
967.204 5.72913 0.0461815 2.07745 0.00533798
967.949 5.72178 0.0507377 2.07658 0.00589393
968.694 5.71321 0.0550534 2.07556 0.00642424
969.44 5.71047 0.0544128 2.07523 0.00635143
970.185 5.71317 0.0491182 2.07556 0.00571157
970.93 5.70939 0.0467708 2.0751 0.0054342
971.676 5.6997 0.0472378 2.07394 0.00550239
972.421 5.69421 0.0452202 2.07328 0.00526584
973.166 5.69246 0.0409426 2.07307 0.00475175
973.912 5.6925 0.0392612 2.07307 0.00454913
974.657 5.69419 0.0399176 2.07328 0.00462717
975.402 5.6957 0.0401969 2.07347 0.00465984
976.148 5.69705 0.0401402 2.07363 0.0046521
976.893 5.69696 0.0400616 2.07363 0.00464318
977.638 5.69567 0.039965 2.07347 0.00463331
978.384 5.6951 0.0390395 2.07341 0.00452264
979.129 5.6951 0.037447 2.07341 0.00433089
979.874 5.69606 0.0376295 2.07353 0.00435247
980.62 5.69776 0.0391695 2.07374 0.00453711
981.365 5.69211 0.0409629 2.07306 0.0047598
982.11 5.68147 0.0428302 2.07178 0.00499733
982.856 5.67556 0.0450146 2.07107 0.00526893
983.601 5.67264 0.0474312 2.07072 0.00556576
984.346 5.66781 0.0466152 2.07014 0.00547298
985.092 5.6619 0.0439373 2.06942 0.00515501
985.837 5.65998 0.0394217 2.06919 0.00460865
986.583 5.66012 0.033873 2.0692 0.00393439
987.328 5.66005 0.0341992 2.0692 0.00397458
988.073 5.65987 0.037389 2.06918 0.00436298
988.818 5.66176 0.0416643 2.06942 0.00488121
989.564 5.66452 0.0464713 2.06977 0.00546262
990.309 5.6665 0.0503932 2.07001 0.00593692
991.055 5.66817 0.0539988 2.07023 0.00637287
991.8 5.66792 0.0505327 2.07019 0.00595296
992.545 5.66699 0.0448652 2.07008 0.00526653
993.291 5.66736 0.0446111 2.07013 0.0052357
994.036 5.66807 0.0457534 2.07022 0.00537401
994.781 5.6683 0.0450817 2.07025 0.00529265
995.527 5.66842 0.0440401 2.07027 0.00516653
996.272 5.66691 0.0418055 2.07008 0.00489735
997.017 5.66514 0.0394143 2.06987 0.00460924
997.763 5.66048 0.0369118 2.0693 0.0043101
998.508 5.6556 0.0344588 2.06871 0.00401664
999.253 5.65832 0.0472888 2.06906 0.00557516
999.999 5.66093 0.0610943 2.0694 0.00725068
