255.408 1.1987 1.42563 1.27227 0.630313
256.154 1.24221 1.44971 1.29427 0.629552
256.899 1.28549 1.4724 1.31549 0.62824
257.644 1.25327 1.452 1.29861 0.62791
258.39 1.20956 1.42376 1.27533 0.627081
259.135 1.24384 1.47432 1.29981 0.638494
259.88 1.30869 1.54905 1.34076 0.651081
260.626 1.32974 1.55682 1.34993 0.649047
261.371 1.32163 1.52335 1.33918 0.638875
262.116 1.32693 1.504 1.33657 0.630676
262.862 1.34632 1.50025 1.3426 0.625028
263.607 1.35918 1.49688 1.34634 0.621008
264.353 1.35993 1.49428 1.34588 0.619936
265.098 1.36531 1.49724 1.34829 0.619859
265.843 1.38806 1.52047 1.36135 0.623248
266.589 1.4076 1.53839 1.37201 0.625368
267.334 1.38764 1.50145 1.35674 0.616625
268.079 1.36855 1.46394 1.34163 0.607218
268.825 1.40011 1.53738 1.36865 0.626764
269.57 1.43851 1.61511 1.39892 0.645351
270.315 1.44705 1.57796 1.39353 0.630787
271.061 1.45014 1.51622 1.38123 0.60873
271.806 1.45666 1.49286 1.37849 0.599211
272.551 1.46414 1.48691 1.37975 0.59562
273.297 1.47912 1.48625 1.38472 0.592366
274.042 1.50007 1.48972 1.3926 0.589364
274.787 1.5093 1.49528 1.39679 0.589483
275.533 1.50242 1.50404 1.39604 0.593965
276.278 1.49902 1.49951 1.3938 0.593135
277.023 1.50474 1.46194 1.38811 0.578935
277.769 1.5145 1.43585 1.38628 0.56791
278.514 1.54382 1.46968 1.40297 0.574034
279.259 1.5731 1.50121 1.41905 0.579166
280.005 1.56664 1.47161 1.41096 0.570373
280.75 1.56075 1.44203 1.40312 0.561357
281.495 1.55414 1.40987 1.39461 0.551465
282.241 1.54803 1.3774 1.3863 0.541233
282.986 1.55467 1.3768 1.38842 0.539847
283.731 1.56537 1.3865 1.39386 0.541338
284.477 1.5646 1.36548 1.38964 0.534132
285.222 1.55763 1.32575 1.37991 0.521337
285.967 1.56364 1.30983 1.37914 0.514631
286.713 1.58246 1.3187 1.38731 0.51454
287.458 1.59447 1.32137 1.39193 0.513436
288.203 1.59413 1.3131 1.39028 0.510617
288.949 1.59499 1.30171 1.38853 0.50648
289.694 1.6001 1.27939 1.38645 0.497719
290.439 1.60607 1.25882 1.38505 0.489425
291.185 1.61899 1.25422 1.38882 0.485697
291.93 1.6318 1.24966 1.39254 0.482022
292.675 1.61961 1.20217 1.38047 0.467049
293.421 1.60787 1.15234 1.36835 0.450862
294.166 1.60224 1.1357 1.36368 0.445675
294.911 1.59779 1.1264 1.36057 0.442974
295.657 1.59455 1.10257 1.35573 0.434705
296.402 1.59236 1.07214 1.35039 0.423771
297.147 1.59553 1.04473 1.34758 0.413127
297.893 1.60294 1.01999 1.34683 0.402868
298.638 1.60078 1.00115 1.34339 0.396128
299.383 1.58493 0.990025 1.33585 0.394114
300.129 1.56866 0.973049 1.32732 0.389887
300.874 1.55176 0.941395 1.31659 0.380014
301.619 1.53655 0.911151 1.30671 0.370295
302.365 1.5275 0.891836 1.30068 0.363927
303.11 1.51863 0.872162 1.29468 0.357332
303.855 1.50469 0.838639 1.28502 0.345788
304.601 1.49152 0.804679 1.27569 0.333801
305.346 1.4621 0.782087 1.26115 0.328105
306.091 1.43024 0.760175 1.24556 0.3228
306.837 1.39892 0.7247 1.22854 0.311595
307.582 1.3685 0.683466 1.21123 0.297513
308.327 1.34056 0.668891 1.19772 0.294245
309.073 1.31341 0.672047 1.18631 0.298491
309.818 1.28693 0.65565 1.17299 0.294163
310.563 1.26214 0.616841 1.15802 0.279604
311.309 1.23775 0.587591 1.1442 0.268959
312.054 1.21264 0.578377 1.13195 0.26724
312.799 1.18316 0.567733 1.11744 0.265237
313.545 1.13729 0.552162 1.09469 0.262445
314.29 1.09115 0.534932 1.07126 0.258733
315.035 1.05425 0.509088 1.05112 0.249795
315.781 1.0171 0.482014 1.03054 0.239969
316.526 0.977995 0.458621 1.00911 0.231811
317.271 0.938317 0.43439 0.987057 0.222977
318.017 0.890508 0.410952 0.960605 0.214885
318.762 0.839855 0.386547 0.93215 0.206135
319.507 0.787925 0.369323 0.903065 0.200936
320.253 0.734519 0.355429 0.872856 0.197404
320.998 0.683524 0.341573 0.843388 0.193495
321.743 0.634711 0.327762 0.814601 0.189229
322.489 0.585844 0.314507 0.78528 0.185066
323.234 0.537523 0.30265 0.755826 0.18148
323.979 0.488154 0.291404 0.725212 0.178143
324.725 0.437858 0.2833 0.693632 0.176637
325.47 0.386163 0.27518 0.660508 0.175099
326.215 0.33231 0.270087 0.62548 0.175557
326.961 0.276976 0.264619 0.588643 0.175827
327.706 0.221177 0.265579 0.551085 0.180467
328.451 0.163802 0.266564 0.511534 0.185398
329.197 0.110367 0.271203 0.47412 0.192809
329.942 0.0564743 0.27664 0.435589 0.201123
330.687 0.00247755 0.283243 0.396197 0.210646
331.433 -0.052406 0.290491 0.355279 0.221131
332.178 -0.106017 0.302352 0.314867 0.235554
332.923 -0.158979 0.317845 0.274496 0.253443
333.669 -0.211629 0.333416 0.233577 0.27213
334.414 -0.263562 0.348893 0.192431 0.291448
335.159 -0.313975 0.364896 0.151856 0.31183
335.905 -0.359527 0.381223 0.114839 0.332606
336.65 -0.404631 0.397432 0.0776204 0.353988
337.395 -0.444569 0.410843 0.0440383 0.372726
338.141 -0.485209 0.424697 0.00941185 0.39262
338.886 -0.527478 0.439351 -0.0270866 0.41426
339.631 -0.570469 0.454491 -0.0647116 0.43728
340.377 -0.617395 0.47034 -0.106583 0.462698
341.122 -0.665521 0.486782 -0.150205 0.489998
341.867 -0.710391 0.501389 -0.191698 0.515702
342.613 -0.754828 0.515761 -0.233467 0.542017
343.358 -0.791349 0.525343 -0.268871 0.562
344.103 -0.823459 0.532168 -0.300851 0.578338
344.849 -0.862246 0.538758 -0.340614 0.596874
345.594 -0.907901 0.545137 -0.388789 0.617937
346.339 -0.955487 0.553953 -0.439382 0.643212
347.085 -1.00585 0.56699 -0.492814 0.675411
347.83 -1.0574 0.580594 -0.548555 0.710131
348.575 -1.11068 0.595039 -0.607248 0.748128
349.321 -1.16423 0.607982 -0.668184 0.786117
350.066 -1.21157 0.602392 -0.730689 0.79913
350.811 -1.25974 0.596564 -0.796135 0.812514
351.557 -1.30587 0.610344 -0.851527 0.852089
352.302 -1.35261 0.625338 -0.908195 0.895321
353.047 -1.41107 0.631409 -0.987446 0.933838
353.793 -1.47308 0.635724 -1.07555 0.973673
354.538 -1.54494 0.648616 -1.17709 1.03486
355.283 -1.62233 0.665987 -1.28865 1.11119
356.029 -1.68856 0.679854 -1.38836 1.17952
356.774 -1.74564 0.690712 -1.4779 1.24022
357.519 -1.80045 0.697454 -1.56955 1.29528
358.265 -1.85165 0.698185 -1.66276 1.33914
359.01 -1.90474 0.700903 -1.76129 1.39095
359.755 -1.96153 0.708724 -1.86603 1.45979
360.501 -2.02284 0.719838 -1.98053 1.54507
361.246 -2.10587 0.749371 -2.12477 1.7034
361.991 -2.19091 0.779858 -2.27469 1.88338
362.737 -2.28074 0.810704 -2.43665 2.09131
363.482 -2.37303 0.842633 -2.60284 2.33001
364.227 -2.44897 0.864884 -2.74622 2.53639
364.973 -2.52409 0.886261 -2.88855 2.75802
365.718 -2.59459 0.891996 -3.05751 2.94654
366.463 -2.66438 0.892014 -3.24529 3.13499
367.209 -2.73257 0.9107 -3.37687 3.38982
367.954 -2.80014 0.942235 -3.45659 3.69942
368.699 -2.88381 0.972255 -3.56839 4.08842
369.445 -2.9864 1.00055 -3.71252 4.59215
370.19 -3.09378 1.02997 -3.82554 5.18085
370.935 -3.20791 1.06059 -3.88896 5.87683
371.681 -3.31937 1.09145 -3.86365 6.6274
372.426 -3.40885 1.11894 -3.74791 7.27333
373.171 -3.49844 1.14596 -3.55208 7.94567
373.917 -3.56186 1.15374 -3.44917 8.43827
374.662 -3.62637 1.16162 -3.29904 8.95709
375.407 -3.70968 1.17612 -2.98856 9.6374
376.153 -3.79612 1.19145 -2.55777 10.3401
376.898 -3.92214 1.23372 -1.55213 11.1963
377.643 -4.06192 1.28521 -0.177308 11.859
378.389 -4.21204 1.34254 1.43871 12.1596
379.134 -4.37045 1.40492 3.10631 12.0067
379.879 -4.5084 1.46418 4.38837 11.5165
380.625 -4.62658 1.51999 5.29181 10.9047
381.37 -4.74307 1.56915 6.01801 10.2754
382.116 -4.8552 1.60577 6.6045 9.70154
382.861 -4.95915 1.63569 7.05428 9.17191
383.606 -5.03341 1.64288 7.37214 8.85617
384.352 -5.11714 1.65688 7.6606 8.46169
385.097 -5.26234 1.72091 7.888 7.65193
385.842 -5.41187 1.7883 7.99942 6.90491
386.587 -5.61643 1.86237 8.08654 6.05063
387.333 -5.83029 1.94142 8.06007 5.29424
388.078 -6.03418 2.04276 7.90539 4.67884
388.824 -6.24229 2.1541 7.71423 4.15983
389.569 -6.44672 2.24583 7.56111 3.74008
390.314 -6.6543 2.33216 7.41542 3.38021
391.06 -6.8211 2.39071 7.31484 3.13019
391.805 -6.95739 2.42761 7.24719 2.94634
392.55 -7.0999 2.48528 7.15064 2.77401
393.296 -7.24935 2.57012 7.02479 2.61508
394.041 -7.41081 2.66657 6.89316 2.46198
394.786 -7.59529 2.78564 6.74636 2.3076
395.532 -7.80268 2.90821 6.60583 2.15258
396.277 -8.1035 3.02376 6.46647 1.94774
397.022 -8.41774 3.15057 6.32769 1.76773
397.768 -8.70523 3.35502 6.16376 1.64207
398.513 -9.00332 3.57608 6.0107 1.53028
399.258 -9.2767 3.72564 5.90898 1.43345
400.004 -9.55711 3.87557 5.815 1.34499
400.749 -9.78441 4.02462 5.73546 1.28415
401.494 -9.99891 4.17845 5.66194 1.23305
402.24 -10.1942 4.33419 5.59529 1.19167
402.985 -10.3793 4.4937 5.53324 1.15611
403.73 -10.6403 4.65443 5.46856 1.1032
404.476 -10.9852 4.81845 5.40091 1.03564
405.221 -11.3511 5.03678 5.32544 0.975126
405.966 -11.7414 5.35076 5.23743 0.923156
406.712 -12.1674 5.7178 5.1483 0.873502
407.457 -12.6786 6.21173 5.04714 0.822552
408.202 -13.2007 6.74162 4.95508 0.776726
408.948 -13.6492 7.125 4.89431 0.738527
409.693 -14.1167 7.54194 4.83572 0.702844
410.438 -14.5519 8.01632 4.77872 0.674759
411.184 -14.9975 8.53285 4.72385 0.648553
411.929 -15.3411 9.01593 4.67912 0.631186
412.674 -15.6633 9.5156 4.63745 0.616065
413.42 -16.0396 9.981 4.60094 0.597112
414.165 -16.4491 10.448 4.56701 0.577056
414.91 -16.9394 11.123 4.52334 0.555461
415.656 -17.491 12.0103 4.4731 0.533269
416.401 -18.1082 12.9999 4.42422 0.509513
417.146 -18.8245 14.1187 4.37637 0.483489
417.892 -19.491 15.4738 4.32705 0.461208
418.637 -19.9532 17.2423 4.27232 0.445239
419.382 -20.3015 19.1596 4.22182 0.43024
420.128 -20.5851 20.9097 4.1824 0.41606
420.873 -20.744 22.8243 4.14446 0.402672
421.618 -20.7158 24.5768 4.11328 0.392627
422.364 -20.54 26.4461 4.08298 0.382995
423.109 -20.5472 28.1591 4.05969 0.371013
423.854 -20.4884 29.9581 4.03763 0.359128
424.6 -19.8676 31.9142 4.01245 0.351779
425.345 -18.8789 33.9161 3.98675 0.346005
426.09 -17.6737 36.4594 3.95811 0.335733
426.836 -16.0456 39.3881 3.92808 0.32312
427.581 -13.6704 42.21 3.89771 0.312455
428.326 -10.4999 44.6732 3.867 0.303684
429.072 -6.58261 46.8339 3.83559 0.294223
429.817 -1.70199 48.5347 3.80213 0.283269
430.562 3.43362 49.0691 3.77037 0.273805
431.308 8.06468 48.2111 3.74147 0.267996
432.053 12.2027 46.6055 3.71413 0.262581
432.798 14.8735 44.992 3.69463 0.259215
433.544 17.212 43.1536 3.67558 0.255934
434.289 19.7697 41.6734 3.65795 0.247619
435.034 22.0856 39.9576 3.64072 0.239307
435.78 23.7759 37.852 3.62326 0.233843
436.525 25.072 35.6645 3.60604 0.229145
437.27 26.1131 33.4572 3.58884 0.224342
438.016 26.8966 31.2871 3.57184 0.219574
438.761 27.436 28.8781 3.55246 0.214778
439.506 27.6905 26.3777 3.53129 0.210008
440.252 27.7061 24.0598 3.51036 0.20531
440.997 27.5336 21.9169 3.48955 0.200639
441.742 27.2284 19.984 3.46926 0.196004
442.488 26.842 18.2295 3.44938 0.191177
443.233 26.3775 16.6638 3.43005 0.186567
443.978 25.8561 15.2776 3.41131 0.18231
444.724 25.3081 14.0415 3.39308 0.178219
445.469 24.9326 13.3329 3.38176 0.176074
446.214 24.5573 12.6735 3.37062 0.173975
446.96 24.2429 11.8947 3.35839 0.169372
447.705 23.9228 11.1477 3.34617 0.164532
448.45 23.5406 10.4281 3.33318 0.160093
449.196 23.1374 9.7568 3.32009 0.155886
449.941 22.6704 9.18682 3.30683 0.1533
450.686 22.1777 8.69439 3.29357 0.151752
451.432 21.6961 8.19958 3.2799 0.149623
452.177 21.2227 7.701 3.26575 0.146866
452.922 20.7578 7.22859 3.25151 0.143981
453.668 20.2924 6.76542 3.2368 0.140772
454.413 19.8549 6.36179 3.22286 0.137945
455.158 19.4705 6.05969 3.21085 0.136284
455.904 19.1001 5.77979 3.19904 0.134691
456.649 18.7139 5.52107 3.1867 0.133565
457.394 18.3459 5.28124 3.17462 0.132457
458.14 18.0864 5.0253 3.1648 0.129288
458.885 17.84 4.7827 3.15528 0.126052
459.63 17.6436 4.55847 3.14722 0.122446
460.376 17.461 4.34668 3.13959 0.118812
461.121 17.2005 4.17713 3.13006 0.117198
461.866 16.9101 4.03323 3.11969 0.116593
462.612 16.6768 3.90807 3.11106 0.115747
463.357 16.4904 3.79794 3.10394 0.114699
464.102 16.2698 3.65204 3.09509 0.112819
464.848 15.997 3.45532 3.08363 0.109707
465.593 15.7465 3.29095 3.07306 0.107197
466.338 15.5393 3.1873 3.06456 0.10616
467.084 15.3415 3.08731 3.05627 0.105052
467.829 15.1669 2.98114 3.0486 0.103334
468.574 14.9971 2.88013 3.04105 0.101655
469.32 14.7672 2.76499 3.0308 0.100053
470.065 14.5458 2.65678 3.02073 0.0984961
470.81 14.3431 2.58262 3.01163 0.0980112
471.556 14.1498 2.5166 3.00281 0.0976985
472.301 13.981 2.44299 2.99478 0.096697
473.046 13.8241 2.36885 2.98712 0.0954549
473.792 13.6873 2.29962 2.98031 0.0941152
474.537 13.5646 2.23425 2.97408 0.0927167
475.282 13.436 2.17118 2.96752 0.0914381
476.028 13.3005 2.1104 2.96056 0.0902949
476.773 13.1593 2.05341 2.95326 0.0893458
477.518 13.003 2.00141 2.94515 0.0887717
478.264 12.8557 1.94874 2.93733 0.0880072
479.009 12.7289 1.88553 2.9303 0.086404
479.754 12.6066 1.82539 2.92343 0.0848379
480.5 12.5069 1.77159 2.91774 0.0832741
481.245 12.4093 1.71982 2.91212 0.0817433
481.99 12.2849 1.6877 2.9052 0.0815413
482.736 12.1616 1.65825 2.89827 0.0814503
483.481 12.0359 1.61611 2.89095 0.0806569
484.226 11.9123 1.57212 2.8836 0.0796898
484.972 11.8137 1.53806 2.87771 0.0789585
485.717 11.7288 1.50941 2.87261 0.0783544
486.462 11.6435 1.47243 2.86732 0.0772405
487.208 11.5578 1.42829 2.86188 0.0756673
487.953 11.4675 1.39234 2.85619 0.0745969
488.698 11.3693 1.36808 2.85008 0.0742981
489.444 11.2798 1.34317 2.84443 0.0738416
490.189 11.2107 1.31473 2.83995 0.0729126
490.934 11.1394 1.28742 2.8353 0.0720566
491.68 11.0428 1.26323 2.82902 0.0716581
492.425 10.9489 1.23986 2.82284 0.0712631
493.17 10.8655 1.20942 2.8172 0.0702641
493.916 10.7842 1.17992 2.81164 0.0692734
494.661 10.71 1.15465 2.80655 0.0684598
495.406 10.6383 1.13078 2.80158 0.0676898
496.152 10.5584 1.09691 2.7959 0.0663009
496.897 10.4764 1.06016 2.78999 0.0646937
497.642 10.3999 1.0399 2.78456 0.0641441
498.388 10.3276 1.03105 2.77951 0.0643395
499.133 10.2609 1.02529 2.77483 0.064696
499.878 10.2004 1.02322 2.77059 0.0652534
500.624 10.1429 1.01165 2.76643 0.0650904
501.369 10.0905 0.979712 2.76239 0.0633704
502.115 10.0357 0.950702 2.75818 0.0618606
502.86 9.9677 0.93165 2.75306 0.0612031
503.605 9.90234 0.913214 2.74809 0.0605459
504.35 9.86455 0.895158 2.74517 0.0596182
505.096 9.8272 0.877501 2.74228 0.0587037
505.841 9.76469 0.865793 2.73749 0.0584862
506.587 9.70099 0.854935 2.73258 0.0583379
507.332 9.64808 0.844322 2.72847 0.0580921
508.077 9.59888 0.833946 2.72462 0.0578202
508.823 9.54786 0.818395 2.72055 0.0571477
509.568 9.49626 0.800286 2.71637 0.0562623
510.313 9.44524 0.786887 2.71225 0.0557343
511.059 9.39481 0.777859 2.7082 0.0555444
511.804 9.33869 0.76231 2.70358 0.0548694
512.549 9.27266 0.736195 2.698 0.0533991
513.294 9.21417 0.716675 2.69306 0.0523752
514.04 9.17584 0.715306 2.68995 0.0526676
514.785 9.13625 0.713709 2.6867 0.052954
515.531 9.08159 0.710436 2.68214 0.0532436
516.276 9.02812 0.707135 2.67765 0.0535202
517.021 9.00037 0.689612 2.6752 0.0523195
517.767 8.97366 0.671986 2.67283 0.0510883
518.512 8.93334 0.647766 2.66921 0.0493945
519.257 8.89086 0.622951 2.66537 0.0476436
520.003 8.85977 0.615734 2.66267 0.0473232
520.748 8.83361 0.615781 2.66046 0.0475989
521.493 8.79598 0.622819 2.65729 0.0486015
522.239 8.75002 0.634762 2.65339 0.0501304
522.984 8.71196 0.635886 2.65008 0.0506257
523.729 8.68371 0.623592 2.64751 0.0498152
524.475 8.65318 0.61036 2.64471 0.0489313
525.22 8.61701 0.594693 2.64136 0.0478648
525.965 8.57934 0.580174 2.63787 0.0469032
526.711 8.53216 0.569685 2.63351 0.0463856
527.456 8.48645 0.559642 2.62925 0.0458864
528.201 8.45684 0.554131 2.62653 0.0456637
528.947 8.42762 0.548717 2.62382 0.0454433
529.692 8.39035 0.532942 2.62025 0.0443046
530.437 8.35269 0.516455 2.61661 0.0430854
531.183 8.31153 0.518279 2.61277 0.0436407
531.928 8.26985 0.525378 2.6089 0.0447164
532.673 8.23854 0.522448 2.60593 0.0447363
533.419 8.21331 0.513872 2.60349 0.0441502
534.164 8.18209 0.501481 2.60041 0.0432341
534.909 8.14497 0.485436 2.59671 0.0419948
535.655 8.11371 0.474791 2.59361 0.041228
536.4 8.09217 0.473028 2.59154 0.0412598
537.145 8.06895 0.471264 2.58929 0.0413045
537.891 8.03954 0.469468 2.58642 0.0413959
538.636 8.01095 0.467463 2.5836 0.0414591
539.381 7.98659 0.463417 2.58119 0.0412796
540.127 7.96254 0.459435 2.5788 0.0411017
540.872 7.9382 0.459382 2.5764 0.0413256
541.617 7.91414 0.459466 2.57402 0.0415618
542.363 7.8976 0.4472 2.5723 0.0404653
543.108 7.88266 0.43249 2.57073 0.0390967
543.853 7.85362 0.424087 2.56774 0.0384829
544.599 7.81874 0.418585 2.56415 0.0382092
545.344 7.79162 0.41575 2.56137 0.0381506
546.089 7.77054 0.414974 2.55923 0.0382603
546.835 7.74759 0.412354 2.55687 0.0381897
547.58 7.72206 0.40727 2.55421 0.0378765
548.325 7.69414 0.403899 2.5513 0.0377604
549.071 7.65989 0.404527 2.54772 0.0381189
549.816 7.62755 0.403913 2.54432 0.0383313
550.561 7.60268 0.396952 2.54166 0.0377995
551.307 7.57824 0.390081 2.53903 0.0372687
552.052 7.55859 0.379525 2.53689 0.0362947
552.797 7.53912 0.369188 2.53477 0.0353361
553.543 7.51565 0.364242 2.53223 0.0349908
554.288 7.49195 0.360072 2.52967 0.0347293
555.033 7.46944 0.362412 2.52727 0.0351764
555.779 7.4475 0.366792 2.52494 0.0358485
556.524 7.42587 0.362186 2.52258 0.0355207
557.269 7.40452 0.352189 2.52019 0.0345846
558.015 7.38419 0.349689 2.51797 0.0344753
558.76 7.3649 0.355014 2.51591 0.0352383
559.505 7.34742 0.355457 2.51401 0.0354406
560.251 7.33314 0.346974 2.5124 0.034609
560.996 7.31853 0.339181 2.51076 0.0338534
561.741 7.30242 0.333559 2.50895 0.033351
562.487 7.28656 0.328504 2.50718 0.0329083
563.232 7.27193 0.329136 2.50558 0.0331053
563.977 7.25744 0.329742 2.50399 0.0332989
564.723 7.23512 0.332222 2.50151 0.0337642
565.468 7.21262 0.334709 2.49899 0.0342344
566.213 7.195 0.329324 2.49698 0.0337587
566.959 7.17864 0.322205 2.49509 0.0330688
567.704 7.16359 0.317378 2.49337 0.0326328
568.449 7.14924 0.313669 2.49173 0.03232
569.195 7.13196 0.308767 2.48974 0.031885
569.94 7.1123 0.302909 2.48746 0.0313504
570.685 7.09114 0.295592 2.48497 0.030649
571.431 7.06773 0.286166 2.4822 0.029706
572.176 7.04707 0.282337 2.47979 0.0294038
572.921 7.03308 0.292905 2.47825 0.0307753
573.667 7.01808 0.301226 2.47657 0.0318909
574.412 6.99658 0.296456 2.47402 0.031485
575.157 6.97539 0.291794 2.4715 0.0310861
575.903 6.95287 0.284979 2.4688 0.0304317
576.648 6.9307 0.278345 2.46612 0.0297911
577.393 6.91783 0.274871 2.4646 0.0294705
578.139 6.90646 0.271909 2.46325 0.0292009
578.884 6.89489 0.269718 2.46188 0.0290256
579.629 6.88331 0.267822 2.46051 0.0288854
580.375 6.86774 0.267896 2.45866 0.0290116
581.12 6.84962 0.269241 2.45649 0.0293112
581.865 6.83509 0.271079 2.45476 0.0296499
582.611 6.82458 0.27351 2.45354 0.0300372
583.356 6.81353 0.275449 2.45224 0.0303681
584.101 6.80129 0.276433 2.45078 0.0305891
584.847 6.78838 0.275287 2.44922 0.0305497
585.592 6.77229 0.265471 2.4472 0.0294466
586.337 6.75676 0.256152 2.44525 0.0283951
587.083 6.74821 0.251388 2.4442 0.0278674
587.828 6.73969 0.246682 2.44316 0.0273447
588.573 6.72725 0.24371 2.44163 0.0270624
589.319 6.71459 0.240921 2.44007 0.0268029
590.064 6.70011 0.239323 2.43828 0.0267034
590.809 6.68527 0.238047 2.43644 0.0266463
591.555 6.67024 0.238607 2.43459 0.0268234
592.3 6.6552 0.240088 2.43273 0.0271189
593.045 6.64162 0.241772 2.43105 0.0274328
593.791 6.62935 0.243643 2.42954 0.0277637
594.536 6.61669 0.242349 2.42796 0.027691
595.281 6.60336 0.236132 2.42626 0.0269868
596.027 6.58847 0.231189 2.42435 0.0264526
596.772 6.56875 0.229762 2.42184 0.0263997
597.517 6.5509 0.228032 2.41956 0.0262955
598.263 6.54523 0.22388 2.41885 0.0258028
599.008 6.53957 0.219764 2.41814 0.0253136
599.753 6.52561 0.218478 2.41635 0.0252402
600.499 6.51165 0.217262 2.41457 0.0251753
601.244 6.49687 0.218659 2.41268 0.0254579
601.989 6.48209 0.220473 2.4108 0.0257967
602.735 6.47069 0.218803 2.40933 0.0256568
603.48 6.46069 0.215766 2.40804 0.025327
604.225 6.45139 0.216461 2.40686 0.0254867
604.971 6.4426 0.219841 2.40576 0.0260005
605.716 6.43228 0.218474 2.40442 0.0258931
606.461 6.42004 0.211241 2.4028 0.0250134
607.207 6.40899 0.206769 2.40134 0.024492
607.952 6.40052 0.208274 2.40026 0.0247545
608.697 6.39306 0.208114 2.39931 0.0247886
609.443 6.39022 0.200011 2.39893 0.023731
610.188 6.38693 0.192375 2.39849 0.0227369
610.933 6.37276 0.196106 2.39665 0.0233269
611.679 6.35874 0.199727 2.39483 0.0239041
612.424 6.34657 0.199244 2.39322 0.0239184
613.169 6.33471 0.198323 2.39166 0.0238713
613.915 6.32853 0.20099 2.39088 0.0242801
614.66 6.32408 0.204727 2.39034 0.0248254
615.405 6.31553 0.201505 2.3892 0.024448
616.151 6.30464 0.194338 2.38772 0.023544
616.896 6.29227 0.191321 2.38606 0.0232109
617.641 6.27847 0.192384 2.38422 0.0234426
618.387 6.2654 0.191898 2.38247 0.0234585
619.132 6.25348 0.188775 2.38086 0.023105
619.878 6.24369 0.186186 2.37954 0.0228122
620.623 6.24085 0.185251 2.37918 0.0227102
621.368 6.23701 0.184551 2.37869 0.0226458
622.113 6.22316 0.186128 2.37682 0.0229485
622.859 6.20948 0.187647 2.37498 0.0232434
623.604 6.19536 0.185043 2.37304 0.0229682
624.349 6.18141 0.182309 2.37112 0.0226721
625.095 6.17426 0.178112 2.37015 0.0221345
625.84 6.16859 0.173632 2.36937 0.0215484
626.586 6.16156 0.172469 2.36842 0.0214323
627.331 6.15394 0.172801 2.36739 0.0215283
628.076 6.14232 0.172096 2.3658 0.0214987
628.822 6.12756 0.17057 2.36375 0.0213688
629.567 6.11614 0.170926 2.36218 0.021487
630.312 6.10917 0.17386 2.36125 0.0219482
631.057 6.1035 0.175756 2.3605 0.0222567
631.803 6.10107 0.175095 2.36019 0.0221866
632.548 6.09756 0.174114 2.35972 0.0220764
633.294 6.08778 0.171271 2.35836 0.0217332
634.039 6.0781 0.168506 2.35701 0.0213991
634.784 6.06873 0.168479 2.35571 0.0214527
635.53 6.05945 0.168445 2.35442 0.0215047
636.275 6.04969 0.168026 2.35306 0.021504
637.02 6.03996 0.167554 2.3517 0.0214954
637.766 6.03327 0.164735 2.35077 0.0211344
638.511 6.02764 0.16113 2.34998 0.0206544
639.256 6.02176 0.160617 2.34916 0.0206192
640.002 6.01572 0.162079 2.34834 0.0208692
640.747 6.00753 0.161252 2.34719 0.0207999
641.492 5.99695 0.157921 2.34568 0.0203797
642.238 5.98902 0.15615 2.34456 0.020171
642.983 5.98613 0.157347 2.34418 0.0203681
643.728 5.98328 0.158349 2.34381 0.0205369
644.474 5.98055 0.1586 2.34345 0.0205963
645.219 5.97719 0.158862 2.343 0.0206604
645.964 5.96489 0.159285 2.34125 0.0207909
646.71 5.95276 0.159682 2.33952 0.0209172
647.455 5.94256 0.157806 2.33806 0.0207023
648.2 5.93261 0.155798 2.33663 0.0204657
648.946 5.92754 0.151249 2.3359 0.0198328
649.691 5.92371 0.146085 2.33535 0.0191025
650.436 5.9186 0.142741 2.33462 0.0186439
651.182 5.91287 0.140339 2.3338 0.0183253
651.927 5.90293 0.141218 2.33237 0.0185074
652.672 5.88933 0.14493 2.33042 0.0191247
653.418 5.87835 0.147388 2.32884 0.0195471
654.163 5.87126 0.148049 2.32783 0.0196867
654.908 5.86476 0.148135 2.32689 0.0197386
655.654 5.85981 0.146606 2.32619 0.0195433
656.399 5.85502 0.144867 2.3255 0.0193157
657.144 5.8511 0.141535 2.32493 0.0188466
657.89 5.84719 0.138232 2.32437 0.018381
658.635 5.83233 0.138936 2.32219 0.0185599
659.38 5.81757 0.139646 2.32002 0.0187398
660.126 5.81111 0.139461 2.31908 0.0187492
660.871 5.8061 0.139126 2.31836 0.0187297
661.616 5.80269 0.139401 2.31788 0.0187947
662.362 5.79992 0.139914 2.3175 0.0188926
663.107 5.79574 0.141566 2.31691 0.0191681
663.852 5.79056 0.144011 2.31617 0.0195678
664.598 5.78457 0.142938 2.31529 0.0194419
665.343 5.77757 0.137622 2.31424 0.0186797
666.088 5.76996 0.134648 2.31311 0.0182719
666.834 5.761 0.136614 2.3118 0.0186167
667.579 5.75359 0.138121 2.31071 0.0188859
668.324 5.75289 0.137728 2.31063 0.0188375
669.07 5.75213 0.137213 2.31054 0.0187707
669.815 5.75 0.13402 2.31024 0.0183034
670.56 5.74786 0.130844 2.30993 0.0178383
671.306 5.73739 0.127263 2.30835 0.0173457
672.051 5.72623 0.123728 2.30667 0.0168606
672.796 5.71749 0.125214 2.30537 0.0171309
673.542 5.70949 0.128086 2.30419 0.0176109
674.287 5.7047 0.128156 2.30348 0.0176494
675.032 5.7017 0.126685 2.30305 0.0174441
675.778 5.69934 0.12679 2.30271 0.0174776
676.523 5.69759 0.128424 2.30248 0.017743
677.268 5.69424 0.129171 2.302 0.0178793
678.014 5.6882 0.128431 2.3011 0.0177986
678.759 5.68077 0.127609 2.29998 0.0177109
679.504 5.66881 0.126514 2.29816 0.0175997
680.25 5.65809 0.1254 2.29653 0.0174796
680.995 5.65655 0.12397 2.29631 0.0172723
681.74 5.65501 0.122546 2.2961 0.0170655
682.486 5.65372 0.123319 2.29593 0.0171975
683.231 5.65245 0.12416 2.29576 0.0173401
683.976 5.64511 0.119205 2.29463 0.0166095
684.722 5.63662 0.113225 2.29332 0.0157218
685.467 5.63052 0.112346 2.2924 0.0156154
686.212 5.62543 0.113595 2.29164 0.0158359
686.958 5.61759 0.115576 2.29045 0.0161817
687.703 5.60769 0.118065 2.28894 0.0166159
688.448 5.59987 0.119404 2.28775 0.0168633
689.194 5.59468 0.11931 2.28697 0.0168763
689.939 5.59076 0.119215 2.28638 0.0168839
690.684 5.58979 0.119119 2.28625 0.0168796
691.43 5.58749 0.118908 2.28592 0.0168624
692.175 5.57848 0.118116 2.28453 0.0167809
692.92 5.56967 0.117273 2.28316 0.0166902
693.666 5.56345 0.114525 2.2822 0.0162887
694.411 5.55727 0.111823 2.28124 0.015893
695.156 5.55228 0.10987 2.28047 0.0156103
695.902 5.54744 0.108023 2.27972 0.015343
696.647 5.54538 0.106818 2.27942 0.0151665
697.392 5.54417 0.10581 2.27925 0.0150179
698.138 5.54292 0.103684 2.27907 0.0146924
698.883 5.54164 0.100909 2.27888 0.014264
699.628 5.53683 0.101635 2.27815 0.0144021
700.374 5.5285 0.105818 2.27687 0.0151016
701.119 5.52127 0.109439 2.27576 0.0157097
701.864 5.5159 0.112196 2.27494 0.0161748
702.61 5.51125 0.113958 2.27423 0.0164795
703.355 5.50895 0.112537 2.27388 0.0162682
704.1 5.50716 0.111465 2.27362 0.0161105
704.846 5.50993 0.113578 2.27409 0.0164424
705.591 5.51271 0.115709 2.27457 0.0167769
706.336 5.50439 0.111602 2.27325 0.0161612
707.082 5.49575 0.107366 2.27188 0.0155237
707.827 5.48639 0.102501 2.27039 0.0147859
708.572 5.47697 0.0976191 2.26888 0.0140428
709.318 5.47101 0.0966521 2.26795 0.0139139
710.063 5.46654 0.0973281 2.26726 0.0140436
710.808 5.46632 0.0992659 2.26725 0.0143615
711.554 5.46937 0.102201 2.26778 0.0148279
712.299 5.46972 0.102749 2.26786 0.0149205
713.044 5.46652 0.100163 2.26736 0.014522
713.79 5.46151 0.0985357 2.26657 0.0142836
714.535 5.45234 0.0990748 2.26512 0.014408
715.28 5.4432 0.0997424 2.26367 0.0145534
716.026 5.43364 0.101126 2.26215 0.0148166
716.771 5.4245 0.102435 2.2607 0.0150669
717.516 5.42289 0.103103 2.26046 0.0151867
718.262 5.42127 0.103769 2.26022 0.015306
719.007 5.42495 0.100456 2.26083 0.014761
719.752 5.42919 0.0966708 2.26153 0.0141384
720.498 5.42447 0.0935908 2.26077 0.0136607
721.243 5.41718 0.0907818 2.2596 0.0132344
721.988 5.41005 0.0884508 2.25846 0.012884
722.734 5.40304 0.0863995 2.25733 0.0125777
723.479 5.39685 0.0865697 2.25635 0.01263
724.224 5.39144 0.0888214 2.2555 0.0130197
724.97 5.38769 0.0896656 2.25491 0.0131748
725.715 5.38661 0.0882489 2.25475 0.012952
726.46 5.38538 0.0882562 2.25457 0.0129622
727.206 5.38368 0.0925982 2.25433 0.0136825
727.951 5.38174 0.0968156 2.25404 0.0143837
728.696 5.37819 0.100207 2.2535 0.0149561
729.442 5.37464 0.103559 2.25295 0.0155229
730.187 5.36444 0.100178 2.25129 0.015011
730.932 5.35431 0.0967926 2.24963 0.0144958
731.678 5.34852 0.0946003 2.24869 0.0141601
732.423 5.34351 0.0926318 2.24788 0.0138578
733.168 5.3408 0.0913944 2.24745 0.0136678
733.914 5.33897 0.0904352 2.24716 0.0135206
734.659 5.3381 0.0900423 2.24704 0.0134634
735.404 5.3379 0.0900371 2.24703 0.0134681
736.15 5.33699 0.0888109 2.24689 0.0132735
736.895 5.33525 0.0861727 2.24662 0.0128483
737.641 5.33168 0.0838777 2.24604 0.0124852
738.386 5.32444 0.0822713 2.24486 0.0122464
739.131 5.31772 0.0819331 2.24377 0.0122155
739.876 5.31269 0.0864482 2.24297 0.0129843
740.622 5.30806 0.090701 2.24223 0.0137097
741.367 5.30839 0.0925541 2.24231 0.0140209
742.112 5.30872 0.0944105 2.24239 0.0143326
742.858 5.30917 0.0943521 2.24249 0.0143259
743.603 5.30963 0.0941763 2.24258 0.0142998
744.349 5.30595 0.0918397 2.24198 0.0139289
745.094 5.30135 0.0890457 2.24123 0.0134844
745.839 5.29538 0.0837649 2.24024 0.0126293
746.584 5.2888 0.0774472 2.23914 0.0116011
747.33 5.2827 0.076307 2.23814 0.0114329
748.075 5.27702 0.079184 2.23722 0.0119343
748.82 5.27319 0.0801997 2.2366 0.0121198
749.566 5.27183 0.0787806 2.23639 0.0118909
750.311 5.27178 0.0778711 2.2364 0.0117432
751.057 5.27484 0.0781504 2.23693 0.0117853
751.802 5.27655 0.0785197 2.23723 0.0118463
752.547 5.27156 0.0793084 2.23642 0.0119972
753.293 5.26651 0.0799854 2.2356 0.0121298
754.038 5.25925 0.0785002 2.23439 0.0119067
754.783 5.25208 0.0770472 2.2332 0.011688
755.529 5.248 0.0754091 2.23253 0.0114286
756.274 5.24423 0.0737725 2.23191 0.0111681
757.019 5.24052 0.073867 2.2313 0.0111986
757.765 5.23684 0.0744196 2.23071 0.0113061
758.51 5.23401 0.0767163 2.23025 0.0117054
759.255 5.23161 0.0798946 2.22987 0.0122526
760.001 5.23061 0.0791153 2.22972 0.0121282
760.746 5.23082 0.0748743 2.22976 0.011416
761.491 5.22806 0.0739641 2.22931 0.0112742
762.237 5.221 0.0778604 2.22815 0.0119568
762.982 5.21449 0.0798159 2.22707 0.0123111
763.727 5.20928 0.0770345 2.2262 0.0118594
764.473 5.20419 0.074721 2.22535 0.0114857
765.218 5.19951 0.0747299 2.22457 0.0115045
765.963 5.195 0.0746698 2.22382 0.011511
766.709 5.19512 0.07225 2.22385 0.0111033
767.454 5.19523 0.0698291 2.22388 0.0106953
768.199 5.19639 0.0684749 2.22409 0.0104659
768.945 5.19766 0.0672309 2.22432 0.010255
769.69 5.19681 0.0681504 2.2242 0.0104172
770.435 5.19535 0.0696871 2.22397 0.010686
771.181 5.19114 0.0696018 2.22327 0.0106866
771.926 5.1855 0.068665 2.22232 0.0105459
772.671 5.17889 0.0682973 2.22121 0.0105044
773.417 5.17145 0.0684216 2.21996 0.010549
774.162 5.16714 0.0690903 2.21924 0.0106784
774.907 5.16736 0.0705824 2.2193 0.0109366
775.653 5.16747 0.0706177 2.21934 0.010946
776.398 5.16731 0.0668716 2.21931 0.0103095
777.143 5.16722 0.0637846 2.21931 0.00978552
777.889 5.16761 0.0642867 2.21939 0.00987395
778.634 5.16798 0.0648142 2.21947 0.0099668
779.379 5.16736 0.0660999 2.21939 0.0101918
780.125 5.16674 0.067383 2.2193 0.0104164
780.87 5.15916 0.0654318 2.21801 0.0101055
781.615 5.15101 0.0632173 2.21663 0.0097498
782.361 5.14395 0.0638743 2.21543 0.00988367
783.106 5.13724 0.0652643 2.2143 0.0101431
783.851 5.13516 0.0621433 2.21395 0.00961462
784.597 5.13535 0.0567438 2.21398 0.00868807
785.342 5.13499 0.0592855 2.21394 0.00912987
786.087 5.13406 0.068544 2.21382 0.0107297
786.833 5.13396 0.0725751 2.21383 0.0114276
787.578 5.1352 0.0693919 2.21405 0.0108795
788.323 5.13499 0.0671881 2.21403 0.010504
789.069 5.13141 0.0673166 2.21343 0.0105389
789.814 5.12696 0.0675455 2.21267 0.0105934
790.559 5.11841 0.0682341 2.21122 0.0107382
791.305 5.11028 0.0686332 2.20983 0.0108323
792.05 5.10666 0.064853 2.2092 0.0101906
792.795 5.10303 0.0611306 2.20858 0.00955801
793.541 5.10308 0.0591465 2.2086 0.00921723
794.286 5.10338 0.0572744 2.20866 0.00889529
795.031 5.10528 0.0596873 2.20901 0.0093122
795.777 5.10752 0.0630879 2.20943 0.00989902
796.522 5.10774 0.0616271 2.20947 0.00964871
797.267 5.10707 0.0580668 2.20936 0.00903686
798.013 5.10108 0.0579644 2.20834 0.00903609
798.758 5.0914 0.0602754 2.20668 0.00946317
799.503 5.0848 0.0610022 2.20555 0.00960857
800.249 5.08163 0.0599849 2.20501 0.00944224
800.994 5.07791 0.0600476 2.20438 0.00946516
801.739 5.07314 0.0621233 2.20357 0.00984171
802.485 5.06931 0.0625106 2.20291 0.00992184
803.23 5.06857 0.0572669 2.20279 0.00901127
803.975 5.06818 0.0527025 2.20272 0.00821821
804.721 5.07121 0.053536 2.20327 0.00836018
805.466 5.07426 0.0543802 2.20382 0.00850382
806.211 5.07246 0.0614656 2.20353 0.00974698
806.957 5.07051 0.0685466 2.20322 0.0109907
807.702 5.06523 0.0675741 2.20231 0.010838
808.447 5.05956 0.0655165 2.20133 0.0104961
809.193 5.05506 0.0625991 2.20055 0.00999995
809.938 5.05093 0.0594533 2.19983 0.00946188
810.683 5.04791 0.0591014 2.19932 0.0094103
811.429 5.04549 0.0602499 2.19891 0.00962045
812.174 5.0435 0.0604715 2.19857 0.00966705
812.919 5.04188 0.0598866 2.1983 0.00957118
813.665 5.0407 0.0585285 2.19811 0.00933835
814.41 5.04013 0.0560904 2.19801 0.00891426
815.155 5.03926 0.0544917 2.19787 0.00863821
815.901 5.03769 0.054804 2.19761 0.00869938
816.646 5.03549 0.0553269 2.19724 0.00879902
817.391 5.03063 0.0567336 2.1964 0.0090603
818.137 5.02568 0.0579254 2.19554 0.00928443
818.882 5.01918 0.056986 2.19441 0.00913667
819.627 5.01277 0.0560685 2.19329 0.00899212
820.373 5.00979 0.0571311 2.19278 0.0091895
821.118 5.00694 0.0582468 2.19229 0.00939618
821.863 5.00747 0.0577764 2.1924 0.00931449
822.609 5.00857 0.0570344 2.1926 0.00918344
823.354 5.00973 0.055092 2.19282 0.00884007
824.099 5.01089 0.0527255 2.19303 0.00842187
824.845 5.01162 0.0515921 2.19317 0.00822267
825.59 5.01209 0.0511759 2.19326 0.0081508
826.335 5.01218 0.0514457 2.19329 0.00820093
827.081 5.01192 0.0523389 2.19326 0.00836199
827.826 5.00933 0.0530935 2.19282 0.00850361
828.571 5.00349 0.0536384 2.1918 0.00861536
829.317 4.99794 0.0535892 2.19083 0.00862137
830.062 4.99295 0.0522521 2.18995 0.00839764
830.807 4.9883 0.050769 2.18914 0.00814675
831.553 4.98489 0.0486139 2.18854 0.00777341
832.298 4.98184 0.0469762 2.18801 0.00749081
833.043 4.98231 0.0501719 2.18811 0.00806077
833.789 4.98275 0.0533774 2.18821 0.00863242
834.534 4.98199 0.0518644 2.18808 0.00836752
835.279 4.98121 0.050283 2.18795 0.00809039
836.025 4.98196 0.0503603 2.1881 0.00810512
836.77 4.98291 0.0506678 2.18828 0.00816033
837.515 4.98075 0.0529585 2.18791 0.0085749
838.261 4.97767 0.0557923 2.18739 0.00908858
839.006 4.97365 0.0562434 2.18668 0.00918057
839.751 4.96921 0.0555377 2.1859 0.00906736
840.497 4.96501 0.0555636 2.18516 0.00908396
841.242 4.96099 0.0561358 2.18446 0.00919775
841.987 4.95905 0.0589371 2.18413 0.00970532
842.733 4.95943 0.0643693 2.18423 0.0106777
843.478 4.9584 0.0643339 2.18405 0.0106765
844.223 4.95481 0.0546163 2.1834 0.00894983
844.969 4.95172 0.048026 2.18285 0.00777937
845.714 4.95057 0.050008 2.18265 0.00813895
846.459 4.94917 0.0517818 2.18242 0.00846194
847.205 4.94647 0.0524707 2.18195 0.00859352
847.95 4.94394 0.0533707 2.18151 0.00876272
848.695 4.94408 0.0580966 2.18156 0.00961218
849.441 4.94416 0.0628307 2.18159 0.0104632
850.186 4.93938 0.0609207 2.18074 0.0101349
850.931 4.93442 0.0587492 2.17986 0.00975936
851.677 4.93153 0.0504451 2.17933 0.00827564
852.422 4.92879 0.0412343 2.17883 0.00662668
853.167 4.92882 0.0438903 2.17886 0.00710668
853.913 4.92969 0.0503467 2.17904 0.00826866
854.658 4.92866 0.0532794 2.17887 0.00880069
855.403 4.9267 0.054375 2.17853 0.00900444
856.149 4.92425 0.0535619 2.1781 0.00886577
856.894 4.92143 0.0513023 2.1776 0.0084671
857.639 4.92 0.0516067 2.17735 0.00852723
858.385 4.92016 0.0548087 2.1774 0.00910626
859.13 4.91954 0.0545378 2.1773 0.00906106
859.875 4.91762 0.0484505 2.17695 0.00796979
860.621 4.91571 0.045212 2.17661 0.00739155
861.366 4.91402 0.0492026 2.17633 0.00811716
862.112 4.9119 0.0521962 2.17596 0.00866423
862.857 4.90803 0.0509316 2.17527 0.00844623
863.602 4.90452 0.0498841 2.17464 0.00826638
864.347 4.90417 0.0507628 2.17459 0.00842817
865.093 4.90382 0.0516401 2.17454 0.00858976
865.838 4.90352 0.0478002 2.17449 0.00789794
866.583 4.90318 0.0439682 2.17443 0.00720748
867.329 4.90414 0.045569 2.17462 0.00749736
868.074 4.90523 0.0477271 2.17483 0.00788767
868.82 4.90336 0.0481391 2.17451 0.00796804
869.565 4.90085 0.0481617 2.17406 0.00797927
870.31 4.89882 0.0484934 2.17371 0.00804549
871.056 4.89697 0.0489354 2.17338 0.0081314
871.801 4.89453 0.0483369 2.17295 0.00802996
872.546 4.89178 0.0471719 2.17246 0.00782629
873.292 4.88922 0.0460646 2.17201 0.00763245
874.037 4.88683 0.0450045 2.17158 0.00744664
874.782 4.88587 0.0444295 2.17142 0.00734607
875.528 4.88655 0.0443956 2.17155 0.00734068
876.273 4.88655 0.0449849 2.17156 0.0074497
877.018 4.88546 0.0465764 2.17138 0.00774282
877.764 4.88439 0.0472302 2.17119 0.00786567
878.509 4.88341 0.0456925 2.17102 0.00759021
879.254 4.88237 0.0443769 2.17084 0.00735508
880 4.88113 0.0438526 2.17063 0.00726407
880.745 4.88021 0.0431538 2.17047 0.00714067
881.49 4.88142 0.0412703 2.17069 0.00679802
882.236 4.88228 0.0395785 2.17086 0.00649093
882.981 4.87647 0.0417783 2.16982 0.00690302
883.726 4.87074 0.0439024 2.16879 0.00730214
884.472 4.86697 0.0431751 2.16811 0.00717845
885.217 4.86329 0.0423716 2.16745 0.00704046
885.962 4.86208 0.0405643 2.16723 0.00671466
886.708 4.86116 0.0386404 2.16707 0.00636689
887.453 4.86097 0.0377026 2.16704 0.00619786
888.198 4.86095 0.036994 2.16705 0.00607038
888.944 4.86195 0.0366569 2.16724 0.0060091
889.689 4.86333 0.0364536 2.1675 0.00597166
890.434 4.86263 0.0373706 2.16739 0.00614201
891.18 4.86083 0.038862 2.16707 0.00641908
891.925 4.85825 0.0389186 2.16661 0.00643557
892.67 4.85511 0.0379602 2.16604 0.00626743
893.416 4.85189 0.0380363 2.16547 0.00628842
894.161 4.8486 0.039092 2.16487 0.00648892
894.906 4.8453 0.0398117 2.16428 0.00662814
895.652 4.84198 0.0401087 2.16368 0.00669005
896.397 4.83946 0.0412858 2.16323 0.00691209
897.142 4.83828 0.0440192 2.16303 0.00741752
897.888 4.83795 0.0449464 2.16298 0.00759007
898.633 4.83972 0.0414626 2.16331 0.00694945
899.378 4.84113 0.0396378 2.16357 0.00661411
900.124 4.84129 0.0438128 2.16362 0.00738123
900.869 4.84135 0.046571 2.16365 0.00788871
901.614 4.84104 0.0413477 2.16359 0.00693316
902.36 4.84056 0.0365113 2.1635 0.00604867
903.105 4.83896 0.0357601 2.16322 0.00591509
903.85 4.83733 0.0350259 2.16293 0.00578458
904.596 4.83377 0.0348849 2.16228 0.00576581
905.341 4.83025 0.0347448 2.16164 0.00574713
906.086 4.82847 0.0342461 2.16133 0.00565981
906.832 4.82678 0.0337339 2.16102 0.00556982
907.577 4.82314 0.0346187 2.16036 0.00573977
908.322 4.81929 0.0356536 2.15967 0.00593796
909.068 4.81851 0.0354926 2.15953 0.00591118
909.813 4.81837 0.0350822 2.15951 0.00583742
910.558 4.81827 0.0335768 2.1595 0.00556181
911.304 4.81817 0.0317341 2.15949 0.00522397
912.049 4.81811 0.0336297 2.15949 0.0055751
912.794 4.81803 0.0371011 2.15949 0.0062167
913.54 4.81765 0.0384381 2.15943 0.00646543
914.285 4.81712 0.0385975 2.15934 0.00649736
915.03 4.8161 0.0375414 2.15916 0.00630593
915.776 4.81475 0.0356424 2.15892 0.00595948
916.521 4.81246 0.0348013 2.1585 0.00580942
917.266 4.80938 0.0348838 2.15794 0.00583094
918.012 4.80613 0.0356463 2.15736 0.00597839
918.757 4.8027 0.0371364 2.15673 0.00626088
919.502 4.80005 0.0386185 2.15625 0.00654098
920.248 4.79846 0.0401156 2.15597 0.00682234
920.993 4.79624 0.0403582 2.15557 0.00687268
921.738 4.79297 0.0385056 2.15497 0.00653663
922.484 4.79092 0.0385417 2.1546 0.00654831
923.229 4.79141 0.0425673 2.1547 0.00729532
923.974 4.7921 0.0441914 2.15484 0.0075967
924.72 4.7934 0.0392161 2.15508 0.00667389
925.465 4.79411 0.0344952 2.15522 0.00579955
926.21 4.7929 0.0308102 2.155 0.00511994
926.956 4.79177 0.0275261 2.15479 0.0045142
927.701 4.79118 0.0260219 2.15469 0.00423755
928.446 4.79028 0.0253907 2.15453 0.00412307
929.192 4.78728 0.0306 2.15399 0.00509469
929.937 4.78435 0.0353061 2.15346 0.005974
930.682 4.78273 0.0355824 2.15317 0.00602932
931.428 4.78115 0.0356967 2.15288 0.00605454
932.173 4.77998 0.0322068 2.15267 0.00540922
932.918 4.77878 0.0287511 2.15245 0.00477
933.664 4.77623 0.0314576 2.15199 0.00527818
934.409 4.77367 0.0341191 2.15152 0.00577853
935.154 4.7699 0.0320805 2.15083 0.00540596
935.9 4.76611 0.0299084 2.15012 0.00500791
936.645 4.76574 0.0307045 2.15007 0.00515826
937.39 4.76565 0.0317431 2.15006 0.00535347
938.136 4.76881 0.0320301 2.15066 0.00540394
938.881 4.77243 0.0322242 2.15134 0.00543641
939.626 4.77418 0.0346513 2.15168 0.00588708
940.372 4.77559 0.0374909 2.15195 0.00641472
941.117 4.77106 0.0360837 2.15111 0.00616144
941.862 4.76532 0.0338116 2.15005 0.00574823
942.608 4.76297 0.0320793 2.14962 0.00542999
943.353 4.76151 0.0304932 2.14935 0.00513748
944.098 4.75915 0.036333 2.14893 0.0062324
944.844 4.75632 0.0444227 2.14842 0.00774956
945.589 4.75772 0.0392393 2.14868 0.00678028
946.334 4.76047 0.0290012 2.14918 0.00486601
947.08 4.75891 0.028169 2.1489 0.00471401
947.825 4.75563 0.031311 2.1483 0.00530663
948.57 4.75359 0.0333464 2.14793 0.00569133
949.316 4.75213 0.0348639 2.14767 0.00597861
950.061 4.75166 0.0377936 2.14759 0.00652861
950.806 4.75166 0.04148 2.14761 0.00721941
951.552 4.75054 0.038673 2.1474 0.00669773
952.297 4.74867 0.0321595 2.14705 0.0054833
953.042 4.74655 0.0349674 2.14666 0.00601337
953.788 4.74412 0.0435392 2.14623 0.00762412
954.533 4.74515 0.0382144 2.14642 0.00662633
955.278 4.74807 0.0232156 2.14695 0.00381544
956.024 4.74502 0.0214457 2.14639 0.0034885
956.769 4.73797 0.0291843 2.14509 0.00494845
957.514 4.73527 0.0308005 2.14459 0.00525664
958.26 4.73595 0.0278596 2.14472 0.00470515
959.005 4.73692 0.0254641 2.14491 0.00425578
959.75 4.73813 0.02351 2.14514 0.00388911
960.496 4.73734 0.028653 2.145 0.00485615
961.241 4.7345 0.0397414 2.1445 0.00694267
961.986 4.73447 0.0443784 2.14451 0.00781454
962.732 4.73721 0.043397 2.14503 0.00762653
963.477 4.73806 0.0423647 2.14519 0.00743264
964.222 4.73715 0.0413054 2.14503 0.00723685
964.968 4.73736 0.0376146 2.14507 0.00654531
965.713 4.73853 0.0314195 2.14528 0.00538258
966.458 4.73692 0.0301039 2.14499 0.00513922
967.204 4.73277 0.0333822 2.14422 0.00576175
967.949 4.72769 0.0365266 2.14328 0.00636167
968.694 4.72177 0.0395095 2.14218 0.00693385
969.44 4.71987 0.0390677 2.14183 0.0068552
970.185 4.7217 0.0354093 2.14217 0.00616465
970.93 4.71908 0.0337913 2.14168 0.0058652
971.676 4.71237 0.0341209 2.14043 0.00593858
972.421 4.70857 0.0327311 2.13971 0.00568316
973.166 4.70734 0.0297767 2.13948 0.0051283
973.912 4.70734 0.0286123 2.13949 0.00490963
974.657 4.7085 0.02906 2.13972 0.00499388
975.402 4.70952 0.0292475 2.13992 0.00502916
976.148 4.71043 0.0292034 2.1401 0.00502084
976.893 4.71036 0.0291454 2.14009 0.00501121
977.638 4.70945 0.0290762 2.13993 0.00500054
978.384 4.70904 0.0284343 2.13985 0.00488108
979.129 4.70902 0.0273316 2.13986 0.00467414
979.874 4.70967 0.027453 2.13999 0.00469744
980.62 4.71082 0.0285104 2.14021 0.00489675
981.365 4.70691 0.0297496 2.13948 0.00513699
982.11 4.69955 0.0310457 2.1381 0.00539312
982.856 4.69545 0.0325572 2.13733 0.00568612
983.601 4.69342 0.0342264 2.13696 0.00600639
984.346 4.69007 0.0336648 2.13633 0.00590616
985.092 4.68597 0.0318171 2.13556 0.0055629
985.837 4.68461 0.0286938 2.1353 0.00497328
986.583 4.68469 0.0248542 2.13532 0.00424567
987.328 4.68462 0.0250763 2.13531 0.00428903
988.073 4.68449 0.027278 2.1353 0.00470817
988.818 4.68578 0.030228 2.13555 0.00526744
989.564 4.68768 0.0335438 2.13592 0.0058949
990.309 4.68904 0.036248 2.13619 0.0064068
991.055 4.69018 0.0387335 2.13642 0.00687729
991.8 4.68999 0.0363353 2.13639 0.00642413
992.545 4.68932 0.0324168 2.13626 0.00568335
993.291 4.68956 0.0322372 2.13631 0.0056501
994.036 4.69003 0.0330221 2.13641 0.00579936
994.781 4.69018 0.0325542 2.13644 0.00571158
995.527 4.69025 0.0318309 2.13646 0.00557547
996.272 4.68918 0.0302851 2.13627 0.00528496
997.017 4.68794 0.0286311 2.13603 0.00497401
997.763 4.68471 0.0269024 2.13543 0.00465112
998.508 4.68131 0.0252073 2.13479 0.00433437
999.253 4.68319 0.0340707 2.13516 0.00601622
999.999 4.685 0.0436057 2.13553 0.00782438
