255.408 1.25016 0.778185 1.28364 0.686113
256.154 1.2769 0.782447 1.30762 0.686037
256.899 1.303 0.785888 1.33078 0.685331
257.644 1.28308 0.781511 1.3124 0.684397
258.39 1.25569 0.775133 1.28708 0.682701
259.135 1.28261 0.794502 1.31334 0.695968
259.88 1.32925 0.819533 1.35756 0.711131
260.626 1.34118 0.819292 1.36764 0.709234
261.371 1.33091 0.804307 1.35627 0.69775
262.116 1.32999 0.793712 1.3537 0.688711
262.862 1.33893 0.788238 1.36048 0.682751
263.607 1.34471 0.784182 1.3647 0.678488
264.353 1.34467 0.78273 1.36422 0.677302
265.098 1.34791 0.783159 1.36687 0.6773
265.843 1.36335 0.790298 1.38101 0.681445
266.589 1.37621 0.795347 1.3926 0.684125
267.334 1.35979 0.781028 1.3762 0.674052
268.079 1.34372 0.766061 1.36002 0.663274
268.825 1.37258 0.796112 1.38887 0.685537
269.57 1.40569 0.826124 1.42135 0.706924
270.315 1.4028 0.806786 1.41595 0.690792
271.061 1.39301 0.776642 1.40325 0.66624
271.806 1.39201 0.764208 1.40056 0.655736
272.551 1.39461 0.759986 1.40205 0.651849
273.297 1.40172 0.756992 1.4076 0.64845
274.042 1.41238 0.754932 1.41632 0.645419
274.787 1.41779 0.755922 1.4209 0.645684
275.533 1.41611 0.761248 1.41994 0.650567
276.278 1.41374 0.759648 1.41751 0.649586
277.023 1.40998 0.740714 1.41174 0.633861
277.769 1.41024 0.726558 1.41008 0.621738
278.514 1.42995 0.737621 1.42816 0.628964
279.259 1.44915 0.747384 1.44562 0.635095
280.005 1.44111 0.734566 1.43703 0.625203
280.75 1.4334 0.721574 1.42872 0.615083
281.495 1.42499 0.707405 1.4197 0.603993
282.241 1.41684 0.692907 1.41091 0.592544
282.986 1.41994 0.69152 1.41327 0.59109
283.731 1.42663 0.694374 1.41918 0.592883
284.477 1.42293 0.68447 1.41477 0.58487
285.222 1.41339 0.666573 1.4045 0.570588
285.967 1.41385 0.65799 1.40385 0.563229
286.713 1.42422 0.659314 1.41279 0.563359
287.458 1.43037 0.65871 1.41787 0.56228
288.203 1.42898 0.654799 1.41615 0.559148
288.949 1.42768 0.649222 1.41434 0.55457
289.694 1.4268 0.637802 1.41231 0.544924
290.439 1.42665 0.627089 1.411 0.535809
291.185 1.43215 0.622993 1.41522 0.531828
291.93 1.4376 0.618946 1.4194 0.527904
292.675 1.42509 0.598038 1.40657 0.511202
293.421 1.41266 0.575717 1.39373 0.493191
294.166 1.40774 0.568423 1.38874 0.487405
294.911 1.40437 0.564498 1.3854 0.484377
295.657 1.39969 0.553358 1.38032 0.475222
296.402 1.39475 0.538836 1.37473 0.463148
297.147 1.39288 0.525073 1.37191 0.451454
297.893 1.39348 0.512087 1.37132 0.44023
298.638 1.3902 0.503132 1.36771 0.432792
299.383 1.38113 0.499539 1.35951 0.43043
300.129 1.37115 0.493078 1.35029 0.425633
300.874 1.35915 0.479345 1.33878 0.414636
301.619 1.34819 0.465981 1.32822 0.403834
302.365 1.34155 0.4573 1.32176 0.396771
303.11 1.33498 0.44837 1.31536 0.389466
303.855 1.32443 0.43292 1.30505 0.376704
304.601 1.3143 0.417028 1.29511 0.363478
305.346 1.29705 0.408402 1.27938 0.357018
306.091 1.2785 0.400218 1.26253 0.350974
306.837 1.25884 0.384746 1.24422 0.338506
307.582 1.2391 0.365868 1.22565 0.322931
308.327 1.22301 0.360628 1.21105 0.31917
309.073 1.20882 0.364727 1.19861 0.323591
309.818 1.19313 0.358277 1.18425 0.318689
310.563 1.17637 0.339402 1.16826 0.302693
311.309 1.16065 0.325452 1.15347 0.29097
312.054 1.1461 0.322415 1.14024 0.288935
312.799 1.12893 0.318888 1.12459 0.286563
313.545 1.10205 0.313831 1.10006 0.283227
314.29 1.07457 0.307708 1.07485 0.278898
315.035 1.05145 0.295743 1.05328 0.268996
315.781 1.02793 0.282823 1.03126 0.258152
316.526 1.00337 0.271927 1.00831 0.249112
317.271 0.978215 0.260323 0.984738 0.239358
318.017 0.948005 0.249459 0.956456 0.230371
318.762 0.915662 0.237877 0.926071 0.22068
319.507 0.882583 0.230486 0.895013 0.214807
320.253 0.848334 0.22505 0.862781 0.210717
320.998 0.815146 0.219313 0.831391 0.206245
321.743 0.782925 0.213298 0.800773 0.201412
322.489 0.750284 0.207469 0.769628 0.196698
323.234 0.717656 0.202365 0.738382 0.192607
323.979 0.683927 0.197576 0.705948 0.188781
324.725 0.649276 0.194838 0.672523 0.186895
325.47 0.613163 0.192071 0.637519 0.184967
326.215 0.575165 0.191457 0.600546 0.185133
326.961 0.535498 0.190619 0.561733 0.185084
327.706 0.49522 0.194442 0.522194 0.189619
328.451 0.453129 0.198478 0.480632 0.194424
329.197 0.413524 0.205138 0.441363 0.201826
329.942 0.373014 0.212626 0.400986 0.210133
330.687 0.331875 0.22124 0.359771 0.21966
331.433 0.289449 0.230678 0.317033 0.230134
332.178 0.247717 0.243997 0.274852 0.244662
332.923 0.206194 0.260614 0.232744 0.262725
333.669 0.164369 0.277766 0.190126 0.281534
334.414 0.12257 0.295285 0.147331 0.300918
335.159 0.0815562 0.313617 0.105176 0.321327
335.905 0.0442397 0.332243 0.0667375 0.34212
336.65 0.00689364 0.3512 0.0281291 0.363456
337.395 -0.0266299 0.367566 -0.00665517 0.38207
338.141 -0.0610563 0.384788 -0.0424903 0.401788
338.886 -0.0971928 0.403344 -0.0802315 0.423183
339.631 -0.134295 0.422893 -0.119106 0.445884
340.377 -0.175323 0.44415 -0.162309 0.470846
341.122 -0.217864 0.466719 -0.207276 0.497574
341.867 -0.258101 0.487638 -0.249986 0.522624
342.613 -0.298416 0.508797 -0.292936 0.548183
343.358 -0.332297 0.524425 -0.329234 0.567422
344.103 -0.362667 0.536868 -0.361936 0.583018
344.849 -0.400014 0.550537 -0.402492 0.600552
345.594 -0.444777 0.565601 -0.451502 0.620305
346.339 -0.491673 0.583928 -0.502967 0.644107
347.085 -0.541263 0.607719 -0.557391 0.674612
347.83 -0.592695 0.633056 -0.614104 0.707391
348.575 -0.646544 0.660444 -0.673764 0.74314
349.321 -0.701858 0.687093 -0.735539 0.778592
350.066 -0.75567 0.692388 -0.797793 0.789128
350.811 -0.811404 0.697657 -0.862776 0.799852
351.557 -0.860844 0.725038 -0.918722 0.836584
352.302 -0.911331 0.754746 -0.975985 0.876643
353.047 -0.978904 0.777917 -1.05499 0.91091
353.793 -1.0527 0.800689 -1.1424 0.945798
354.538 -1.13795 0.83785 -1.24348 1.00038
355.283 -1.23104 0.88409 -1.35461 1.06847
356.029 -1.3131 0.924131 -1.45363 1.12882
356.774 -1.38581 0.958535 -1.54226 1.18187
357.519 -1.45846 0.987687 -1.63235 1.22899
358.265 -1.5299 1.00801 -1.72297 1.26505
359.01 -1.60488 1.03253 -1.81873 1.30791
359.755 -1.68497 1.06689 -1.92101 1.36587
360.501 -1.77236 1.10953 -2.0331 1.43787
361.246 -1.88718 1.19289 -2.17746 1.57432
361.991 -2.00749 1.28418 -2.32864 1.72818
362.737 -2.13837 1.38493 -2.49328 1.90405
363.482 -2.27591 1.49627 -2.66493 2.1043
364.227 -2.3943 1.58695 -2.81361 2.27472
364.973 -2.51435 1.6809 -2.96351 2.45622
365.718 -2.64088 1.74736 -3.13353 2.60289
366.463 -2.77459 1.80589 -3.31962 2.74466
367.209 -2.89253 1.90347 -3.46547 2.94803
367.954 -2.99863 2.03193 -3.57597 3.20246
368.699 -3.13971 2.18135 -3.72871 3.51654
369.445 -3.32477 2.3596 -3.93218 3.91651
370.19 -3.52281 2.56171 -4.13283 4.3846
370.935 -3.73831 2.79444 -4.32595 4.94163
371.681 -3.95079 3.04521 -4.47607 5.55391
372.426 -4.1181 3.27002 -4.54602 6.09957
373.171 -4.2865 3.5102 -4.57597 6.68712
373.917 -4.4295 3.6626 -4.64121 7.10571
374.662 -4.57734 3.82603 -4.68743 7.55865
375.407 -4.76093 4.06152 -4.67667 8.19191
376.153 -4.95234 4.32445 -4.60238 8.89268
376.898 -5.17313 4.79673 -4.17381 9.96587
377.643 -5.38259 5.38763 -3.39864 11.1252
378.389 -5.56127 6.09519 -2.23796 12.2208
379.134 -5.67981 6.92389 -0.706716 13.0715
379.879 -5.68849 7.71895 0.796123 13.4387
380.625 -5.59971 8.44834 2.1045 13.4373
381.37 -5.47098 9.1857 3.30505 13.2696
382.116 -5.33927 9.90918 4.3596 13.0331
382.861 -5.17752 10.6001 5.25549 12.7217
383.606 -5.11746 11.1094 5.86148 12.5558
384.352 -4.97017 11.7002 6.49521 12.2577
385.097 -4.30644 12.6816 7.3296 11.35
385.842 -3.43923 13.6095 7.94442 10.403
386.587 -2.12173 14.7512 8.55158 9.2499
387.333 -0.46491 15.6363 8.89643 8.14182
388.078 1.37192 15.9333 8.94474 7.16898
388.824 3.20199 15.7691 8.86751 6.3281
389.569 4.79421 15.3991 8.78831 5.65511
390.314 6.20477 14.8141 8.68599 5.07894
391.06 7.18814 14.2751 8.60889 4.68234
391.805 7.90969 13.828 8.55788 4.39421
392.55 8.52877 13.2137 8.45876 4.11753
393.296 9.00355 12.4508 8.3115 3.85625
394.041 9.38143 11.6445 8.15309 3.60536
394.786 9.66343 10.7611 7.97185 3.35294
395.532 9.88744 9.89255 7.79877 3.10438
396.277 10.1987 8.8948 7.63434 2.78862
397.022 10.3459 7.95928 7.46464 2.51236
397.768 10.2004 7.13372 7.25097 2.31298
398.513 10.0092 6.41606 7.05117 2.13757
399.258 9.91048 5.88748 6.92122 1.99135
400.004 9.79842 5.41645 6.80094 1.85898
400.749 9.66531 5.07128 6.69771 1.76723
401.494 9.52701 4.77718 6.60193 1.69013
402.24 9.38957 4.53288 6.51477 1.62746
402.985 9.25476 4.32063 6.43353 1.57355
403.73 9.13532 4.05919 6.35033 1.49629
404.476 9.02235 3.75762 6.26433 1.39955
405.221 8.8714 3.47589 6.16725 1.3124
405.966 8.67025 3.21475 6.05291 1.23652
406.712 8.46247 2.97021 5.93725 1.16435
407.457 8.22191 2.72146 5.80608 1.09043
408.202 8.00332 2.50696 5.68711 1.02455
408.948 7.86514 2.34771 5.60924 0.970969
409.693 7.7309 2.20176 5.53424 0.921137
410.438 7.59569 2.08152 5.46109 0.881608
411.184 7.46566 1.97125 5.39079 0.844861
411.929 7.35724 1.89354 5.33341 0.820252
412.674 7.25616 1.8254 5.28002 0.798801
413.42 7.17128 1.7521 5.23355 0.772707
414.165 7.09391 1.67892 5.19053 0.745392
414.91 6.99311 1.59805 5.13507 0.715815
415.656 6.87692 1.51429 5.07129 0.685362
416.401 6.76569 1.42959 5.00943 0.653115
417.146 6.65874 1.34203 4.94909 0.618169
417.892 6.54731 1.26502 4.88686 0.588126
418.637 6.42146 1.20282 4.81769 0.566097
419.382 6.30661 1.14628 4.75403 0.545549
420.128 6.21832 1.09716 4.70452 0.526458
420.873 6.13385 1.05141 4.65694 0.508485
421.618 6.06428 1.01644 4.61787 0.494976
422.364 5.99708 0.983311 4.57998 0.482054
423.109 5.94675 0.947655 4.55098 0.466393
423.854 5.89935 0.913059 4.52357 0.450923
424.6 5.84389 0.888054 4.49216 0.441104
425.345 5.78717 0.866734 4.4601 0.43327
426.09 5.72563 0.835104 4.4245 0.419767
426.836 5.66208 0.798539 4.38727 0.403353
427.581 5.59767 0.766677 4.34961 0.389411
428.326 5.53253 0.739316 4.31156 0.377863
429.072 5.46649 0.71079 4.27269 0.365481
429.817 5.39699 0.67916 4.23139 0.35125
430.562 5.33118 0.651565 4.19221 0.338944
431.308 5.27105 0.632605 4.15657 0.331246
432.053 5.21448 0.615075 4.12291 0.324083
432.798 5.17392 0.603541 4.09891 0.319599
433.544 5.13447 0.592404 4.07549 0.315235
434.289 5.09907 0.57146 4.05393 0.304711
435.034 5.06459 0.550801 4.03286 0.294214
435.78 5.02927 0.536031 4.01149 0.287232
436.525 4.99445 0.522986 3.99042 0.281206
437.27 4.95985 0.509869 3.96939 0.275062
438.016 4.92579 0.496989 3.94863 0.268975
438.761 4.88717 0.483806 3.92497 0.262831
439.506 4.84522 0.470545 3.89914 0.256707
440.252 4.80396 0.457623 3.87364 0.250688
440.997 4.76314 0.444923 3.84831 0.244716
441.742 4.72352 0.432517 3.82363 0.238808
442.488 4.68493 0.419939 3.79948 0.232683
443.233 4.64756 0.407993 3.77603 0.226842
443.978 4.61143 0.396927 3.7533 0.221448
444.724 4.57642 0.386357 3.73121 0.216271
445.469 4.55441 0.380439 3.71751 0.213541
446.214 4.53282 0.374676 3.70403 0.210873
446.96 4.50952 0.364107 3.68926 0.205162
447.705 4.48635 0.353173 3.67451 0.199171
448.45 4.46177 0.342979 3.65884 0.193666
449.196 4.43704 0.333285 3.64305 0.188448
449.941 4.41192 0.326656 3.62706 0.185192
450.686 4.38676 0.322005 3.61106 0.183195
451.432 4.361 0.316279 3.59458 0.180496
452.177 4.33452 0.309396 3.57754 0.177039
452.922 4.30799 0.302329 3.56042 0.173432
453.668 4.28073 0.294683 3.54274 0.169436
454.413 4.25492 0.28787 3.52598 0.165913
455.158 4.23263 0.28341 3.51156 0.163812
455.904 4.21074 0.279126 3.49738 0.161797
456.649 4.18794 0.27567 3.48258 0.160341
457.394 4.16567 0.272297 3.46809 0.15891
458.14 4.14771 0.265457 3.45633 0.155029
458.885 4.13035 0.258561 3.44495 0.151074
459.63 4.11566 0.251166 3.43531 0.14669
460.376 4.10178 0.243792 3.4262 0.14228
461.121 4.08438 0.239894 3.4148 0.140278
461.866 4.06545 0.237742 3.4024 0.139478
462.612 4.04968 0.235321 3.39209 0.138404
463.357 4.03664 0.232673 3.38358 0.137099
464.102 4.02065 0.228441 3.37303 0.13479
464.848 4.00018 0.22187 3.35936 0.130994
465.593 3.9813 0.216462 3.34676 0.127926
466.338 3.96597 0.213814 3.33662 0.126633
467.084 3.95106 0.211072 3.32674 0.125257
467.829 3.93733 0.207326 3.31762 0.123159
468.574 3.92381 0.203675 3.30863 0.12111
469.32 3.90564 0.199995 3.29643 0.119139
470.065 3.88782 0.196425 3.28445 0.117223
470.81 3.87164 0.194794 3.27362 0.116591
471.556 3.856 0.19349 3.26314 0.116166
472.301 3.8418 0.191062 3.2536 0.114927
473.046 3.82828 0.188258 3.24451 0.113405
473.792 3.81624 0.185354 3.23642 0.111774
474.537 3.80524 0.182399 3.22903 0.110078
475.282 3.79368 0.179641 3.22125 0.108523
476.028 3.78144 0.177102 3.213 0.107127
476.773 3.76865 0.174885 3.20434 0.105961
477.518 3.75449 0.17327 3.19473 0.105236
478.264 3.74086 0.171359 3.18547 0.104287
479.009 3.72865 0.168083 3.17715 0.10235
479.754 3.71673 0.164894 3.16902 0.100459
480.5 3.70682 0.161787 3.16229 0.0985781
481.245 3.69705 0.158751 3.15564 0.0967377
481.99 3.68504 0.157893 3.14746 0.096464
482.736 3.67303 0.157227 3.13927 0.0963217
483.481 3.66041 0.155367 3.13061 0.0953473
484.226 3.6478 0.153224 3.12194 0.0941681
484.972 3.63763 0.151561 3.11498 0.0932755
485.717 3.62879 0.150158 3.10895 0.0925374
486.462 3.61968 0.147901 3.10271 0.0911969
487.208 3.61035 0.14488 3.0963 0.0893142
487.953 3.60061 0.142694 3.08959 0.0880247
488.698 3.59014 0.141777 3.08238 0.0876444
489.444 3.58046 0.140625 3.07572 0.0870804
490.189 3.57275 0.138751 3.07044 0.0859649
490.934 3.56478 0.136997 3.06496 0.0849353
491.68 3.5541 0.135929 3.05756 0.084438
492.425 3.54361 0.134877 3.05028 0.0839458
493.17 3.53405 0.13286 3.04364 0.0827448
493.916 3.52465 0.130868 3.0371 0.0815546
494.661 3.51601 0.129194 3.03111 0.0805756
495.406 3.5076 0.127604 3.02528 0.0796488
496.152 3.49805 0.124975 3.01859 0.0779917
496.897 3.48814 0.121988 3.01164 0.0760777
497.642 3.47901 0.120759 3.00527 0.0754103
498.388 3.47047 0.120767 2.99933 0.0756203
499.133 3.46254 0.121054 2.99382 0.0760208
499.878 3.45533 0.121687 2.98884 0.0766589
500.624 3.44829 0.121152 2.98395 0.076451
501.369 3.44152 0.118095 2.97922 0.0744153
502.115 3.43448 0.11538 2.97428 0.0726266
502.86 3.42593 0.114018 2.96827 0.0718357
503.605 3.41764 0.112668 2.96244 0.071046
504.35 3.4127 0.110963 2.95902 0.0699469
505.096 3.40779 0.109285 2.95563 0.0688637
505.841 3.39982 0.108665 2.95002 0.0685915
506.587 3.39164 0.108154 2.94426 0.0684002
507.332 3.38477 0.107519 2.93944 0.0680976
508.077 3.37833 0.106854 2.93493 0.0677654
508.823 3.37156 0.10554 2.93016 0.0669631
509.568 3.36463 0.103883 2.92527 0.0659115
510.313 3.3578 0.102807 2.92045 0.065279
511.059 3.35106 0.102278 2.9157 0.065043
511.804 3.34345 0.100955 2.91029 0.0642372
512.549 3.33434 0.0983316 2.90377 0.0624979
513.294 3.32625 0.0964506 2.89799 0.0612839
514.04 3.32104 0.0967371 2.89435 0.0616162
514.785 3.31563 0.0970101 2.89055 0.0619409
515.531 3.30813 0.0972447 2.88522 0.062265
516.276 3.30074 0.0974614 2.87996 0.0625739
517.021 3.29666 0.0953974 2.8771 0.0611624
517.767 3.29272 0.0932909 2.87433 0.0597157
518.512 3.2868 0.0904136 2.8701 0.0577251
519.257 3.28055 0.0874452 2.86563 0.055668
520.003 3.27607 0.0867856 2.86248 0.0552859
520.748 3.27235 0.0870872 2.8599 0.0556016
521.493 3.26708 0.0885103 2.85618 0.0567635
522.239 3.26066 0.0907422 2.85162 0.0585374
522.984 3.2552 0.0913558 2.84776 0.0591056
523.729 3.25097 0.08993 2.84476 0.0581517
524.475 3.24638 0.0883843 2.8415 0.0571117
525.22 3.24093 0.0865371 2.83759 0.0558572
525.965 3.23526 0.0848546 2.83352 0.0547252
526.711 3.22821 0.0838498 2.82843 0.0541091
527.456 3.22134 0.0828799 2.82347 0.053515
528.201 3.21686 0.082391 2.82029 0.0532479
528.947 3.21243 0.0819076 2.81714 0.0529834
529.692 3.20667 0.0799605 2.81298 0.0516464
530.437 3.20081 0.0778895 2.80874 0.0502157
531.183 3.1946 0.0785967 2.80427 0.0508528
531.928 3.18833 0.080117 2.79976 0.0520959
532.673 3.18349 0.0800095 2.79629 0.0521111
533.419 3.17951 0.0789703 2.79345 0.0514219
534.164 3.17456 0.0774008 2.78987 0.050347
534.909 3.16863 0.0753135 2.78556 0.0488945
535.655 3.16365 0.0739829 2.78196 0.0479941
536.4 3.16025 0.0739256 2.77955 0.048026
537.145 3.15658 0.0738845 2.77693 0.0480725
537.891 3.15192 0.0739005 2.77358 0.0481717
538.636 3.14738 0.0738747 2.77031 0.0482382
539.381 3.14346 0.0734829 2.7675 0.0480234
540.127 3.13958 0.073095 2.76472 0.0478106
540.872 3.13569 0.0733317 2.76193 0.048065
541.617 3.13182 0.0735883 2.75916 0.0483339
542.363 3.12903 0.0717952 2.75716 0.0470545
543.108 3.12646 0.0695861 2.75534 0.0454594
543.853 3.12168 0.0685147 2.75186 0.0447388
544.599 3.11597 0.0679577 2.74769 0.0444125
545.344 3.11152 0.0677541 2.74446 0.044338
546.089 3.10805 0.0678265 2.74198 0.0444606
546.835 3.10426 0.0676157 2.73924 0.0443732
547.58 3.1 0.0670239 2.73615 0.0440033
548.325 3.09535 0.0667318 2.73276 0.0438618
549.071 3.08968 0.0671569 2.72861 0.0442701
549.816 3.08428 0.067361 2.72466 0.044509
550.561 3.08005 0.066437 2.72157 0.0438854
551.307 3.07588 0.065517 2.71852 0.0432633
552.052 3.07246 0.0639282 2.71604 0.0421281
552.797 3.06907 0.0623654 2.71357 0.0410108
553.543 3.06504 0.061738 2.71063 0.0406049
554.288 3.06096 0.0612396 2.70766 0.040296
555.033 3.05714 0.0618329 2.70487 0.0408098
555.779 3.05341 0.0627725 2.70217 0.0415846
556.524 3.04965 0.0621786 2.69943 0.0411994
557.269 3.04588 0.0606538 2.69666 0.0401086
558.015 3.04234 0.0604 2.69408 0.0399773
558.76 3.03904 0.0614848 2.69169 0.0408578
559.505 3.03599 0.0617151 2.68949 0.0410884
560.251 3.03342 0.0603714 2.68763 0.0401209
560.996 3.03079 0.0591447 2.68572 0.0392416
561.741 3.02792 0.0583028 2.68364 0.0386557
562.487 3.02508 0.0575536 2.68158 0.0381391
563.232 3.02251 0.057785 2.67972 0.0383642
563.977 3.01995 0.0580115 2.67788 0.0385855
564.723 3.01603 0.0586342 2.675 0.0391196
565.468 3.01206 0.0592637 2.67209 0.0396594
566.213 3.00888 0.0584628 2.66976 0.0391042
566.959 3.0059 0.0573397 2.66758 0.0383013
567.704 3.00316 0.0566074 2.66559 0.037793
568.449 3.00056 0.0560649 2.66369 0.0374276
569.195 2.99741 0.0553309 2.66138 0.0369201
569.94 2.99383 0.054441 2.65874 0.0362968
570.685 2.98995 0.0532957 2.65587 0.0354803
571.431 2.98564 0.0517801 2.65266 0.0343837
572.176 2.98186 0.0512447 2.64986 0.0340296
572.921 2.97939 0.0532628 2.64808 0.0356142
573.667 2.97671 0.0548892 2.64614 0.036902
574.412 2.97274 0.0541945 2.64319 0.0364275
575.157 2.96882 0.0535122 2.64028 0.0359614
575.903 2.96462 0.0524414 2.63715 0.0351995
576.648 2.96048 0.0513936 2.63406 0.0344538
577.393 2.95806 0.050851 2.63229 0.0340803
578.139 2.95592 0.0503893 2.63073 0.0337662
578.884 2.95375 0.0500702 2.62915 0.0335612
579.629 2.95157 0.0498044 2.62756 0.0333967
580.375 2.94866 0.0499327 2.62542 0.0335394
581.12 2.94528 0.0503172 2.62292 0.033882
581.865 2.94256 0.0507682 2.62092 0.0342705
582.611 2.9406 0.0513008 2.6195 0.034716
583.356 2.93853 0.0517472 2.618 0.035096
584.101 2.93622 0.0520254 2.61631 0.0353488
584.847 2.93377 0.0519099 2.61451 0.0353005
585.592 2.93065 0.050187 2.61218 0.0340222
586.337 2.92763 0.048545 2.60993 0.0328042
587.083 2.92596 0.0477064 2.60872 0.0321928
587.828 2.9243 0.0468763 2.60752 0.0315872
588.573 2.9219 0.0464 2.60575 0.0312587
589.319 2.91946 0.045958 2.60395 0.0309564
590.064 2.91667 0.0457533 2.60188 0.0308388
590.809 2.91381 0.0456117 2.59976 0.0307699
591.555 2.91093 0.0458214 2.59762 0.0309714
592.3 2.90804 0.0462086 2.59547 0.0313096
593.045 2.90543 0.0466262 2.59354 0.0316693
593.791 2.90306 0.0470718 2.59179 0.0320489
594.536 2.90059 0.0469119 2.58997 0.0319623
595.281 2.89796 0.0458056 2.588 0.0311468
596.027 2.89503 0.0449517 2.58581 0.0305273
596.772 2.89117 0.0448089 2.58291 0.0304623
597.517 2.88767 0.0445934 2.58028 0.0303385
598.263 2.88652 0.043822 2.57945 0.029769
599.008 2.88537 0.0430563 2.57863 0.0292036
599.753 2.88262 0.042896 2.57658 0.0291161
600.499 2.87986 0.0427487 2.57452 0.0290386
601.244 2.87695 0.0431187 2.57234 0.0293617
601.989 2.87404 0.0435724 2.57016 0.0297497
602.735 2.87177 0.0433187 2.56847 0.0295861
603.48 2.86976 0.042785 2.56698 0.0292039
604.225 2.86791 0.0429825 2.56562 0.0293862
604.971 2.86617 0.0437086 2.56435 0.029977
605.716 2.8641 0.0435063 2.56282 0.0298511
606.461 2.86161 0.042151 2.56094 0.0288346
607.207 2.85936 0.0413322 2.55927 0.0282314
607.952 2.85767 0.0416851 2.55802 0.0285324
608.697 2.85616 0.0417002 2.55692 0.0285703
609.443 2.85553 0.0401008 2.55649 0.0273508
610.188 2.85481 0.0385958 2.55599 0.0262045
610.933 2.85198 0.0394259 2.55386 0.0268819
611.679 2.84918 0.0402368 2.55176 0.0275445
612.424 2.84671 0.0402148 2.54991 0.0275587
613.169 2.84431 0.0401025 2.54811 0.0275023
613.915 2.84306 0.0406773 2.54721 0.0279722
614.66 2.84217 0.0414578 2.54659 0.0285996
615.405 2.84041 0.0408617 2.54528 0.0281631
616.151 2.83815 0.0394809 2.54358 0.0271197
616.896 2.83561 0.0389449 2.54166 0.0267338
617.641 2.8328 0.0392435 2.53954 0.026998
618.387 2.83012 0.0392238 2.53753 0.027014
619.132 2.82766 0.0386595 2.53567 0.0266047
619.878 2.82563 0.0381893 2.53415 0.0262657
620.623 2.82503 0.0380143 2.53374 0.0261479
621.368 2.82423 0.0378932 2.53318 0.026073
622.113 2.82139 0.0382974 2.53103 0.026419
622.859 2.81858 0.0386903 2.5289 0.026756
623.604 2.81564 0.0382398 2.52667 0.0264366
624.349 2.81274 0.0377591 2.52447 0.0260932
625.095 2.81122 0.0369345 2.52334 0.0254732
625.84 2.81001 0.0360413 2.52245 0.0247978
626.586 2.80854 0.0358398 2.52136 0.0246629
627.331 2.80695 0.0359508 2.52018 0.0247721
628.076 2.80452 0.0358694 2.51834 0.024736
628.822 2.80143 0.035635 2.51598 0.0245839
629.567 2.79904 0.0357723 2.51418 0.024718
630.312 2.79759 0.0364226 2.51311 0.0252473
631.057 2.79641 0.0368501 2.51224 0.0256012
631.803 2.79588 0.0367255 2.51188 0.0255201
632.548 2.79513 0.0365401 2.51135 0.0253928
633.294 2.79305 0.036001 2.50978 0.0249963
634.039 2.79099 0.0354761 2.50822 0.0246104
634.784 2.78901 0.0355224 2.50673 0.0246703
635.53 2.78705 0.0355667 2.50525 0.0247285
636.275 2.78498 0.0355327 2.50369 0.024726
637.02 2.78292 0.0354873 2.50213 0.0247144
637.766 2.78147 0.0349293 2.50105 0.0242982
638.511 2.78025 0.0341985 2.50014 0.0237453
639.256 2.77899 0.0341213 2.49921 0.0237039
640.002 2.77771 0.0344625 2.49826 0.0239902
640.747 2.77596 0.0343315 2.49694 0.0239092
641.492 2.77368 0.0336817 2.49521 0.0234244
642.238 2.77197 0.033347 2.49392 0.0231832
642.983 2.77135 0.0336161 2.49349 0.0234092
643.728 2.77074 0.0338437 2.49306 0.0236028
644.474 2.77014 0.0339112 2.49264 0.0236707
645.219 2.76942 0.0339844 2.49213 0.0237437
645.964 2.76679 0.0341406 2.49011 0.0238916
646.71 2.76418 0.0342909 2.48813 0.0240346
647.455 2.76198 0.0339445 2.48644 0.0237859
648.2 2.75982 0.0335671 2.4848 0.0235124
648.946 2.7587 0.0326176 2.48397 0.0227843
649.691 2.75784 0.031528 2.48333 0.0219448
650.436 2.75671 0.0308345 2.48249 0.0214171
651.182 2.75545 0.0303453 2.48155 0.0210503
651.927 2.7533 0.0305824 2.47992 0.0212579
652.672 2.75038 0.03145 2.47767 0.0219647
653.418 2.748 0.0320365 2.47586 0.0224481
654.163 2.74646 0.0322154 2.47469 0.0226072
654.908 2.74504 0.0322671 2.47362 0.0226657
655.654 2.74395 0.0319602 2.47281 0.0224406
656.399 2.74288 0.0316068 2.47202 0.0221786
657.144 2.742 0.0309021 2.47137 0.0216392
657.89 2.74113 0.0302029 2.47073 0.021104
658.635 2.73788 0.0304282 2.46822 0.0213071
659.38 2.73465 0.030655 2.46573 0.0215112
660.126 2.73323 0.0306458 2.46465 0.021521
660.871 2.73212 0.0305966 2.46382 0.0214979
661.616 2.73136 0.0306732 2.46327 0.0215719
662.362 2.73075 0.0307986 2.46283 0.0216838
663.107 2.72983 0.0311808 2.46216 0.0219994
663.852 2.72869 0.0317425 2.46131 0.0224573
664.598 2.72736 0.031537 2.46031 0.0223118
665.343 2.72578 0.0304036 2.4591 0.021436
666.088 2.72408 0.0297858 2.4578 0.0209667
666.834 2.72211 0.0302619 2.45629 0.0213609
667.579 2.72047 0.0306302 2.45505 0.0216686
668.324 2.7203 0.0305462 2.45496 0.021613
669.07 2.72012 0.0304356 2.45486 0.0215363
669.815 2.71962 0.0297404 2.45451 0.0209999
670.56 2.71912 0.0290485 2.45415 0.0204659
671.306 2.71678 0.028305 2.45234 0.0198991
672.051 2.71428 0.027572 2.45041 0.019341
672.796 2.71234 0.0279406 2.44892 0.0196497
673.542 2.71056 0.0286149 2.44757 0.0201991
674.287 2.70949 0.0286522 2.44676 0.0202424
675.032 2.7088 0.028338 2.44626 0.0200065
675.778 2.70827 0.0283718 2.44588 0.0200447
676.523 2.70787 0.0287431 2.44561 0.0203488
677.268 2.70712 0.0289246 2.44506 0.0205046
678.014 2.70576 0.0287874 2.44402 0.0204111
678.759 2.70409 0.0286382 2.44274 0.0203094
679.504 2.7014 0.0284485 2.44066 0.0201799
680.25 2.69898 0.0282481 2.43878 0.0200407
680.995 2.69862 0.0279341 2.43854 0.0198027
681.74 2.69825 0.0276212 2.43829 0.0195654
682.486 2.69796 0.0277996 2.4381 0.0197166
683.231 2.69767 0.0279935 2.4379 0.0198798
683.976 2.69599 0.0269137 2.43661 0.0190412
684.722 2.69404 0.0256054 2.43511 0.0180223
685.467 2.69265 0.0254324 2.43405 0.0178995
686.212 2.6915 0.0257345 2.43318 0.0181516
686.958 2.68973 0.0262141 2.43182 0.0185467
687.703 2.6875 0.0268188 2.43009 0.019043
688.448 2.68573 0.0271556 2.42872 0.0193253
689.194 2.68454 0.027157 2.42782 0.0193395
689.939 2.68364 0.0271523 2.42715 0.0193476
690.684 2.68341 0.0271344 2.42701 0.0193425
691.43 2.68288 0.0270962 2.42662 0.0193225
692.175 2.68082 0.0269559 2.42503 0.0192278
692.92 2.67881 0.0268027 2.42347 0.0191224
693.666 2.67737 0.0262042 2.42236 0.0186616
694.411 2.67594 0.0256144 2.42126 0.0182073
695.156 2.67478 0.0251896 2.42038 0.0178828
695.902 2.67366 0.0247875 2.41953 0.0175759
696.647 2.67318 0.0245203 2.41918 0.0173734
697.392 2.67289 0.0242945 2.41898 0.0172031
698.138 2.67258 0.0238133 2.41878 0.01683
698.883 2.67227 0.0231837 2.41856 0.0163391
699.628 2.67117 0.0233676 2.41772 0.0164967
700.374 2.66927 0.0243572 2.41626 0.0172968
701.119 2.66762 0.0252158 2.41498 0.0179923
701.864 2.66639 0.0258703 2.41405 0.0185241
702.61 2.66532 0.0262943 2.41323 0.0188725
703.355 2.66478 0.0259772 2.41284 0.0186301
704.1 2.66435 0.0257382 2.41253 0.0184493
704.846 2.66499 0.026211 2.41308 0.0188299
705.591 2.66562 0.0266876 2.41362 0.0192134
706.336 2.66369 0.0257799 2.41211 0.018507
707.082 2.66167 0.024841 2.41054 0.0177757
707.827 2.65949 0.0237574 2.40883 0.0169297
708.572 2.65728 0.0226667 2.40712 0.0160776
709.318 2.6559 0.0224651 2.40604 0.0159292
710.063 2.65485 0.0226377 2.40525 0.0160771
710.808 2.6548 0.0230863 2.40525 0.016441
711.554 2.65551 0.0237527 2.40584 0.0169754
712.299 2.65558 0.0238776 2.40594 0.0170815
713.044 2.65483 0.0232914 2.40537 0.0166248
713.79 2.65365 0.0229337 2.40446 0.0163513
714.535 2.65152 0.0230932 2.4028 0.0164925
715.28 2.64939 0.0232829 2.40114 0.0166577
716.026 2.64717 0.0236413 2.39941 0.0169576
716.771 2.64504 0.0239816 2.39774 0.0172429
717.516 2.64466 0.0241435 2.39747 0.0173798
718.262 2.64427 0.0243046 2.3972 0.0175161
719.007 2.64511 0.0235174 2.39789 0.0168929
719.752 2.64607 0.0226194 2.39869 0.0161809
720.498 2.64496 0.0219192 2.39783 0.0156336
721.243 2.64324 0.0212902 2.39649 0.0151449
721.988 2.64156 0.0207708 2.39518 0.014743
722.734 2.6399 0.0203151 2.3939 0.0143917
723.479 2.63845 0.0203755 2.39277 0.0144508
724.224 2.63718 0.0209208 2.39179 0.014896
724.97 2.6363 0.0211314 2.39112 0.015073
725.715 2.63603 0.0208026 2.39094 0.014818
726.46 2.63573 0.0208082 2.39073 0.0148296
727.206 2.63534 0.021832 2.39045 0.0156534
727.951 2.6349 0.0228281 2.39013 0.0164554
728.696 2.63407 0.0236372 2.3895 0.0171097
729.442 2.63324 0.0244381 2.38888 0.0177576
730.187 2.63082 0.0236841 2.38697 0.0171706
730.932 2.62841 0.022926 2.38508 0.0165798
731.678 2.62703 0.0224306 2.38401 0.0161951
732.423 2.62584 0.0219842 2.38308 0.0158487
733.168 2.62518 0.0217014 2.38259 0.0156311
733.914 2.62474 0.021481 2.38226 0.0154625
734.659 2.62452 0.0213908 2.38212 0.0153971
735.404 2.62447 0.0213899 2.38211 0.0154024
736.15 2.62424 0.0211029 2.38195 0.0151797
736.895 2.62382 0.0204848 2.38164 0.0146933
737.641 2.62295 0.0199537 2.38098 0.0142776
738.386 2.62123 0.019597 2.37963 0.0140037
739.131 2.61963 0.0195386 2.37838 0.0139676
739.876 2.61844 0.0206263 2.37746 0.014846
740.622 2.61735 0.0216521 2.37662 0.0156749
741.367 2.61743 0.0220906 2.37671 0.0160307
742.112 2.6175 0.0225298 2.37681 0.0163871
742.858 2.6176 0.0225138 2.37691 0.0163796
743.603 2.61771 0.0224699 2.37702 0.0163498
744.349 2.61682 0.0219282 2.37634 0.0159253
745.094 2.6157 0.0212804 2.37548 0.0154165
745.839 2.61426 0.0200445 2.37434 0.0144381
746.584 2.61266 0.0185608 2.37309 0.0132619
747.33 2.6112 0.0183075 2.37195 0.0130689
748.075 2.60984 0.0190116 2.37089 0.0136415
748.82 2.60893 0.0192661 2.37019 0.0138531
749.566 2.60859 0.0189311 2.36994 0.0135913
750.311 2.60857 0.0187135 2.36995 0.0134225
751.057 2.60929 0.0187701 2.37056 0.0134709
751.802 2.60969 0.0188525 2.37091 0.0135409
752.547 2.6085 0.0190565 2.36998 0.0137128
753.293 2.60729 0.0192343 2.36904 0.0138638
754.038 2.60554 0.0189018 2.36766 0.0136079
754.783 2.60381 0.018576 2.3663 0.0133572
755.529 2.60282 0.0181953 2.36553 0.0130603
756.274 2.6019 0.0178136 2.36483 0.0127622
757.019 2.601 0.0178471 2.36413 0.0127966
757.765 2.60011 0.0179907 2.36345 0.0129191
758.51 2.59943 0.0185513 2.36293 0.0133751
759.255 2.59886 0.0193232 2.3625 0.0140001
760.001 2.59861 0.0191386 2.36232 0.0138578
760.746 2.59864 0.018117 2.36237 0.0130441
761.491 2.59796 0.017906 2.36186 0.0128818
762.237 2.59627 0.0188661 2.36053 0.0136609
762.982 2.5947 0.0193585 2.35929 0.0140648
763.727 2.59343 0.0187035 2.3583 0.0135482
764.473 2.59218 0.01816 2.35732 0.0131208
765.218 2.59104 0.0181763 2.35644 0.0131417
765.963 2.58995 0.0181753 2.35558 0.0131487
766.709 2.58996 0.0175887 2.35562 0.0126829
767.454 2.58997 0.017002 2.35565 0.012217
768.199 2.59024 0.0166705 2.35589 0.011955
768.945 2.59054 0.0163655 2.35615 0.0117142
769.69 2.59033 0.01659 2.35601 0.0118994
770.435 2.58998 0.0169658 2.35575 0.0122064
771.181 2.58895 0.016957 2.35495 0.0122066
771.926 2.58758 0.0167457 2.35387 0.0120453
772.671 2.58596 0.0166749 2.3526 0.0119972
773.417 2.58415 0.0167259 2.35117 0.0120474
774.162 2.5831 0.0169005 2.35035 0.0121947
774.907 2.58315 0.0172624 2.35042 0.0124896
775.653 2.58317 0.0172704 2.35046 0.0125004
776.398 2.58312 0.0163593 2.35044 0.0117735
777.143 2.58308 0.0156084 2.35043 0.0111751
777.889 2.58317 0.0157291 2.35053 0.0112761
778.634 2.58325 0.0158561 2.35062 0.0113822
779.379 2.5831 0.0161701 2.35052 0.0116391
780.125 2.58295 0.0164837 2.35042 0.0118956
780.87 2.58109 0.0160293 2.34895 0.0115397
781.615 2.57909 0.0155111 2.34737 0.0111328
782.361 2.57736 0.0156899 2.346 0.011285
783.106 2.57572 0.0160474 2.34471 0.0115805
783.851 2.5752 0.0152894 2.34431 0.0109769
784.597 2.57523 0.0139681 2.34435 0.00991912
785.342 2.57514 0.0145903 2.3443 0.0104235
786.087 2.57493 0.0168571 2.34417 0.01225
786.833 2.57491 0.0178431 2.34418 0.0130467
787.578 2.5752 0.0170605 2.34443 0.0124211
788.323 2.57514 0.0165218 2.3444 0.0119924
789.069 2.57426 0.016563 2.34371 0.0120318
789.814 2.57316 0.0166314 2.34285 0.0120936
790.559 2.57106 0.0168243 2.34119 0.012258
791.305 2.56906 0.0169454 2.3396 0.0123645
792.05 2.56815 0.0160266 2.33889 0.0116318
792.795 2.56725 0.0151208 2.33818 0.0109093
793.541 2.56725 0.0146324 2.33821 0.0105204
794.286 2.56731 0.014171 2.33828 0.0101529
795.031 2.56778 0.0147593 2.33868 0.010629
795.777 2.56833 0.0155889 2.33915 0.011299
796.522 2.56838 0.0152291 2.3392 0.0110133
797.267 2.5682 0.0143557 2.33908 0.0103149
798.013 2.56672 0.0143449 2.33791 0.0103135
798.758 2.56434 0.0149378 2.33602 0.0108
799.503 2.56271 0.0151337 2.33472 0.0109653
800.249 2.56192 0.0148905 2.33411 0.0107752
800.994 2.56099 0.0149152 2.33339 0.010801
801.739 2.55981 0.0154402 2.33246 0.0112303
802.485 2.55886 0.0155458 2.33171 0.0113213
803.23 2.55866 0.0142504 2.33157 0.0102822
803.975 2.55855 0.0131219 2.3315 0.00937729
804.721 2.55929 0.0133209 2.33212 0.00953955
805.466 2.56005 0.0135223 2.33275 0.00970373
806.211 2.55961 0.0152777 2.33242 0.0111221
806.957 2.55914 0.0170334 2.33207 0.0125411
807.702 2.55783 0.0168079 2.33103 0.0123663
808.447 2.55641 0.0163143 2.32991 0.0119757
809.193 2.55528 0.0156033 2.32902 0.0114091
809.938 2.55425 0.0148336 2.3282 0.0107948
810.683 2.55349 0.0147536 2.32761 0.0107357
811.429 2.55289 0.0150447 2.32715 0.0109752
812.174 2.55239 0.0151046 2.32676 0.0110282
812.919 2.55198 0.0149632 2.32645 0.0109186
813.665 2.55168 0.0146284 2.32623 0.0106529
814.41 2.55153 0.0140235 2.32613 0.0101691
815.155 2.5513 0.0136279 2.32596 0.00985409
815.901 2.55091 0.013709 2.32566 0.00992375
816.646 2.55036 0.013844 2.32524 0.0100372
817.391 2.54914 0.0142055 2.32428 0.0103348
818.137 2.54791 0.0145144 2.32331 0.01059
818.882 2.54628 0.014296 2.32201 0.0104209
819.627 2.54467 0.0140824 2.32074 0.0102554
820.373 2.54393 0.0143549 2.32015 0.0104803
821.118 2.54321 0.0146406 2.3196 0.0107157
821.863 2.54334 0.0145214 2.31972 0.0106226
822.609 2.54361 0.014333 2.31995 0.0104733
823.354 2.54389 0.0138445 2.3202 0.0100818
824.099 2.54417 0.0132502 2.32044 0.00960494
824.845 2.54434 0.0129652 2.3206 0.00937782
825.59 2.54445 0.0128599 2.32071 0.00929589
826.335 2.54447 0.0129268 2.32074 0.00935308
827.081 2.5444 0.0131503 2.32071 0.00953676
827.826 2.54375 0.0133445 2.3202 0.00969806
828.571 2.54229 0.013494 2.31904 0.009825
829.317 2.5409 0.0134943 2.31793 0.00983136
830.062 2.53964 0.0131706 2.31693 0.0095758
830.807 2.53846 0.012809 2.316 0.00928933
831.553 2.5376 0.0122755 2.31532 0.00886335
832.298 2.53682 0.0118705 2.31471 0.0085409
833.043 2.53694 0.0126716 2.31483 0.00919081
833.789 2.53706 0.0134751 2.31494 0.00984264
834.534 2.53686 0.0130967 2.3148 0.00954054
835.279 2.53666 0.0127012 2.31465 0.00922451
836.025 2.53684 0.0127187 2.31482 0.00924136
836.77 2.53707 0.0127936 2.31503 0.00930441
837.515 2.53653 0.0133734 2.31461 0.00977692
838.261 2.53576 0.0140922 2.314 0.0103623
839.006 2.53475 0.0142152 2.3132 0.0104668
839.751 2.53362 0.0140483 2.31231 0.0103373
840.497 2.53256 0.0140648 2.31147 0.0103559
841.242 2.53155 0.0142186 2.31067 0.0104852
841.987 2.53106 0.0149292 2.31029 0.0110637
842.733 2.53116 0.0162972 2.3104 0.0121722
843.478 2.5309 0.0162909 2.3102 0.0121707
844.223 2.52996 0.0138496 2.30946 0.0102021
844.969 2.52917 0.0121934 2.30883 0.00886758
845.714 2.52887 0.012696 2.30861 0.00927737
846.459 2.52852 0.0131467 2.30834 0.00964542
847.205 2.52784 0.0133267 2.30781 0.00979517
847.95 2.5272 0.0135597 2.30731 0.0099878
848.695 2.52724 0.0147535 2.30736 0.010956
849.441 2.52727 0.0159494 2.3074 0.0119261
850.186 2.52605 0.0154794 2.30643 0.0115514
850.931 2.52478 0.0149428 2.30543 0.0111228
851.677 2.52403 0.0128469 2.30483 0.00943159
852.422 2.52331 0.0105187 2.30426 0.0075521
853.167 2.52332 0.0111915 2.30428 0.00809915
853.913 2.52355 0.0128254 2.30449 0.00942349
854.658 2.52329 0.0135706 2.3043 0.0100297
855.403 2.52279 0.0138527 2.30391 0.0102618
856.149 2.52216 0.0136522 2.30342 0.0101035
856.894 2.52144 0.0130853 2.30285 0.00964893
857.639 2.52107 0.0131656 2.30257 0.00971733
858.385 2.52112 0.0139776 2.30262 0.0103772
859.13 2.52096 0.0139101 2.30251 0.0103256
859.875 2.52045 0.0123691 2.30211 0.00908191
860.621 2.51995 0.0115505 2.30172 0.00842284
861.366 2.51953 0.0125675 2.3014 0.00924955
862.112 2.51899 0.0133327 2.30098 0.00987276
862.857 2.518 0.0130199 2.3002 0.00962401
863.602 2.5171 0.0127611 2.29948 0.00941878
864.347 2.51701 0.0129852 2.29942 0.0096031
865.093 2.51692 0.0132091 2.29937 0.00978719
865.838 2.51683 0.0122323 2.29931 0.0089989
866.583 2.51673 0.0112575 2.29924 0.00821218
867.329 2.51698 0.0116627 2.29946 0.00854254
868.074 2.51725 0.0122094 2.2997 0.00898736
868.82 2.51677 0.012318 2.29933 0.00907878
869.565 2.51613 0.012329 2.29882 0.00909137
870.31 2.51561 0.0124176 2.29841 0.00916666
871.056 2.51513 0.012534 2.29805 0.00926438
871.801 2.51451 0.0123866 2.29755 0.00914861
872.546 2.5138 0.0120952 2.29699 0.00891635
873.292 2.51314 0.0118179 2.29648 0.00869531
874.037 2.51253 0.011552 2.29599 0.00848344
874.782 2.51228 0.011407 2.2958 0.00836879
875.528 2.51244 0.0113968 2.29596 0.00836271
876.273 2.51244 0.011547 2.29597 0.00848691
877.018 2.51216 0.0119553 2.29576 0.00882077
877.764 2.51189 0.0121243 2.29555 0.00896064
878.509 2.51163 0.0117335 2.29536 0.00864675
879.254 2.51136 0.0113993 2.29515 0.00837882
880 2.51104 0.0112677 2.2949 0.00827504
880.745 2.5108 0.0110907 2.29472 0.0081344
881.49 2.5111 0.010607 2.29498 0.00774416
882.236 2.51131 0.0101731 2.29517 0.0073944
882.981 2.50983 0.0107456 2.29398 0.00786342
883.726 2.50836 0.0112999 2.29281 0.00831763
884.472 2.50739 0.0111209 2.29204 0.00817646
885.217 2.50644 0.0109219 2.29128 0.00801902
885.962 2.50612 0.0104607 2.29104 0.00764785
886.708 2.50588 0.00996895 2.29085 0.00725168
887.453 2.50583 0.00972867 2.29082 0.00705915
888.198 2.50582 0.00954685 2.29083 0.00691396
888.944 2.50607 0.00945858 2.29105 0.00684423
889.689 2.50642 0.00940403 2.29135 0.00680168
890.434 2.50624 0.00964004 2.29121 0.00699567
891.18 2.50578 0.0100252 2.29086 0.00731113
891.925 2.50511 0.0100441 2.29033 0.00732974
892.67 2.5043 0.00980347 2.28969 0.00713803
893.416 2.50347 0.00982833 2.28903 0.00716173
894.161 2.50262 0.0101051 2.28835 0.00738985
894.906 2.50177 0.0102958 2.28768 0.00754817
895.652 2.50092 0.0103779 2.287 0.00761844
896.397 2.50026 0.0106852 2.28648 0.00787112
897.142 2.49996 0.0113909 2.28625 0.00844659
897.888 2.49987 0.01163 2.2862 0.00864305
898.633 2.50032 0.0107297 2.28657 0.00791369
899.378 2.50068 0.0102574 2.28687 0.00753192
900.124 2.50072 0.0113311 2.28693 0.00840551
900.869 2.50074 0.0120403 2.28695 0.00898342
901.614 2.50065 0.010697 2.28689 0.00789525
902.36 2.50051 0.00945335 2.28679 0.00688799
903.105 2.50009 0.00926247 2.28647 0.00673578
903.85 2.49967 0.00907593 2.28614 0.00658706
904.596 2.49875 0.00904507 2.2854 0.00656547
905.341 2.49784 0.00901438 2.28468 0.00654399
906.086 2.49738 0.00888842 2.28431 0.00644446
906.832 2.49694 0.00875879 2.28397 0.00634189
907.577 2.49599 0.00899255 2.28322 0.00653519
908.322 2.495 0.00926572 2.28242 0.0067606
909.068 2.49479 0.00922523 2.28227 0.00673007
909.813 2.49475 0.00911926 2.28225 0.00664608
910.558 2.49472 0.00873043 2.28224 0.00633228
911.304 2.49469 0.00825442 2.28222 0.00594764
912.049 2.49467 0.00874402 2.28222 0.00634741
912.794 2.49466 0.00964066 2.28222 0.00707789
913.54 2.49456 0.00998654 2.28216 0.00736106
914.285 2.49442 0.0100285 2.28206 0.00739737
915.03 2.49415 0.00975721 2.28185 0.00717936
915.776 2.49379 0.00926857 2.28157 0.00678485
916.521 2.4932 0.00905464 2.2811 0.00661386
917.266 2.4924 0.0090807 2.28046 0.00663817
918.012 2.49155 0.00928309 2.27979 0.00680584
918.757 2.49066 0.00967446 2.27908 0.00712719
919.502 2.48998 0.0100629 2.27854 0.00744587
920.248 2.48956 0.0104536 2.27822 0.00776604
920.993 2.48899 0.0105204 2.27776 0.00782318
921.738 2.48813 0.0100456 2.27708 0.00744043
922.484 2.4876 0.0100584 2.27665 0.00745359
923.229 2.48773 0.0111021 2.27677 0.00830392
923.974 2.4879 0.0115221 2.27693 0.00864702
924.72 2.48823 0.0102285 2.27721 0.00759671
925.465 2.4884 0.00900255 2.27736 0.00660152
926.21 2.48808 0.00804822 2.27711 0.00582787
926.956 2.48778 0.00719744 2.27687 0.00513832
927.701 2.48762 0.00680764 2.27676 0.00482339
928.446 2.48738 0.00664475 2.27658 0.00469305
929.192 2.48661 0.00800097 2.27596 0.00579883
929.937 2.48585 0.00922776 2.27536 0.00679949
930.682 2.48543 0.00930205 2.27503 0.00686235
931.428 2.48501 0.00933422 2.2747 0.00689095
932.173 2.4847 0.00842845 2.27446 0.00615642
932.918 2.48438 0.00753128 2.27421 0.00542883
933.664 2.48372 0.00823878 2.27368 0.00600707
934.409 2.48305 0.00893518 2.27315 0.00657636
935.154 2.48206 0.00840991 2.27236 0.00615213
935.9 2.48107 0.00784914 2.27156 0.00569893
936.645 2.48097 0.00805705 2.2715 0.00587001
937.39 2.48095 0.00832782 2.27149 0.00609216
938.136 2.48177 0.00839781 2.27217 0.00614978
938.881 2.48271 0.00844287 2.27294 0.00618694
939.626 2.48316 0.00907191 2.27333 0.00669995
940.372 2.48353 0.00980846 2.27364 0.00730054
941.117 2.48235 0.00944964 2.27269 0.00701198
941.862 2.48085 0.00886671 2.27148 0.00654139
942.608 2.48023 0.00841844 2.27098 0.0061791
943.353 2.47984 0.00800666 2.27068 0.00584615
944.098 2.47923 0.00953398 2.2702 0.00709196
944.844 2.4785 0.011651 2.26962 0.00881813
945.589 2.47886 0.0102948 2.26992 0.00771531
946.334 2.47956 0.00761829 2.27049 0.00553719
947.08 2.47915 0.00740303 2.27017 0.00536415
947.825 2.47829 0.00822769 2.26949 0.00603832
948.57 2.47776 0.00876223 2.26907 0.00647593
949.316 2.47738 0.00916088 2.26877 0.00680272
950.061 2.47725 0.00992713 2.26868 0.00742852
950.806 2.47726 0.0108903 2.2687 0.00821454
951.552 2.47696 0.0101587 2.26846 0.00762086
952.297 2.47645 0.00845883 2.26806 0.00623894
953.042 2.4759 0.0091963 2.26762 0.00684192
953.788 2.47528 0.0114432 2.26713 0.00867442
954.533 2.47554 0.0100478 2.26735 0.00753925
955.278 2.47627 0.00612039 2.26796 0.00434122
956.024 2.47547 0.00566044 2.26731 0.00396911
956.769 2.47363 0.00769457 2.26583 0.00562983
957.514 2.47293 0.0081217 2.26526 0.0059803
958.26 2.4731 0.00734992 2.26541 0.00535292
959.005 2.47334 0.00672087 2.26563 0.00484173
959.75 2.47366 0.00620743 2.26589 0.00442463
960.496 2.47345 0.00755559 2.26574 0.0055248
961.241 2.47272 0.0104657 2.26516 0.0078984
961.986 2.47272 0.0116811 2.26517 0.0088903
962.732 2.47344 0.0114181 2.26576 0.00867663
963.477 2.47365 0.0111459 2.26595 0.00845612
964.222 2.47341 0.01087 2.26576 0.0082333
964.968 2.47346 0.00990258 2.26581 0.00744656
965.713 2.47375 0.00827773 2.26606 0.00612379
966.458 2.47332 0.00793527 2.26572 0.00584683
967.204 2.47224 0.00880051 2.26485 0.00655482
967.949 2.47091 0.00963348 2.26377 0.00723697
968.694 2.46936 0.0104271 2.26252 0.00788744
969.44 2.46885 0.0103144 2.26212 0.00779783
970.185 2.46932 0.00934976 2.26252 0.00701244
970.93 2.46863 0.00892872 2.26196 0.00667165
971.676 2.46686 0.00902594 2.26053 0.00675469
972.421 2.46586 0.00866591 2.25972 0.00646394
973.166 2.46553 0.00788953 2.25946 0.00583278
973.912 2.46552 0.0075827 2.25947 0.00558407
974.657 2.46583 0.00769892 2.25972 0.00567996
975.402 2.46609 0.00774678 2.25995 0.00572015
976.148 2.46633 0.00773378 2.26016 0.00571074
976.893 2.46631 0.0077185 2.26015 0.00569977
977.638 2.46607 0.00770141 2.25996 0.00568759
978.384 2.46595 0.00753283 2.25988 0.00555171
979.129 2.46595 0.00724241 2.25988 0.00531633
979.874 2.46611 0.00727342 2.26003 0.00534287
980.62 2.46642 0.00755013 2.26029 0.00556963
981.365 2.46538 0.00788164 2.25946 0.00584266
982.11 2.46344 0.00823365 2.25788 0.00613355
982.856 2.46236 0.00863843 2.25701 0.00646651
983.601 2.46183 0.00908214 2.25659 0.00683061
984.346 2.46094 0.00893905 2.25587 0.00671641
985.092 2.45985 0.00845695 2.25499 0.00632581
985.837 2.45948 0.00763292 2.2547 0.00565525
986.583 2.4595 0.00661732 2.25472 0.00482788
987.328 2.45948 0.00667601 2.25471 0.00487719
988.073 2.45944 0.00725831 2.2547 0.00535379
988.818 2.45978 0.0080365 2.25499 0.00598983
989.564 2.46029 0.00891004 2.25541 0.00670348
990.309 2.46065 0.00962231 2.25571 0.00728568
991.055 2.46095 0.0102768 2.25597 0.00782081
991.8 2.46089 0.00964349 2.25593 0.00730547
992.545 2.46071 0.00860917 2.25579 0.00646302
993.291 2.46077 0.00856124 2.25585 0.00642521
994.036 2.46089 0.00876778 2.25596 0.00659499
994.781 2.46093 0.00864383 2.256 0.00649518
995.527 2.46094 0.00845253 2.25602 0.0063404
996.272 2.46066 0.00804558 2.2558 0.00600997
997.017 2.46033 0.00761012 2.25553 0.0056563
997.763 2.45947 0.00715724 2.25484 0.00528896
998.508 2.45856 0.00671293 2.25411 0.0049286
999.253 2.45907 0.00905497 2.25454 0.00684117
999.999 2.45956 0.0115731 2.25496 0.00889743
