255.408 0.198597 1.91203 1.29609 0.761152
256.154 0.197623 1.96487 1.32269 0.762182
256.899 0.196013 2.01709 1.34845 0.762478
257.644 0.194436 1.98071 1.32808 0.760584
258.39 0.192809 1.92984 1.30006 0.757529
259.135 0.163055 1.98858 1.32857 0.773476
259.88 0.123932 2.08355 1.37702 0.792452
260.626 0.122357 2.10822 1.38834 0.790829
261.371 0.14537 2.08876 1.37622 0.777494
262.116 0.16186 2.08744 1.37379 0.767311
262.862 0.17045 2.10635 1.38161 0.760992
263.607 0.175719 2.11957 1.38651 0.75644
264.353 0.174921 2.12172 1.38604 0.755097
265.098 0.170865 2.13074 1.38898 0.755216
265.843 0.154575 2.16502 1.40456 0.760492
266.589 0.141444 2.19371 1.41735 0.764023
267.334 0.165552 2.16188 1.39953 0.752027
268.079 0.190543 2.1295 1.38199 0.73928
268.825 0.128319 2.19376 1.41313 0.765424
269.57 0.0634188 2.26174 1.44837 0.790854
270.315 0.0984925 2.25982 1.44311 0.772567
271.061 0.157523 2.24318 1.43006 0.744551
271.806 0.180298 2.24368 1.42754 0.732702
272.551 0.185726 2.2519 1.42938 0.728428
273.297 0.18845 2.2701 1.43573 0.72488
274.042 0.188788 2.29636 1.4456 0.721881
274.787 0.182437 2.31097 1.45071 0.722379
275.533 0.167027 2.30942 1.44942 0.727795
276.278 0.167044 2.30695 1.44675 0.72659
277.023 0.20618 2.30258 1.441 0.708763
277.769 0.235169 2.30667 1.43966 0.695147
278.514 0.20405 2.3542 1.45957 0.704001
279.259 0.174327 2.3997 1.47883 0.71162
280.005 0.202021 2.38629 1.46964 0.700175
280.75 0.230423 2.37293 1.46078 0.688499
281.495 0.262131 2.35721 1.45116 0.675719
282.241 0.295032 2.3412 1.4418 0.662562
282.986 0.294932 2.35188 1.4445 0.661033
283.731 0.283824 2.37121 1.45104 0.663278
284.477 0.305784 2.36574 1.44643 0.654142
285.222 0.349052 2.34516 1.43551 0.637776
285.967 0.368389 2.34948 1.43507 0.62953
286.713 0.36131 2.3799 1.44506 0.630021
287.458 0.359235 2.39936 1.45079 0.629011
288.203 0.366701 2.39901 1.44898 0.625443
288.949 0.378793 2.39904 1.44713 0.620257
289.694 0.407185 2.40052 1.44523 0.609398
290.439 0.434225 2.4038 1.4441 0.599162
291.185 0.442594 2.42288 1.44896 0.594867
291.93 0.450841 2.44211 1.45377 0.590632
292.675 0.510091 2.40961 1.44003 0.571505
293.421 0.574319 2.37405 1.4263 0.550944
294.166 0.593705 2.36121 1.42093 0.544317
294.911 0.602959 2.35337 1.41731 0.540827
295.657 0.634719 2.33975 1.41193 0.530444
296.402 0.677738 2.32348 1.40609 0.516795
297.147 0.720109 2.31635 1.40331 0.503665
297.893 0.761858 2.31705 1.40299 0.491129
298.638 0.78924 2.30558 1.39918 0.482728
299.383 0.795646 2.27614 1.39012 0.479853
300.129 0.810846 2.24174 1.37999 0.47424
300.874 0.84907 2.19499 1.36749 0.461665
301.619 0.885847 2.15004 1.35603 0.449351
302.365 0.909262 2.12254 1.34904 0.44132
303.11 0.933351 2.0942 1.34212 0.433027
303.855 0.975959 2.04382 1.33099 0.418578
304.601 1.01964 1.99186 1.32029 0.403641
305.346 1.02651 1.92215 1.303 0.396088
306.091 1.02708 1.84863 1.28445 0.388983
306.837 1.04699 1.75963 1.26448 0.37475
307.582 1.07306 1.66265 1.24428 0.357106
308.327 1.05803 1.60301 1.22822 0.352633
309.073 1.01667 1.56927 1.2144 0.357246
309.818 1.00368 1.51121 1.19866 0.351527
310.563 1.02174 1.42395 1.18137 0.333561
311.309 1.02417 1.34981 1.1653 0.320357
312.054 0.99757 1.30525 1.15079 0.317861
312.799 0.965168 1.25429 1.13363 0.314952
313.545 0.91194 1.17887 1.10676 0.310822
314.29 0.858181 1.10447 1.0792 0.305603
315.035 0.825163 1.02909 1.05575 0.294369
315.781 0.790085 0.953865 1.03187 0.282126
316.526 0.746362 0.885521 1.00697 0.27187
317.271 0.700437 0.818406 0.981414 0.260854
318.017 0.639445 0.75068 0.950761 0.250631
318.762 0.573521 0.68435 0.917881 0.239648
319.507 0.501825 0.633126 0.884272 0.232833
320.253 0.427561 0.590448 0.849429 0.227957
320.998 0.358347 0.552419 0.815566 0.222697
321.743 0.293675 0.518285 0.782602 0.217079
322.489 0.230255 0.48762 0.749129 0.211601
323.234 0.168819 0.461329 0.715601 0.206812
323.979 0.107615 0.437694 0.680858 0.20231
324.725 0.0465915 0.419581 0.645099 0.199888
325.47 -0.0140946 0.402735 0.607726 0.197411
326.215 -0.075526 0.390374 0.56831 0.197151
326.961 -0.136332 0.378472 0.527029 0.196641
327.706 -0.196019 0.374097 0.485018 0.200984
328.451 -0.2551 0.36994 0.440965 0.205566
329.197 -0.308564 0.36987 0.399404 0.212893
329.942 -0.360771 0.370457 0.35676 0.221123
330.687 -0.411512 0.371971 0.313319 0.230582
331.433 -0.461531 0.373796 0.268369 0.240964
332.178 -0.509362 0.3794 0.22405 0.255533
332.923 -0.555658 0.387606 0.179848 0.273714
333.669 -0.60054 0.395351 0.135193 0.292569
334.414 -0.643772 0.402583 0.0904382 0.311919
335.159 -0.684913 0.4099 0.0464159 0.332243
335.905 -0.721618 0.417492 0.00630461 0.352938
336.65 -0.757315 0.424663 -0.033927 0.374092
337.395 -0.788437 0.430017 -0.0701034 0.392444
338.141 -0.819621 0.435382 -0.107329 0.411823
338.886 -0.851536 0.440914 -0.146488 0.432787
339.631 -0.8835 0.446479 -0.186777 0.454957
340.377 -0.917665 0.451898 -0.23147 0.479204
341.122 -0.952121 0.457372 -0.277925 0.505066
341.867 -0.98375 0.461806 -0.321961 0.529161
342.613 -1.01462 0.466001 -0.366178 0.553639
343.358 -1.03965 0.467896 -0.40341 0.571849
344.103 -1.06139 0.468491 -0.436842 0.58644
344.849 -1.08699 0.46829 -0.47817 0.602644
345.594 -1.11643 0.46734 -0.527951 0.620685
346.339 -1.14688 0.467741 -0.580207 0.642566
347.085 -1.17894 0.470438 -0.635534 0.67086
347.83 -1.21131 0.473399 -0.693093 0.701129
348.575 -1.2443 0.47676 -0.753549 0.734
349.321 -1.27686 0.479342 -0.815927 0.766252
350.066 -1.30416 0.472144 -0.877489 0.773837
350.811 -1.33175 0.46505 -0.941506 0.781424
351.557 -1.35925 0.469232 -0.997693 0.814656
352.302 -1.38681 0.474173 -1.0552 0.850827
353.047 -1.41989 0.473856 -1.1333 0.880066
353.793 -1.45441 0.472893 -1.2192 0.90919
354.538 -1.49398 0.476742 -1.31882 0.956081
355.283 -1.53572 0.483536 -1.4283 1.01464
356.029 -1.57072 0.489397 -1.52543 1.06586
356.774 -1.60032 0.494308 -1.61198 1.1103
357.519 -1.62821 0.497631 -1.69918 1.14864
358.265 -1.65393 0.498447 -1.7858 1.17628
359.01 -1.68001 0.500776 -1.87723 1.20954
359.755 -1.70696 0.506119 -1.97526 1.25583
360.501 -1.73495 0.513578 -2.08281 1.31363
361.246 -1.77004 0.53056 -2.22402 1.42641
361.991 -1.80384 0.547808 -2.37245 1.55225
362.737 -1.83746 0.565065 -2.53453 1.69405
363.482 -1.86988 0.582287 -2.70494 1.85367
364.227 -1.89554 0.594381 -2.85217 1.98662
364.973 -1.91982 0.605722 -3.00159 2.12651
365.718 -1.94266 0.611442 -3.16389 2.23181
366.463 -1.9648 0.615351 -3.33826 2.32883
367.209 -1.98438 0.624639 -3.48606 2.48003
367.954 -2.00224 0.637132 -3.61216 2.67541
368.699 -2.02399 0.649602 -3.78336 2.90996
369.445 -2.04985 0.662082 -4.01144 3.20003
370.19 -2.07562 0.674418 -4.25238 3.53596
370.935 -2.1017 0.686681 -4.50973 3.93194
371.681 -2.12596 0.69814 -4.75397 4.36664
372.426 -2.14466 0.707187 -4.93265 4.7587
373.171 -2.16277 0.715687 -5.10207 5.18369
373.917 -2.1759 0.718799 -5.26123 5.46962
374.662 -2.18893 0.721872 -5.42139 5.78005
375.407 -2.20495 0.726885 -5.60251 6.22769
376.153 -2.22104 0.731967 -5.77541 6.73363
376.898 -2.24262 0.743104 -5.86452 7.60769
377.643 -2.26534 0.755549 -5.81595 8.68308
378.389 -2.28859 0.768389 -5.56325 9.92868
379.134 -2.31195 0.781296 -5.02082 11.2922
379.879 -2.33142 0.792274 -4.25467 12.4445
380.625 -2.3475 0.801581 -3.36488 13.328
381.37 -2.36302 0.809393 -2.38755 14.0983
382.116 -2.37776 0.815025 -1.40962 14.769
382.861 -2.39115 0.819344 -0.435844 15.2957
383.606 -2.40092 0.820082 0.213486 15.7107
384.352 -2.41152 0.821778 1.03986 16.0588
385.097 -2.42827 0.830332 2.71783 16.0481
385.842 -2.4449 0.838758 4.32973 15.699
386.587 -2.46677 0.848052 6.23805 14.9847
387.333 -2.48849 0.857211 7.82196 13.8839
388.078 -2.50799 0.867646 8.82845 12.5363
388.824 -2.52698 0.87816 9.45193 11.1887
389.569 -2.54501 0.886064 9.86379 10.0597
390.314 -2.56258 0.8929 10.114 9.04848
391.06 -2.57634 0.896781 10.2486 8.3414
391.805 -2.58739 0.898574 10.3408 7.82835
392.55 -2.59851 0.901822 10.3338 7.30587
393.296 -2.60973 0.906845 10.2261 6.78692
394.041 -2.62147 0.912376 10.0846 6.28677
394.786 -2.63441 0.919076 9.89668 5.78175
395.532 -2.64844 0.925502 9.71249 5.29601
396.277 -2.66768 0.930978 9.55889 4.71145
397.022 -2.68666 0.936549 9.37142 4.19983
397.768 -2.70326 0.945738 9.082 3.81066
398.513 -2.71974 0.954798 8.80675 3.47377
399.258 -2.73416 0.959542 8.63485 3.20799
400.004 -2.74829 0.963801 8.47376 2.97052
400.749 -2.7595 0.967756 8.33018 2.80396
401.494 -2.76983 0.97159 8.19526 2.66393
402.24 -2.7791 0.975233 8.07114 2.54969
402.985 -2.78775 0.978752 7.95483 2.45134
403.73 -2.79907 0.981642 7.83968 2.31774
404.476 -2.81299 0.983914 7.72315 2.15529
405.221 -2.82722 0.987587 7.58787 2.00767
405.966 -2.84201 0.993655 7.42491 1.87665
406.712 -2.85744 1.00027 7.26004 1.75301
407.457 -2.87517 1.00884 7.07295 1.62685
408.202 -2.89238 1.01685 6.90399 1.51603
408.948 -2.90598 1.02075 6.79491 1.42908
409.693 -2.91951 1.02459 6.68991 1.34878
410.438 -2.9321 1.02913 6.58692 1.28441
411.184 -2.94458 1.03363 6.48816 1.22494
411.929 -2.95454 1.03753 6.40734 1.18457
412.674 -2.96396 1.04127 6.33224 1.14936
413.42 -2.97368 1.04356 6.26764 1.10828
414.165 -2.98349 1.04521 6.20817 1.06597
414.91 -2.9954 1.0486 6.13124 1.0198
415.656 -3.00891 1.05334 6.04277 0.972173
416.401 -3.02308 1.05764 5.95741 0.922535
417.146 -3.03814 1.06137 5.87459 0.869599
417.892 -3.05323 1.06617 5.78906 0.823842
418.637 -3.06854 1.07363 5.69368 0.789257
419.382 -3.08341 1.08057 5.60628 0.757326
420.128 -3.09626 1.08514 5.53867 0.728376
420.873 -3.10901 1.08963 5.47387 0.701247
421.618 -3.1197 1.09324 5.42073 0.680815
422.364 -3.13035 1.09679 5.36929 0.661345
423.109 -3.14019 1.09793 5.33026 0.638614
423.854 -3.1499 1.09874 5.29344 0.616294
424.6 -3.15933 1.10161 5.25098 0.601598
425.345 -3.16866 1.10512 5.20763 0.589637
426.09 -3.18033 1.10836 5.15979 0.569895
426.836 -3.19341 1.11141 5.10995 0.546245
427.581 -3.20637 1.11519 5.05954 0.526032
428.326 -3.21922 1.11973 5.00862 0.509132
429.072 -3.2329 1.12441 4.95675 0.491168
429.817 -3.24815 1.1294 4.9018 0.470741
430.562 -3.26284 1.13445 4.84975 0.45306
431.308 -3.27571 1.13994 4.80242 0.441717
432.053 -3.28825 1.14519 4.7578 0.431195
432.798 -3.29747 1.14852 4.72603 0.424548
433.544 -3.30667 1.15182 4.69507 0.418098
434.289 -3.31736 1.15273 4.66679 0.403561
435.034 -3.32809 1.15348 4.6392 0.389115
435.78 -3.33803 1.15545 4.61114 0.379341
436.525 -3.34776 1.15768 4.58348 0.370863
437.27 -3.3577 1.1599 4.55593 0.362254
438.016 -3.36771 1.1621 4.52875 0.35375
438.761 -3.37897 1.1653 4.4978 0.345128
439.506 -3.39127 1.16932 4.46406 0.33651
440.252 -3.40371 1.17336 4.4308 0.328065
440.997 -3.41637 1.17748 4.3978 0.319714
441.742 -3.42905 1.18149 4.36572 0.311486
442.488 -3.44191 1.18532 4.33438 0.303013
443.233 -3.45468 1.18911 4.30397 0.29495
443.978 -3.46727 1.1929 4.27455 0.287505
444.724 -3.47978 1.19662 4.246 0.280375
445.469 -3.48783 1.19823 4.22829 0.276586
446.214 -3.49587 1.1998 4.2109 0.272887
446.96 -3.50584 1.20053 4.19189 0.265238
447.705 -3.51606 1.20112 4.17294 0.257244
448.45 -3.5267 1.20231 4.1528 0.249876
449.196 -3.53745 1.2037 4.13253 0.242892
449.941 -3.54766 1.20618 4.11198 0.238444
450.686 -3.5575 1.20936 4.09142 0.235625
451.432 -3.56807 1.21246 4.07028 0.231902
452.177 -3.57944 1.21549 4.04846 0.227206
452.922 -3.59115 1.21854 4.02654 0.222328
453.668 -3.60356 1.22169 4.00395 0.216954
454.413 -3.61547 1.22475 3.98255 0.212209
455.158 -3.6256 1.22761 3.96416 0.209324
455.904 -3.6357 1.23047 3.94607 0.206557
456.649 -3.64607 1.23403 3.9272 0.2045
457.394 -3.65639 1.23754 3.90875 0.202483
458.14 -3.66641 1.23828 3.89382 0.197387
458.885 -3.67637 1.23879 3.87939 0.192208
459.63 -3.68557 1.23815 3.86719 0.186513
460.376 -3.69454 1.23721 3.85566 0.180798
461.121 -3.70389 1.23898 3.84121 0.178121
461.866 -3.71342 1.24211 3.82547 0.176962
462.612 -3.72181 1.24403 3.81241 0.175482
463.357 -3.72918 1.2449 3.80164 0.173731
464.102 -3.73858 1.24618 3.7883 0.170687
464.848 -3.75109 1.2481 3.77104 0.165732
465.593 -3.76265 1.24999 3.75514 0.161718
466.338 -3.77162 1.25186 3.74234 0.159978
467.084 -3.78056 1.25357 3.72988 0.158138
467.829 -3.78943 1.25436 3.71838 0.155396
468.574 -3.79828 1.25512 3.70707 0.152722
469.32 -3.80966 1.25778 3.69171 0.150117
470.065 -3.82101 1.26041 3.67664 0.147588
470.81 -3.83088 1.26345 3.66301 0.146689
471.556 -3.84046 1.26653 3.64984 0.146054
472.301 -3.84988 1.26844 3.63786 0.144407
473.046 -3.85922 1.26989 3.62645 0.142411
473.792 -3.8679 1.27067 3.61631 0.140289
474.537 -3.8761 1.27098 3.60706 0.138093
475.282 -3.88463 1.27167 3.59732 0.136074
476.028 -3.89357 1.27281 3.58698 0.134252
476.773 -3.90282 1.27442 3.57615 0.132716
477.518 -3.91274 1.27707 3.56412 0.131726
478.264 -3.92262 1.27935 3.55254 0.13046
479.009 -3.93239 1.28017 3.54215 0.127967
479.754 -3.94207 1.28091 3.53201 0.125537
480.5 -3.95053 1.28076 3.52361 0.123133
481.245 -3.95896 1.28059 3.51533 0.120782
481.99 -3.96791 1.28295 3.50512 0.120377
482.736 -3.97688 1.2855 3.4949 0.120135
483.481 -3.98698 1.28761 3.48411 0.118853
484.226 -3.99734 1.28956 3.47331 0.117318
484.972 -4.00591 1.29065 3.46465 0.116153
485.717 -4.01349 1.29128 3.45715 0.115189
486.462 -4.02177 1.29145 3.4494 0.113475
487.208 -4.0307 1.29119 3.44143 0.111086
487.953 -4.0396 1.29176 3.4331 0.109435
488.698 -4.04846 1.29367 3.42414 0.108911
489.444 -4.05697 1.29504 3.41587 0.108164
490.189 -4.06445 1.29483 3.40932 0.106742
490.934 -4.07214 1.29486 3.40252 0.105426
491.68 -4.08163 1.2969 3.39335 0.104759
492.425 -4.09109 1.29891 3.38432 0.104099
493.17 -4.10045 1.29967 3.37609 0.102566
493.916 -4.10978 1.30038 3.368 0.101048
494.661 -4.11841 1.30094 3.36058 0.0997963
495.406 -4.12688 1.30146 3.35336 0.0986114
496.152 -4.13701 1.30177 3.3451 0.0965182
496.897 -4.14776 1.30199 3.33651 0.0941074
497.642 -4.15696 1.30327 3.32864 0.0932435
498.388 -4.16502 1.30533 3.32129 0.0934673
499.133 -4.17245 1.30731 3.31449 0.093929
499.878 -4.1791 1.30922 3.30832 0.094687
500.624 -4.18636 1.31003 3.30229 0.0944005
501.369 -4.19495 1.30841 3.29646 0.0918587
502.115 -4.20366 1.30724 3.29038 0.0896223
502.86 -4.21304 1.30825 3.28296 0.088612
503.605 -4.22226 1.30912 3.27578 0.087605
504.35 -4.22862 1.30761 3.27157 0.0862308
505.096 -4.23497 1.3061 3.2674 0.0848769
505.841 -4.24366 1.3075 3.26049 0.0845109
506.587 -4.25256 1.30918 3.25339 0.084244
507.332 -4.26035 1.30995 3.24746 0.0838452
508.077 -4.26779 1.31043 3.24191 0.083412
508.823 -4.27605 1.3105 3.23604 0.0823992
509.568 -4.28476 1.31033 3.23003 0.0810796
510.313 -4.29308 1.31069 3.2241 0.0802767
511.059 -4.30102 1.31158 3.21826 0.0799621
511.804 -4.31047 1.31224 3.21162 0.078944
512.549 -4.32246 1.31253 3.20361 0.0767744
513.294 -4.33302 1.31294 3.19652 0.075255
514.04 -4.33911 1.31377 3.19205 0.0756454
514.785 -4.34546 1.31474 3.18739 0.0760255
515.531 -4.35419 1.31713 3.18084 0.0763971
516.276 -4.36289 1.31948 3.17439 0.0767502
517.021 -4.36954 1.31702 3.17089 0.0750052
517.767 -4.3761 1.31441 3.1675 0.0732181
518.512 -4.38547 1.31226 3.16233 0.0707582
519.257 -4.39537 1.3102 3.15685 0.068217
520.003 -4.40169 1.30957 3.15299 0.0677351
520.748 -4.40648 1.30955 3.14983 0.0681106
521.493 -4.41234 1.31195 3.14527 0.0695173
522.239 -4.41901 1.31618 3.13969 0.0716687
522.984 -4.42574 1.31785 3.13495 0.0723465
523.729 -4.43252 1.31623 3.13128 0.0711651
524.475 -4.43986 1.31472 3.1273 0.0698778
525.22 -4.44851 1.31345 3.12253 0.0683259
525.965 -4.4574 1.31253 3.11755 0.0669236
526.711 -4.46758 1.31346 3.11133 0.0661486
527.456 -4.47761 1.31433 3.10527 0.0654016
528.201 -4.48433 1.31404 3.10139 0.0650619
528.947 -4.49104 1.31375 3.09754 0.0647257
529.692 -4.50061 1.31256 3.09246 0.0630754
530.437 -4.51047 1.31127 3.08729 0.0613115
531.183 -4.5188 1.3139 3.08183 0.0620716
531.928 -4.52665 1.31772 3.07631 0.0635706
532.673 -4.53389 1.31831 3.07209 0.063575
533.419 -4.54075 1.31701 3.06862 0.0627228
534.164 -4.54939 1.31574 3.06426 0.0613975
534.909 -4.55983 1.31449 3.05901 0.0596098
535.655 -4.56847 1.31355 3.05462 0.0584986
536.4 -4.57395 1.31314 3.05169 0.0585284
537.145 -4.57984 1.31299 3.0485 0.0585753
537.891 -4.5871 1.3137 3.04442 0.0586836
538.636 -4.59429 1.31429 3.04043 0.0587523
539.381 -4.60092 1.31388 3.03701 0.0584802
540.127 -4.60753 1.31344 3.03363 0.0582106
540.872 -4.6137 1.31395 3.03023 0.05851
541.617 -4.61984 1.31447 3.02686 0.0588269
542.363 -4.62612 1.31113 3.02443 0.0572624
543.108 -4.63241 1.30697 3.02221 0.0553149
543.853 -4.6411 1.30626 3.01799 0.0544259
544.599 -4.65085 1.30709 3.01292 0.0540145
545.344 -4.65849 1.30745 3.00899 0.0539128
546.089 -4.66443 1.30744 3.00597 0.0540533
546.835 -4.67115 1.30727 3.00264 0.0539376
547.58 -4.67895 1.30692 2.99888 0.0534774
548.325 -4.68716 1.30736 2.99477 0.0532939
549.071 -4.69644 1.30982 2.98972 0.0537757
549.816 -4.70555 1.31174 2.98492 0.0540523
550.561 -4.71384 1.31089 2.98117 0.0532845
551.307 -4.72209 1.31 2.97748 0.0525189
552.052 -4.72973 1.30737 2.97446 0.0511327
552.797 -4.73735 1.30474 2.97147 0.0497688
553.543 -4.74526 1.30418 2.96791 0.0492669
554.288 -4.75318 1.30388 2.9643 0.0488829
555.033 -4.7598 1.30521 2.96093 0.0494973
555.779 -4.76599 1.30707 2.95765 0.0504283
556.524 -4.77361 1.30639 2.95432 0.0499524
557.269 -4.78213 1.30413 2.95097 0.0486214
558.015 -4.78918 1.30384 2.94784 0.0484542
558.76 -4.79467 1.30566 2.94494 0.0495138
559.505 -4.80049 1.30581 2.94228 0.0497863
560.251 -4.80693 1.30279 2.94002 0.0486083
560.996 -4.8134 1.30001 2.93772 0.0475372
561.741 -4.81997 1.29812 2.93519 0.0468212
562.487 -4.82643 1.29635 2.9327 0.0461893
563.232 -4.83157 1.29611 2.93045 0.0464565
563.977 -4.83671 1.29586 2.92822 0.046719
564.723 -4.84398 1.29757 2.92474 0.047357
565.468 -4.85137 1.29937 2.92121 0.0480014
566.213 -4.85868 1.29786 2.91839 0.0473225
566.959 -4.86596 1.29557 2.91575 0.0463444
567.704 -4.87246 1.29376 2.91334 0.0457236
568.449 -4.87857 1.29219 2.91105 0.0452759
569.195 -4.8859 1.29075 2.90826 0.0446555
569.94 -4.89425 1.28942 2.90506 0.0438942
570.685 -4.90344 1.28787 2.90159 0.0428989
571.431 -4.91387 1.28599 2.89772 0.0415646
572.176 -4.92245 1.2855 2.89434 0.0411292
572.921 -4.92614 1.28878 2.89218 0.0430394
573.667 -4.93061 1.29152 2.88983 0.0445902
574.412 -4.93983 1.29097 2.88627 0.0440086
575.157 -4.94902 1.29041 2.88275 0.0434374
575.903 -4.9592 1.28933 2.87898 0.0425086
576.648 -4.96933 1.28823 2.87525 0.0415999
577.393 -4.97553 1.2865 2.87311 0.0411444
578.139 -4.98112 1.28466 2.87123 0.0407611
578.884 -4.98666 1.28315 2.86932 0.0405095
579.629 -4.99218 1.28175 2.86741 0.0403069
580.375 -4.99885 1.28188 2.86483 0.0404736
581.12 -5.0063 1.28302 2.8618 0.0408805
581.865 -5.01233 1.28367 2.8594 0.041344
582.611 -5.01672 1.28378 2.85768 0.0418776
583.356 -5.02145 1.28382 2.85587 0.042332
584.101 -5.02685 1.28376 2.85383 0.0426324
584.847 -5.03298 1.28302 2.85166 0.0425691
585.592 -5.04217 1.27951 2.84885 0.0410217
586.337 -5.05111 1.27603 2.84615 0.0395473
587.083 -5.05637 1.27293 2.84469 0.0388072
587.828 -5.06161 1.26984 2.84324 0.0380744
588.573 -5.06814 1.26824 2.84111 0.0376741
589.319 -5.07475 1.26676 2.83893 0.0373056
590.064 -5.08192 1.26615 2.83644 0.0371589
590.809 -5.08922 1.26575 2.83389 0.0370709
591.555 -5.09628 1.26618 2.83131 0.0373086
592.3 -5.10321 1.26704 2.82872 0.0377109
593.045 -5.10952 1.26771 2.82639 0.0381393
593.791 -5.11526 1.26821 2.82429 0.0385922
594.536 -5.12188 1.26744 2.82209 0.0384835
595.281 -5.12989 1.26468 2.81973 0.0374969
596.027 -5.13837 1.26279 2.81709 0.036746
596.772 -5.14832 1.26349 2.8136 0.036661
597.517 -5.15759 1.26368 2.81043 0.0365058
598.263 -5.16194 1.26013 2.80944 0.0358187
599.008 -5.16628 1.25659 2.80846 0.0351365
599.753 -5.17383 1.25613 2.80599 0.0350268
600.499 -5.18142 1.25573 2.80351 0.034929
601.244 -5.18887 1.25673 2.80089 0.0353127
601.989 -5.19629 1.25796 2.79827 0.0357743
602.735 -5.20293 1.25683 2.79624 0.0355738
603.48 -5.20926 1.25473 2.79445 0.0351109
604.225 -5.21445 1.25427 2.79281 0.035327
604.971 -5.21881 1.255 2.79128 0.0360344
605.716 -5.225 1.2538 2.78944 0.0358795
606.461 -5.23351 1.25018 2.78719 0.0346536
607.207 -5.24084 1.24761 2.78518 0.033925
607.952 -5.24559 1.24741 2.78368 0.0342841
608.697 -5.25024 1.24616 2.78236 0.0343272
609.443 -5.2544 1.2399 2.78184 0.032861
610.188 -5.25867 1.23396 2.78124 0.0314828
610.933 -5.26587 1.23618 2.77869 0.0322923
611.679 -5.27306 1.23836 2.77616 0.0330839
612.424 -5.28031 1.23806 2.77394 0.033097
613.169 -5.28754 1.23747 2.77177 0.0330255
613.915 -5.29103 1.23744 2.77069 0.0335878
614.66 -5.29339 1.23757 2.76994 0.0343398
615.405 -5.29952 1.23506 2.76837 0.033813
616.151 -5.30783 1.23101 2.76633 0.0325567
616.896 -5.316 1.22947 2.76404 0.0320895
617.641 -5.32404 1.23044 2.76149 0.0324023
618.387 -5.33211 1.23044 2.75907 0.0324173
619.132 -5.34024 1.22875 2.75684 0.0319224
619.878 -5.34714 1.22684 2.75502 0.0315126
620.623 -5.34985 1.22417 2.75453 0.0313704
621.368 -5.35307 1.22187 2.75385 0.0312795
622.113 -5.36128 1.22324 2.75127 0.0316902
622.859 -5.36948 1.22457 2.74872 0.0320902
623.604 -5.379 1.22373 2.74605 0.0317026
624.349 -5.38853 1.22277 2.7434 0.0312864
625.095 -5.39459 1.21929 2.74206 0.0305409
625.84 -5.3999 1.21528 2.74099 0.0297293
626.586 -5.40519 1.21351 2.73968 0.0295655
627.331 -5.41048 1.21275 2.73826 0.0296943
628.076 -5.4184 1.21238 2.73606 0.0296476
628.822 -5.42843 1.21231 2.73324 0.0294609
629.567 -5.43609 1.21256 2.73107 0.0296181
630.312 -5.44047 1.21324 2.72979 0.0302503
631.057 -5.44436 1.213 2.72875 0.0306726
631.803 -5.44696 1.21042 2.72832 0.0305748
632.548 -5.45029 1.20792 2.72768 0.0304213
633.294 -5.4579 1.20587 2.72581 0.0299432
634.039 -5.46547 1.20384 2.72394 0.029478
634.784 -5.47221 1.20341 2.72216 0.029547
635.53 -5.47892 1.20297 2.72038 0.029614
636.275 -5.48607 1.20242 2.71851 0.029608
637.02 -5.49326 1.20184 2.71664 0.0295911
637.766 -5.49918 1.19901 2.71535 0.0290909
638.511 -5.50465 1.1954 2.71427 0.0284273
639.256 -5.50951 1.19381 2.71315 0.0283761
640.002 -5.51397 1.19353 2.71201 0.0287171
640.747 -5.52042 1.19235 2.71043 0.0286177
641.492 -5.5291 1.19017 2.70836 0.0280343
642.238 -5.53571 1.18832 2.70682 0.0277434
642.983 -5.53828 1.18709 2.7063 0.0280131
643.728 -5.54088 1.18573 2.70579 0.0282439
644.474 -5.54359 1.18386 2.70529 0.0283245
645.219 -5.54673 1.18216 2.70467 0.0284109
645.964 -5.55573 1.18292 2.70227 0.0285842
646.71 -5.5647 1.18365 2.69989 0.0287517
647.455 -5.57305 1.18237 2.69788 0.0284512
648.2 -5.58131 1.18092 2.69591 0.0281211
648.946 -5.58697 1.17644 2.69491 0.0272488
649.691 -5.59196 1.1712 2.69416 0.0262438
650.436 -5.59736 1.16752 2.69315 0.0256114
651.182 -5.60294 1.16464 2.69203 0.0251712
651.927 -5.61061 1.16514 2.69007 0.0254168
652.672 -5.62013 1.16862 2.68739 0.0262581
653.418 -5.62821 1.17059 2.68522 0.0268329
654.163 -5.63407 1.17026 2.68383 0.0270211
654.908 -5.6397 1.16938 2.68255 0.0270893
655.654 -5.64468 1.16692 2.68158 0.0268188
656.399 -5.64962 1.16428 2.68063 0.0265043
657.144 -5.65437 1.16024 2.67986 0.0258587
657.89 -5.65912 1.15621 2.67909 0.0252181
658.635 -5.67078 1.15806 2.67609 0.0254567
659.38 -5.68246 1.15994 2.67312 0.0256966
660.126 -5.68833 1.15889 2.67183 0.0257065
660.871 -5.6932 1.15734 2.67084 0.0256775
661.616 -5.69671 1.1558 2.67019 0.0257651
662.362 -5.69968 1.15427 2.66966 0.025898
663.107 -5.7034 1.15399 2.66885 0.0262737
663.852 -5.70766 1.1546 2.66784 0.0268192
664.598 -5.71354 1.15281 2.66664 0.0266438
665.343 -5.72139 1.14807 2.6652 0.0255959
666.088 -5.72909 1.14526 2.66365 0.0250336
666.834 -5.73648 1.14662 2.66185 0.0255018
667.579 -5.74284 1.14723 2.66036 0.0258671
668.324 -5.74456 1.14446 2.66026 0.0258005
669.07 -5.74636 1.14163 2.66014 0.0257088
669.815 -5.74998 1.1371 2.65972 0.0250679
670.56 -5.7536 1.13258 2.6593 0.0244299
671.306 -5.76387 1.13006 2.65714 0.0237507
672.051 -5.77475 1.12775 2.65483 0.0230816
672.796 -5.78236 1.12875 2.65305 0.0234478
673.542 -5.78903 1.13069 2.65144 0.0241013
674.287 -5.79394 1.12948 2.65047 0.0241519
675.032 -5.79785 1.12652 2.64988 0.0238696
675.778 -5.80081 1.12466 2.64942 0.0239146
676.523 -5.80284 1.12386 2.6491 0.024277
677.268 -5.80643 1.12282 2.64844 0.024462
678.014 -5.81264 1.12134 2.64721 0.0243489
678.759 -5.82005 1.1202 2.64568 0.0242256
679.504 -5.83132 1.12015 2.64319 0.024068
680.25 -5.84167 1.11974 2.64096 0.023899
680.995 -5.84446 1.11639 2.64066 0.0236149
681.74 -5.84726 1.11305 2.64037 0.0233316
682.486 -5.84921 1.11148 2.64014 0.0235115
683.231 -5.85113 1.10997 2.63991 0.023706
683.976 -5.85985 1.10533 2.63837 0.022704
684.722 -5.86988 1.10011 2.63658 0.0214872
685.467 -5.87645 1.09853 2.63531 0.0213392
686.212 -5.88156 1.09849 2.63428 0.0216386
686.958 -5.88886 1.0999 2.63265 0.0221077
687.703 -5.89783 1.10239 2.63059 0.0226968
688.448 -5.90538 1.10331 2.62897 0.0230313
689.194 -5.91109 1.10221 2.62789 0.0230469
689.939 -5.91568 1.10074 2.62709 0.0230555
690.684 -5.91768 1.09839 2.62692 0.0230493
691.43 -5.9209 1.09634 2.62646 0.0230249
692.175 -5.93026 1.09578 2.62456 0.0229097
692.92 -5.93952 1.09512 2.6227 0.0227819
693.666 -5.94707 1.09197 2.62139 0.0222313
694.411 -5.9546 1.08883 2.62008 0.0216887
695.156 -5.96086 1.08601 2.61903 0.0213009
695.902 -5.96696 1.08323 2.61801 0.0209342
696.647 -5.97033 1.08021 2.6176 0.0206926
697.392 -5.97287 1.07712 2.61737 0.0204895
698.138 -5.97577 1.07301 2.61712 0.0200449
698.883 -5.97889 1.06831 2.61687 0.0194599
699.628 -5.98426 1.06788 2.61587 0.0196466
700.374 -5.9919 1.07174 2.61412 0.0205976
701.119 -5.9987 1.07479 2.6126 0.021424
701.864 -6.00405 1.07652 2.61148 0.022056
702.61 -6.00903 1.07711 2.61052 0.0224696
703.355 -6.01277 1.07398 2.61004 0.0221805
704.1 -6.01595 1.07104 2.60968 0.0219648
704.846 -6.01382 1.06972 2.61033 0.0224186
705.591 -6.01168 1.06842 2.61098 0.022876
706.336 -6.02196 1.0646 2.60918 0.0220328
707.082 -6.03264 1.06072 2.60731 0.0211602
707.827 -6.04427 1.05641 2.60528 0.0201509
708.572 -6.05603 1.05204 2.60324 0.0191346
709.318 -6.0633 1.05043 2.60196 0.0189568
710.063 -6.06864 1.04999 2.60102 0.0191318
710.808 -6.06941 1.04951 2.60101 0.0195648
711.554 -6.06667 1.04903 2.60172 0.0202015
712.299 -6.06732 1.04703 2.60183 0.0203278
713.044 -6.0724 1.04302 2.60115 0.0197837
713.79 -6.07899 1.0405 2.60008 0.019457
714.535 -6.08908 1.04139 2.5981 0.019623
715.28 -6.09918 1.04243 2.59613 0.0198175
716.026 -6.10954 1.04435 2.59406 0.0201721
716.771 -6.11957 1.04611 2.59208 0.0205093
717.516 -6.12218 1.04488 2.59176 0.0206717
718.262 -6.12479 1.04366 2.59144 0.0208335
719.007 -6.12324 1.03673 2.59227 0.0200931
719.752 -6.12124 1.02918 2.59322 0.0192473
720.498 -6.12815 1.02508 2.59219 0.0185953
721.243 -6.13765 1.02202 2.5906 0.0180124
721.988 -6.14689 1.01939 2.58904 0.017533
722.734 -6.15597 1.01699 2.58751 0.0171138
723.479 -6.16355 1.01666 2.58617 0.0171829
724.224 -6.16972 1.0183 2.58501 0.0177111
724.97 -6.17459 1.01797 2.58421 0.0179209
725.715 -6.17734 1.01444 2.58399 0.0176174
726.46 -6.17981 1.01246 2.58375 0.017631
727.206 -6.18145 1.01522 2.58342 0.0186101
727.951 -6.18337 1.01795 2.58303 0.0195632
728.696 -6.18725 1.02032 2.58229 0.0203403
729.442 -6.19115 1.02268 2.58154 0.0211097
730.187 -6.20432 1.01999 2.57928 0.0204094
730.932 -6.21753 1.01724 2.57703 0.0197048
731.678 -6.22571 1.01437 2.57576 0.0192463
732.423 -6.23301 1.01148 2.57465 0.0188336
733.168 -6.23757 1.00866 2.57407 0.0185744
733.914 -6.24108 1.00586 2.57368 0.0183736
734.659 -6.24336 1.00338 2.57351 0.0182957
735.404 -6.24477 1.00113 2.5735 0.018302
736.15 -6.24735 0.997757 2.57332 0.0180373
736.895 -6.25128 0.99308 2.57294 0.0174589
737.641 -6.25716 0.989349 2.57216 0.0169643
738.386 -6.26692 0.987507 2.57055 0.0166374
739.131 -6.27577 0.986926 2.56907 0.0165932
739.876 -6.28121 0.99131 2.56798 0.0176357
740.622 -6.2863 0.995318 2.56698 0.0186194
741.367 -6.28652 0.995034 2.56709 0.0190421
742.112 -6.28675 0.994761 2.5672 0.0194656
742.858 -6.28746 0.992286 2.56733 0.0194569
743.603 -6.2882 0.989683 2.56746 0.0194216
744.349 -6.29432 0.985965 2.56664 0.0189164
745.094 -6.30166 0.982008 2.56562 0.0183111
745.839 -6.31137 0.975603 2.56428 0.0171478
746.584 -6.32215 0.96813 2.56279 0.0157496
747.33 -6.33079 0.966458 2.56143 0.0155193
748.075 -6.33772 0.969355 2.56018 0.0161981
748.82 -6.34308 0.969518 2.55934 0.0164487
749.566 -6.34634 0.96605 2.55905 0.0161375
750.311 -6.34788 0.962771 2.55906 0.0159371
751.057 -6.3454 0.959922 2.55978 0.0159953
751.802 -6.34449 0.957613 2.5602 0.0160787
752.547 -6.35131 0.957893 2.55909 0.0162819
753.293 -6.35825 0.958077 2.55798 0.0164602
754.038 -6.36855 0.956409 2.55634 0.016155
754.783 -6.37878 0.954742 2.55473 0.0158559
755.529 -6.3854 0.951867 2.55382 0.0155028
756.274 -6.39167 0.948889 2.55298 0.0151483
757.019 -6.39734 0.947983 2.55216 0.0151884
757.765 -6.40284 0.947631 2.55134 0.0153332
758.51 -6.40677 0.949147 2.55073 0.0158738
759.255 -6.4099 0.951622 2.55021 0.0166151
760.001 -6.41259 0.948825 2.55001 0.0164461
760.746 -6.41489 0.941408 2.55006 0.0154805
761.491 -6.41978 0.93901 2.54945 0.0152874
762.237 -6.42844 0.943899 2.54787 0.0162106
762.982 -6.43707 0.946274 2.54641 0.0166886
763.727 -6.44567 0.942357 2.54523 0.0160746
764.473 -6.45401 0.938967 2.54408 0.0155665
765.218 -6.46111 0.938346 2.54302 0.0155905
765.963 -6.46803 0.937592 2.54201 0.0155979
766.709 -6.46989 0.932358 2.54205 0.0150454
767.454 -6.47174 0.92713 2.54209 0.0144927
768.199 -6.47193 0.922926 2.54238 0.0141821
768.945 -6.47192 0.918834 2.54269 0.0138967
769.69 -6.47392 0.918153 2.54252 0.0141163
770.435 -6.47651 0.918454 2.54221 0.0144802
771.181 -6.48311 0.917578 2.54126 0.0144797
771.926 -6.49182 0.916069 2.53998 0.0142874
772.671 -6.50164 0.9156 2.53848 0.0142293
773.417 -6.51244 0.916042 2.53678 0.0142875
774.162 -6.51904 0.916202 2.53581 0.0144615
774.907 -6.5195 0.915989 2.53589 0.0148113
775.653 -6.52057 0.91392 2.53593 0.014824
776.398 -6.5232 0.907022 2.53591 0.0139621
777.143 -6.52552 0.90096 2.5359 0.0132524
777.889 -6.52607 0.899428 2.53601 0.0133723
778.634 -6.52665 0.897945 2.53612 0.0134982
779.379 -6.52827 0.897766 2.536 0.0138027
780.125 -6.5299 0.897592 2.53589 0.0141068
780.87 -6.54166 0.895384 2.53415 0.0136835
781.615 -6.55434 0.89299 2.53227 0.0131996
782.361 -6.56474 0.89406 2.53065 0.0133789
783.106 -6.5745 0.896027 2.52912 0.0137282
783.851 -6.57952 0.890466 2.52864 0.0130123
784.597 -6.58219 0.881105 2.52869 0.0117584
785.342 -6.5831 0.882619 2.52864 0.0123563
786.087 -6.58263 0.893368 2.52847 0.0145213
786.833 -6.58267 0.896814 2.52848 0.0154658
787.578 -6.58327 0.890127 2.52878 0.0147244
788.323 -6.5855 0.885233 2.52875 0.0142162
789.069 -6.5915 0.884562 2.52793 0.0142623
789.814 -6.59869 0.884319 2.52692 0.0143348
790.559 -6.61133 0.886042 2.52494 0.0145281
791.305 -6.62358 0.887266 2.52306 0.0146528
792.05 -6.63106 0.881252 2.52222 0.0137839
792.795 -6.63852 0.875282 2.52138 0.0129272
793.541 -6.64031 0.870529 2.52141 0.0124663
794.286 -6.64172 0.86586 2.52149 0.012031
795.031 -6.63955 0.866649 2.52197 0.0125954
795.777 -6.63657 0.868692 2.52252 0.0133898
796.522 -6.63796 0.864648 2.52259 0.0130513
797.267 -6.64124 0.857977 2.52244 0.0122235
798.013 -6.65083 0.857768 2.52106 0.0122209
798.758 -6.66489 0.862133 2.51881 0.0127959
799.503 -6.67521 0.863342 2.51728 0.0129907
800.249 -6.68126 0.860984 2.51655 0.012765
800.994 -6.68776 0.860339 2.5157 0.012795
801.739 -6.69514 0.862928 2.5146 0.0133027
802.485 -6.70174 0.862812 2.51372 0.0134099
803.23 -6.70574 0.853586 2.51355 0.012179
803.975 -6.70898 0.845209 2.51346 0.0111071
804.721 -6.70557 0.843545 2.5142 0.0112997
805.466 -6.70215 0.841896 2.51494 0.0114947
806.211 -6.70371 0.850742 2.51456 0.0131746
806.957 -6.70542 0.859654 2.51414 0.0148551
807.702 -6.71457 0.858124 2.51291 0.014647
808.447 -6.7247 0.855147 2.51158 0.0141833
809.193 -6.73345 0.850504 2.51052 0.0135116
809.938 -6.74175 0.845372 2.50956 0.0127834
810.683 -6.74753 0.843962 2.50886 0.0127129
811.429 -6.75195 0.84457 2.50831 0.0129962
812.174 -6.75605 0.843683 2.50786 0.0130586
812.919 -6.75987 0.841486 2.50749 0.0129286
813.665 -6.76329 0.837998 2.50722 0.0126138
814.41 -6.76614 0.832708 2.5071 0.0120409
815.155 -6.76919 0.828763 2.50691 0.0116678
815.901 -6.77264 0.827882 2.50655 0.01175
816.646 -6.77698 0.827523 2.50605 0.0118841
817.391 -6.78502 0.829358 2.50492 0.0122357
818.137 -6.7933 0.830926 2.50376 0.0125371
818.882 -6.80467 0.829806 2.50223 0.0123358
819.627 -6.81596 0.828682 2.50072 0.012139
820.373 -6.82139 0.829461 2.50003 0.0124046
821.118 -6.82661 0.830291 2.49937 0.0126829
821.863 -6.82719 0.827575 2.49951 0.0125728
822.609 -6.82698 0.82426 2.49979 0.0123962
823.354 -6.82707 0.819095 2.50008 0.011933
824.099 -6.82727 0.813288 2.50037 0.0113688
824.845 -6.82775 0.809522 2.50056 0.0111001
825.59 -6.82838 0.806943 2.50069 0.0110032
826.335 -6.82938 0.80554 2.50073 0.0110709
827.081 -6.8307 0.805208 2.50069 0.0112883
827.826 -6.83566 0.805416 2.50009 0.0114788
828.571 -6.84571 0.806356 2.49871 0.0116282
829.317 -6.85554 0.806299 2.4974 0.011635
830.062 -6.86497 0.804062 2.49622 0.0113318
830.807 -6.87395 0.801471 2.49512 0.0109922
831.553 -6.88123 0.797413 2.49431 0.0104876
832.298 -6.88778 0.794036 2.4936 0.0101057
833.043 -6.88724 0.797181 2.49373 0.0108748
833.789 -6.88673 0.800349 2.49386 0.0116461
834.534 -6.88964 0.796461 2.4937 0.0112886
835.279 -6.8926 0.792471 2.49352 0.0109145
836.025 -6.89262 0.790619 2.49372 0.0109346
836.77 -6.89222 0.789069 2.49396 0.0110093
837.515 -6.89613 0.791663 2.49347 0.0115681
838.261 -6.9013 0.795438 2.49275 0.0122603
839.006 -6.90876 0.795763 2.4918 0.0123833
839.751 -6.91731 0.79439 2.49075 0.0122294
840.497 -6.92527 0.794112 2.48976 0.0122507
841.242 -6.93277 0.794661 2.48881 0.0124031
841.987 -6.93619 0.798137 2.48836 0.013087
842.733 -6.93494 0.805083 2.48849 0.0143984
843.478 -6.93784 0.80369 2.48826 0.0143965
844.223 -6.94817 0.787462 2.48738 0.0120672
844.969 -6.95657 0.776038 2.48663 0.0104883
845.714 -6.95903 0.777965 2.48637 0.0109729
846.459 -6.96196 0.779643 2.48606 0.011408
847.205 -6.96737 0.779982 2.48542 0.0115847
847.95 -6.97244 0.780622 2.48483 0.0118122
848.695 -6.97185 0.786682 2.48489 0.0129573
849.441 -6.97132 0.792772 2.48494 0.0141046
850.186 -6.98107 0.78962 2.4838 0.0136606
850.931 -6.99124 0.786069 2.48261 0.013153
851.677 -7.00006 0.771559 2.4819 0.0111526
852.422 -7.00882 0.755371 2.48123 0.00892986
853.167 -7.00913 0.758164 2.48126 0.00957672
853.913 -7.0068 0.767055 2.4815 0.0111428
854.658 -7.00876 0.770665 2.48127 0.0118595
855.403 -7.01289 0.771522 2.48082 0.0121336
856.149 -7.01848 0.769346 2.48023 0.0119461
856.894 -7.02521 0.764852 2.47956 0.0114082
857.639 -7.02872 0.764213 2.47923 0.0114889
858.385 -7.0286 0.767955 2.47929 0.0122691
859.13 -7.03093 0.76609 2.47916 0.012208
859.875 -7.03742 0.754804 2.47869 0.0107373
860.621 -7.04291 0.748308 2.47823 0.00995785
861.366 -7.04569 0.754046 2.47784 0.010935
862.112 -7.04952 0.758252 2.47735 0.0116715
862.857 -7.05776 0.755779 2.47642 0.0113768
863.602 -7.06534 0.753551 2.47558 0.0111337
864.347 -7.06685 0.753589 2.47551 0.0113516
865.093 -7.06837 0.753631 2.47544 0.0115691
865.838 -7.07135 0.745532 2.47537 0.0106373
866.583 -7.07438 0.737452 2.4753 0.00970728
867.329 -7.0734 0.738332 2.47555 0.0100979
868.074 -7.07202 0.740133 2.47584 0.0106239
868.82 -7.07631 0.739888 2.4754 0.0107317
869.565 -7.08183 0.739184 2.4748 0.0107463
870.31 -7.08644 0.738865 2.47432 0.010835
871.056 -7.0907 0.738686 2.47388 0.0109502
871.801 -7.09633 0.736894 2.4733 0.0108131
872.546 -7.10271 0.734213 2.47264 0.0105382
873.292 -7.10873 0.731561 2.47203 0.0102766
874.037 -7.11447 0.728934 2.47145 0.0100259
874.782 -7.11752 0.726693 2.47123 0.00989026
875.528 -7.11754 0.724885 2.47141 0.00988317
876.273 -7.11853 0.724394 2.47143 0.01003
877.018 -7.12113 0.726026 2.47118 0.0104244
877.764 -7.12397 0.726004 2.47093 0.0105895
878.509 -7.12739 0.722093 2.4707 0.0102185
879.254 -7.13083 0.71859 2.47046 0.00990171
880 -7.13438 0.716552 2.47017 0.00977892
880.745 -7.13742 0.714101 2.46996 0.00961261
881.49 -7.13704 0.708878 2.47026 0.0091516
882.236 -7.13722 0.704117 2.47048 0.00873837
882.981 -7.14804 0.708347 2.46908 0.00929195
883.726 -7.15878 0.712476 2.46769 0.00982795
884.472 -7.16697 0.710892 2.46678 0.00966067
885.217 -7.17504 0.709134 2.46589 0.0094742
885.962 -7.17899 0.704768 2.4656 0.00903554
886.708 -7.18243 0.700091 2.46538 0.00856739
887.453 -7.18424 0.696972 2.46535 0.00833991
888.198 -7.18567 0.694219 2.46536 0.00816838
888.944 -7.18512 0.691831 2.46562 0.00808611
889.689 -7.18386 0.689577 2.46597 0.008036
890.434 -7.18602 0.689996 2.46581 0.00826511
891.18 -7.18998 0.691802 2.46539 0.00863762
891.925 -7.19582 0.691257 2.46476 0.00865932
892.67 -7.20301 0.689034 2.464 0.00843249
893.416 -7.21004 0.688727 2.46323 0.00846014
894.161 -7.21694 0.690254 2.46243 0.00872925
894.906 -7.22396 0.691181 2.46163 0.00891588
895.652 -7.23116 0.691343 2.46083 0.0089985
896.397 -7.23664 0.692898 2.46022 0.00929665
897.142 -7.23912 0.696932 2.45995 0.0099762
897.888 -7.2406 0.697339 2.45988 0.0102082
898.633 -7.23958 0.688864 2.46032 0.00934699
899.378 -7.23871 0.683609 2.46068 0.00889624
900.124 -7.23824 0.689894 2.46074 0.00992811
900.869 -7.23839 0.693583 2.46078 0.0106107
901.614 -7.2418 0.682585 2.4607 0.00932539
902.36 -7.24537 0.672343 2.46058 0.00813563
903.105 -7.24973 0.670034 2.4602 0.00795568
903.85 -7.25413 0.667763 2.45981 0.00777987
904.596 -7.26199 0.66719 2.45895 0.00775401
905.341 -7.2698 0.66661 2.45809 0.00772829
906.086 -7.27446 0.664825 2.45766 0.00761057
906.832 -7.27895 0.662986 2.45725 0.00748928
907.577 -7.28673 0.664392 2.45637 0.00771719
908.322 -7.29488 0.666167 2.45543 0.00798297
909.068 -7.29757 0.664725 2.45525 0.00794683
909.813 -7.2991 0.66261 2.45522 0.00784765
910.558 -7.3009 0.658398 2.45521 0.00747712
911.304 -7.30279 0.653542 2.45519 0.00702293
912.049 -7.30348 0.655821 2.45519 0.00749498
912.794 -7.3037 0.661117 2.45519 0.00835752
913.54 -7.30515 0.662436 2.45511 0.00869185
914.285 -7.30726 0.661559 2.45499 0.00873467
915.03 -7.31067 0.658509 2.45475 0.00847714
915.776 -7.31499 0.653946 2.45442 0.00801117
916.521 -7.32078 0.65169 2.45387 0.00780904
917.266 -7.32783 0.651455 2.45311 0.00783743
918.012 -7.33501 0.652593 2.45232 0.00803505
918.757 -7.34234 0.65522 2.45148 0.00841407
919.502 -7.34816 0.657608 2.45084 0.00878998
920.248 -7.35192 0.659708 2.45046 0.00916777
920.993 -7.35731 0.65957 2.44992 0.00923495
921.738 -7.36545 0.655662 2.44911 0.00878276
922.484 -7.3706 0.655067 2.44862 0.00879805
923.229 -7.36948 0.661518 2.44876 0.00980183
923.974 -7.36873 0.663176 2.44894 0.0102069
924.72 -7.3689 0.651672 2.44927 0.0089673
925.465 -7.37012 0.640872 2.44945 0.00779264
926.21 -7.37473 0.632685 2.44915 0.00687929
926.956 -7.37905 0.625243 2.44888 0.00606525
927.701 -7.38177 0.621148 2.44874 0.00569346
928.446 -7.38485 0.618866 2.44853 0.00553955
929.192 -7.39038 0.628774 2.4478 0.00684452
929.937 -7.39589 0.637726 2.44709 0.00802531
930.682 -7.40014 0.637494 2.44669 0.00809934
931.428 -7.40438 0.636936 2.44631 0.00813292
932.173 -7.4089 0.629045 2.44602 0.0072659
932.918 -7.41345 0.621213 2.44573 0.00640709
933.664 -7.41888 0.626135 2.44511 0.00708928
934.409 -7.42432 0.631001 2.44449 0.00776087
935.154 -7.43368 0.626779 2.44355 0.00725987
935.9 -7.44314 0.62226 2.44261 0.00672473
936.645 -7.44476 0.622727 2.44253 0.00692658
937.39 -7.44574 0.623608 2.44252 0.00718871
938.136 -7.44034 0.621974 2.44332 0.00725701
938.881 -7.43407 0.62002 2.44424 0.00730122
939.626 -7.4309 0.623137 2.44469 0.00790681
940.372 -7.4283 0.627176 2.44506 0.00861576
941.117 -7.43896 0.624511 2.44394 0.00827472
941.862 -7.4524 0.620439 2.44251 0.00771879
942.608 -7.45883 0.616393 2.44193 0.00729107
943.353 -7.46338 0.612359 2.44157 0.00689808
944.098 -7.46752 0.623811 2.441 0.00836779
944.844 -7.47182 0.640093 2.44031 0.0104041
945.589 -7.47173 0.627777 2.44067 0.00910311
946.334 -7.47036 0.604719 2.44135 0.00653344
947.08 -7.47489 0.602252 2.44097 0.00632914
947.825 -7.48179 0.608479 2.44016 0.00712428
948.57 -7.48648 0.612088 2.43966 0.00764039
949.316 -7.49011 0.614465 2.43931 0.00802579
950.061 -7.49127 0.619468 2.43921 0.00876405
950.806 -7.49117 0.625886 2.43923 0.0096914
951.552 -7.49549 0.619246 2.43895 0.00899086
952.297 -7.50249 0.605124 2.43848 0.00736033
953.042 -7.50713 0.610423 2.43796 0.00807146
953.788 -7.51052 0.627868 2.43738 0.010233
954.533 -7.51118 0.615249 2.43764 0.00889395
955.278 -7.51069 0.581931 2.43835 0.00512147
956.024 -7.51862 0.577904 2.4376 0.0046823
956.769 -7.53226 0.594999 2.43584 0.0066408
957.514 -7.53855 0.598042 2.43518 0.00705395
958.26 -7.53908 0.590451 2.43535 0.006314
959.005 -7.53881 0.583938 2.4356 0.0057111
959.75 -7.53789 0.578298 2.43592 0.0052192
960.496 -7.53915 0.588208 2.43574 0.00651687
961.241 -7.54278 0.611322 2.43505 0.00931635
961.986 -7.54241 0.619961 2.43506 0.0104863
962.732 -7.53803 0.615831 2.43576 0.0102347
963.477 -7.53766 0.612235 2.43598 0.00997469
964.222 -7.541 0.609158 2.43576 0.00971174
964.968 -7.5428 0.600174 2.43582 0.00878375
965.713 -7.5433 0.585623 2.43611 0.00722357
966.458 -7.54816 0.582189 2.43571 0.00689672
967.204 -7.55702 0.589234 2.43468 0.00773142
967.949 -7.56791 0.596356 2.43342 0.00853543
968.694 -7.58067 0.603487 2.43194 0.00930188
969.44 -7.58598 0.602024 2.43147 0.00919596
970.185 -7.58426 0.592452 2.43193 0.00826997
970.93 -7.59148 0.588663 2.43128 0.00786778
971.676 -7.60694 0.590338 2.42959 0.007965
972.421 -7.61671 0.587374 2.42864 0.00762175
973.166 -7.62137 0.580176 2.42833 0.00687743
973.912 -7.62276 0.576507 2.42834 0.00658418
974.657 -7.62116 0.576021 2.42864 0.00669735
975.402 -7.61992 0.575009 2.42891 0.00674484
976.148 -7.619 0.57353 2.42915 0.00673383
976.893 -7.62024 0.572319 2.42914 0.0067209
977.638 -7.62329 0.571335 2.42892 0.00670645
978.384 -7.62543 0.568954 2.42883 0.00654619
979.129 -7.62684 0.565452 2.42883 0.00626865
979.874 -7.62644 0.564432 2.429 0.00630001
980.62 -7.62465 0.565308 2.42931 0.00656749
981.365 -7.63389 0.568089 2.42833 0.00688908
982.11 -7.65073 0.572073 2.42647 0.00723135
982.856 -7.66037 0.575591 2.42545 0.00762349
983.601 -7.66541 0.578849 2.42494 0.00805251
984.346 -7.6741 0.577569 2.4241 0.00791754
985.092 -7.68491 0.573635 2.42306 0.00745667
985.837 -7.68996 0.56595 2.42272 0.00666611
986.583 -7.69196 0.556204 2.42275 0.00569086
987.328 -7.69309 0.555647 2.42274 0.00574897
988.073 -7.69378 0.559573 2.42272 0.00631077
988.818 -7.69101 0.564749 2.42306 0.00706062
989.564 -7.68677 0.570539 2.42356 0.00790206
990.309 -7.68392 0.575106 2.42391 0.00858852
991.055 -7.6816 0.579236 2.42422 0.00921949
991.8 -7.68383 0.572889 2.42417 0.00861197
992.545 -7.68757 0.563281 2.42401 0.00761878
993.291 -7.68813 0.561757 2.42408 0.00757425
994.036 -7.68785 0.562322 2.42421 0.00777445
994.781 -7.6887 0.560189 2.42425 0.00765679
995.527 -7.68978 0.557509 2.42428 0.00747435
996.272 -7.69366 0.553332 2.42401 0.00708473
997.017 -7.69795 0.548955 2.4237 0.00666769
997.763 -7.70676 0.54498 2.42289 0.0062344
998.508 -7.71594 0.5411 2.42203 0.00580936
999.253 -7.71006 0.559543 2.42253 0.00806392
999.999 -7.70394 0.579403 2.42302 0.010488
