255.408 0.523245 2.29608 0.83459 2.25041
256.154 0.552505 2.3713 0.882038 2.31452
256.899 0.582127 2.44621 0.930052 2.3776
257.644 0.564315 2.38655 0.896028 2.32439
258.39 0.539534 2.30623 0.850352 2.25274
259.135 0.529452 2.40483 0.865945 2.34969
259.88 0.526219 2.56697 0.907157 2.50558
260.626 0.542842 2.60071 0.931944 2.53221
261.371 0.571558 2.55135 0.944392 2.47604
262.116 0.600284 2.53395 0.966035 2.45061
262.862 0.628912 2.5517 0.997313 2.4587
263.607 0.649151 2.5626 1.01864 2.4626
264.353 0.653376 2.56055 1.02122 2.45875
265.098 0.657016 2.5708 1.02667 2.46667
265.843 0.658653 2.62683 1.04308 2.5182
266.589 0.661924 2.6728 1.05838 2.55968
267.334 0.681132 2.60312 1.05581 2.48821
268.079 0.700632 2.53347 1.05419 2.41692
268.825 0.654774 2.66356 1.04639 2.55089
269.57 0.606762 2.80554 1.04193 2.69735
270.315 0.66378 2.77163 1.08425 2.64794
271.061 0.744333 2.69852 1.13716 2.55607
271.806 0.781694 2.67672 1.16471 2.5248
272.551 0.799045 2.67844 1.18032 2.52098
273.297 0.81979 2.69634 1.20349 2.53111
274.042 0.843355 2.72735 1.23285 2.55239
274.787 0.848815 2.7466 1.24233 2.56792
275.533 0.829022 2.74967 1.2242 2.57574
276.278 0.830617 2.7397 1.22197 2.56562
277.023 0.885718 2.69725 1.25969 2.51115
277.769 0.9319 2.67427 1.29459 2.47731
278.514 0.929281 2.75777 1.31408 2.55316
279.259 0.927903 2.83867 1.33455 2.62614
280.005 0.958455 2.79046 1.34765 2.57369
280.75 0.989107 2.74237 1.36117 2.52163
281.495 1.02134 2.68912 1.37502 2.46483
282.241 1.05388 2.63536 1.38936 2.40782
282.986 1.06448 2.64299 1.40002 2.41158
283.731 1.06796 2.67065 1.40946 2.43505
284.477 1.09372 2.63942 1.42363 2.40026
285.222 1.13326 2.57241 1.44125 2.33042
285.967 1.16217 2.55615 1.46219 2.30862
286.713 1.17978 2.59302 1.48609 2.33668
287.458 1.19483 2.61227 1.50339 2.34971
288.203 1.20504 2.59945 1.50849 2.33567
288.949 1.22093 2.58331 1.51782 2.31735
289.694 1.25697 2.55543 1.54205 2.28396
290.439 1.29214 2.53081 1.56634 2.25387
291.185 1.31854 2.53973 1.59081 2.25529
291.93 1.3449 2.54859 1.61516 2.25667
292.675 1.38424 2.45694 1.62763 2.16788
293.421 1.42479 2.36073 1.64102 2.07539
294.166 1.43506 2.32636 1.64202 2.04334
294.911 1.43854 2.30564 1.64012 2.02456
295.657 1.46048 2.26165 1.64949 1.98185
296.402 1.49105 2.20709 1.66441 1.92846
297.147 1.52693 2.16298 1.68623 1.88332
297.893 1.56706 2.12741 1.71346 1.84501
298.638 1.58361 2.09154 1.72047 1.8111
299.383 1.56716 2.05496 1.69917 1.7827
300.129 1.55573 2.00787 1.68042 1.74421
300.874 1.55721 1.93425 1.66842 1.68046
301.619 1.55902 1.86506 1.65797 1.62042
302.365 1.56081 1.82162 1.65208 1.58259
303.11 1.56276 1.77776 1.64645 1.54437
303.855 1.567 1.7042 1.6385 1.4801
304.601 1.57164 1.63063 1.63141 1.41577
305.346 1.53593 1.5653 1.59096 1.36415
306.091 1.49474 1.5007 1.54608 1.31344
306.837 1.46383 1.41341 1.50753 1.24104
307.582 1.43693 1.31801 1.47213 1.1605
308.327 1.39605 1.27379 1.43081 1.1262
309.073 1.34579 1.26244 1.38486 1.1218
309.818 1.30915 1.21746 1.34712 1.08579
310.563 1.28803 1.13519 1.31949 1.01454
311.309 1.26115 1.07099 1.28897 0.959688
312.054 1.22233 1.04217 1.25127 0.937428
312.799 1.17699 1.00936 1.20727 0.91195
313.545 1.1067 0.961462 1.1392 0.874656
314.29 1.03761 0.912421 1.07191 0.835612
315.035 0.987843 0.854838 1.02156 0.786591
315.781 0.938075 0.796779 0.97127 0.73661
316.526 0.883895 0.745531 0.917427 0.69273
317.271 0.829323 0.694324 0.863212 0.648407
318.017 0.762252 0.643543 0.797256 0.604687
318.762 0.691861 0.592426 0.727992 0.560191
319.507 0.618699 0.553615 0.656491 0.526896
320.253 0.543888 0.520838 0.583353 0.498936
320.998 0.473901 0.489955 0.514572 0.472131
321.743 0.408183 0.460753 0.449675 0.446379
322.489 0.343396 0.433376 0.38546 0.422005
323.234 0.280204 0.408968 0.322619 0.400152
323.979 0.216625 0.386078 0.259149 0.379508
324.725 0.15252 0.367929 0.194981 0.363312
325.47 0.0878599 0.350231 0.129933 0.347341
326.215 0.0213869 0.336646 0.0628109 0.335327
326.961 -0.0454649 0.322938 -0.0050841 0.322998
327.706 -0.112234 0.317293 -0.0731112 0.31871
328.451 -0.179388 0.311679 -0.141947 0.314365
329.197 -0.241032 0.310829 -0.205401 0.314741
329.942 -0.302016 0.310797 -0.268511 0.315925
330.687 -0.362002 0.31197 -0.330904 0.31833
331.433 -0.42179 0.313631 -0.393422 0.32124
332.178 -0.479553 0.320116 -0.45404 0.329218
332.923 -0.535944 0.330069 -0.513444 0.340918
333.669 -0.590976 0.339697 -0.5717 0.352337
334.414 -0.64428 0.348896 -0.628392 0.363347
335.159 -0.695226 0.358386 -0.682795 0.374702
335.905 -0.740744 0.368385 -0.731537 0.386565
336.65 -0.785136 0.377959 -0.779249 0.398019
337.395 -0.823782 0.385281 -0.820912 0.40694
338.141 -0.862603 0.392669 -0.8629 0.415987
338.886 -0.902453 0.400306 -0.906149 0.425386
339.631 -0.942443 0.408004 -0.949695 0.434908
340.377 -0.985348 0.415512 -0.996626 0.444351
341.122 -1.02869 0.423061 -1.04421 0.453908
341.867 -1.0684 0.429223 -1.08795 0.461863
342.613 -1.10716 0.435014 -1.13077 0.469414
343.358 -1.13831 0.437806 -1.16526 0.473405
344.103 -1.16521 0.4389 -1.19508 0.47537
344.849 -1.19706 0.438849 -1.2306 0.476179
345.594 -1.23382 0.437667 -1.27181 0.475836
346.339 -1.27185 0.438072 -1.31453 0.47731
347.085 -1.31195 0.441206 -1.35969 0.481944
347.83 -1.35237 0.444427 -1.40537 0.48669
348.575 -1.39352 0.447844 -1.45203 0.491685
349.321 -1.43399 0.449955 -1.4981 0.495157
350.066 -1.46697 0.439728 -1.53597 0.484136
350.811 -1.50006 0.429456 -1.57404 0.472978
351.557 -1.53378 0.433065 -1.61262 0.477906
352.302 -1.56761 0.437244 -1.65145 0.483502
353.047 -1.60761 0.433822 -1.69777 0.480307
353.793 -1.64901 0.428826 -1.74595 0.475203
354.538 -1.69702 0.428123 -1.80207 0.475173
355.283 -1.74808 0.429387 -1.86207 0.477435
356.029 -1.79084 0.429678 -1.91252 0.47836
356.774 -1.827 0.429168 -1.95529 0.478203
357.519 -1.86076 0.426437 -1.9954 0.475306
358.265 -1.89123 0.420643 -2.03171 0.468616
359.01 -1.92264 0.415864 -2.06931 0.463113
359.755 -1.95634 0.413624 -2.10986 0.460704
360.501 -1.99249 0.412707 -2.15362 0.459957
361.246 -2.04216 0.419331 -2.21429 0.468772
361.991 -2.09202 0.425848 -2.27552 0.477716
362.737 -2.14341 0.431612 -2.33897 0.486005
363.482 -2.19507 0.437287 -2.40301 0.494428
364.227 -2.23629 0.439693 -2.45417 0.49864
364.973 -2.27627 0.441622 -2.50387 0.50231
365.718 -2.31152 0.436424 -2.5479 0.496852
366.463 -2.34523 0.428731 -2.59012 0.488178
367.209 -2.37968 0.430145 -2.6331 0.491135
367.954 -2.41467 0.437438 -2.67666 0.501658
368.699 -2.45617 0.442022 -2.72874 0.508967
369.445 -2.50494 0.443581 -2.79039 0.512659
370.19 -2.55467 0.444962 -2.85352 0.516163
370.935 -2.60605 0.445978 -2.91901 0.51925
371.681 -2.65501 0.447199 -2.98161 0.52252
372.426 -2.69374 0.449135 -3.03103 0.5264
373.171 -2.73167 0.450734 -3.07955 0.529817
373.917 -2.75703 0.447496 -3.11184 0.526486
374.662 -2.78246 0.444246 -3.14427 0.52312
375.407 -2.81508 0.441704 -3.18623 0.52088
376.153 -2.8483 0.439205 -3.22908 0.518687
376.898 -2.89729 0.442551 -3.29284 0.524691
377.643 -2.95045 0.447423 -3.3624 0.532878
378.389 -3.00595 0.452785 -3.4354 0.541838
379.134 -3.06277 0.458432 -3.51056 0.551281
379.879 -3.11125 0.464362 -3.57474 0.56092
380.625 -3.1522 0.470537 -3.62895 0.570723
381.37 -3.19112 0.474501 -3.68063 0.577495
382.116 -3.22679 0.475003 -3.72813 0.579449
382.861 -3.25883 0.47424 -3.77081 0.579549
383.606 -3.2802 0.469821 -3.799 0.574272
384.352 -3.30439 0.466505 -3.83111 0.570583
385.097 -3.34851 0.471166 -3.89063 0.578524
385.842 -3.3928 0.475865 -3.95063 0.586573
386.587 -3.44977 0.477155 -4.02871 0.590302
387.333 -3.50717 0.478422 -4.10781 0.594024
388.078 -3.56194 0.484985 -4.18343 0.605178
388.824 -3.61646 0.492524 -4.25905 0.617807
389.569 -3.66673 0.495443 -4.32911 0.623796
390.314 -3.71545 0.49654 -4.39732 0.627153
391.06 -3.75262 0.495096 -4.44925 0.626477
391.805 -3.78148 0.491817 -4.48939 0.622863
392.55 -3.81236 0.491881 -4.53245 0.62414
393.296 -3.84575 0.4961 -4.57912 0.631541
394.041 -3.88125 0.501056 -4.62898 0.64013
394.786 -3.92131 0.507616 -4.6856 0.651277
395.532 -3.96412 0.512425 -4.74653 0.660021
396.277 -4.01922 0.508942 -4.82615 0.657013
397.022 -4.07453 0.505967 -4.90646 0.654712
397.768 -4.12882 0.515061 -4.98523 0.67037
398.513 -4.18335 0.524233 -5.06475 0.686304
399.258 -4.22788 0.524924 -5.1299 0.689202
400.004 -4.27155 0.524748 -5.19402 0.690766
400.749 -4.30751 0.527421 -5.24657 0.69638
401.494 -4.34127 0.530948 -5.29588 0.703243
402.24 -4.37217 0.535385 -5.34093 0.711424
402.985 -4.40148 0.540349 -5.38361 0.720393
403.73 -4.43751 0.540327 -5.43695 0.722008
404.476 -4.48025 0.535336 -5.50102 0.71622
405.221 -4.52605 0.533827 -5.56994 0.715898
405.966 -4.57704 0.538365 -5.647 0.725196
406.712 -4.63115 0.54378 -5.7293 0.736075
407.457 -4.69512 0.552022 -5.82743 0.751928
408.202 -4.75771 0.559558 -5.92399 0.766777
408.948 -4.80483 0.559954 -5.99674 0.769694
409.693 -4.85214 0.560348 -6.0701 0.772632
410.438 -4.89799 0.564187 -6.14129 0.781068
411.184 -4.94395 0.568181 -6.21295 0.789824
411.929 -4.98173 0.573942 -6.27152 0.801139
412.674 -5.01789 0.580096 -6.32764 0.813091
413.42 -5.05321 0.58142 -6.38277 0.817184
414.165 -5.0882 0.580602 -6.43766 0.817769
414.91 -5.13259 0.582421 -6.50806 0.823149
415.656 -5.18449 0.586342 -6.59107 0.832415
416.401 -5.23842 0.588023 -6.67797 0.838134
417.146 -5.29505 0.586629 -6.76999 0.838883
417.892 -5.35401 0.588754 -6.86628 0.845664
418.637 -5.41837 0.599597 -6.9718 0.86756
419.382 -5.4812 0.609639 -7.07541 0.888269
420.128 -5.53426 0.614838 -7.16313 0.900354
420.873 -5.58737 0.620078 -7.25138 0.912626
421.618 -5.63242 0.625489 -7.32609 0.924837
422.364 -5.67763 0.630934 -7.40139 0.937216
423.109 -5.71659 0.629103 -7.4665 0.936599
423.854 -5.75484 0.626313 -7.53067 0.934248
424.6 -5.79563 0.631399 -7.59905 0.945889
425.345 -5.83735 0.639135 -7.66917 0.962361
426.09 -5.88762 0.642321 -7.75502 0.971417
426.836 -5.94333 0.642659 -7.8512 0.975806
427.581 -6.00036 0.645965 -7.95007 0.985643
428.326 -6.05879 0.652498 -8.05184 1.0015
429.072 -6.12126 0.658395 -8.16156 1.01665
429.817 -6.19112 0.663048 -8.2856 1.03019
430.562 -6.25973 0.669071 -8.40812 1.04633
431.308 -6.32265 0.68007 -8.52053 1.07152
432.053 -6.38447 0.690998 -8.63158 1.0968
432.798 -6.43011 0.700024 -8.71296 1.11753
433.544 -6.47591 0.709109 -8.79498 1.13856
434.289 -6.52417 0.705884 -8.88302 1.1366
435.034 -6.57275 0.701895 -8.97215 1.13316
435.78 -6.62055 0.704436 -9.05967 1.14214
436.525 -6.6683 0.708537 -9.14738 1.1542
437.27 -6.71733 0.71235 -9.238 1.16591
438.016 -6.76708 0.716035 -9.33047 1.17753
438.761 -6.8245 0.721936 -9.43822 1.19426
439.506 -6.88855 0.729756 -9.5595 1.21554
440.252 -6.95396 0.737675 -9.68425 1.2374
440.997 -7.02123 0.745711 -9.81354 1.25993
441.742 -7.08915 0.753441 -9.94507 1.2822
442.488 -7.15828 0.760225 -10.0801 1.30296
443.233 -7.22771 0.76715 -10.2166 1.3243
443.978 -7.29706 0.774644 -10.354 1.34708
444.724 -7.36669 0.782199 -10.4929 1.37033
445.469 -7.4114 0.788262 -10.5808 1.38804
446.214 -7.45626 0.794361 -10.6694 1.406
446.96 -7.50931 0.792665 -10.7765 1.40858
447.705 -7.56379 0.789763 -10.8875 1.40876
448.45 -7.62201 0.789075 -11.0067 1.41406
449.196 -7.68174 0.789189 -11.1299 1.42129
449.941 -7.74149 0.795974 -11.2531 1.44303
450.686 -7.80133 0.807274 -11.3768 1.47488
451.432 -7.86529 0.816981 -11.5104 1.50412
452.177 -7.93398 0.824831 -11.6556 1.53022
452.922 -8.00519 0.832366 -11.8075 1.55629
453.668 -8.08117 0.839193 -11.9715 1.58177
454.413 -8.15515 0.846766 -12.1321 1.60904
455.158 -8.21963 0.857199 -12.2719 1.64192
455.904 -8.28464 0.867958 -12.4138 1.67607
456.649 -8.35322 0.882357 -12.5645 1.71964
457.394 -8.42214 0.896886 -12.7169 1.76421
458.14 -8.484 0.896487 -12.8562 1.77311
458.885 -8.54557 0.89492 -12.9959 1.77927
459.63 -8.60071 0.888338 -13.122 1.77247
460.376 -8.65432 0.880405 -13.2454 1.76207
461.121 -8.71666 0.887606 -13.3882 1.78947
461.866 -8.78367 0.902712 -13.5421 1.83724
462.612 -8.84169 0.91346 -13.6757 1.87347
463.357 -8.89157 0.920232 -13.7908 1.89891
464.102 -8.95518 0.925096 -13.9408 1.92228
464.848 -9.04019 0.926956 -14.1462 1.94223
465.593 -9.12016 0.930908 -14.3404 1.96687
466.338 -9.1845 0.940905 -14.4953 2.00443
467.084 -9.24881 0.950176 -14.6514 2.04063
467.829 -9.31114 0.953792 -14.8045 2.06225
468.574 -9.37374 0.957429 -14.9594 2.08423
469.32 -9.45812 0.967655 -15.1716 2.12829
470.065 -9.54322 0.97805 -15.3877 2.17373
470.81 -9.62018 0.995106 -15.5825 2.23618
471.556 -9.69609 1.01344 -15.7758 2.30293
472.301 -9.76878 1.02457 -15.9636 2.35032
473.046 -9.84044 1.03295 -16.1508 2.39056
473.792 -9.90643 1.03844 -16.3244 2.42195
474.537 -9.96848 1.04188 -16.4887 2.44702
475.282 -10.0344 1.04728 -16.6646 2.47891
476.028 -10.1049 1.05506 -16.8545 2.51925
476.773 -10.1794 1.06573 -17.0568 2.56964
477.518 -10.2624 1.08258 -17.2836 2.64115
478.264 -10.3448 1.09719 -17.5118 2.70732
479.009 -10.4236 1.10134 -17.7345 2.74247
479.754 -10.5022 1.10532 -17.9588 2.77762
480.5 -10.57 1.1057 -18.1534 2.79911
481.245 -10.6381 1.10607 -18.3507 2.82092
481.99 -10.7175 1.12494 -18.5786 2.90369
482.736 -10.7982 1.14568 -18.8124 2.9943
483.481 -10.8876 1.16031 -19.0774 3.07034
484.226 -10.9797 1.17334 -19.3548 3.14383
484.972 -11.0558 1.18451 -19.584 3.20694
485.717 -11.1231 1.19469 -19.7874 3.26464
486.462 -11.1956 1.19936 -20.0115 3.30711
487.208 -11.2731 1.19878 -20.2562 3.33472
487.953 -11.3532 1.20536 -20.5095 3.38783
488.698 -11.4376 1.22372 -20.775 3.48361
489.444 -11.5181 1.23874 -21.0314 3.56824
490.189 -11.586 1.24311 -21.251 3.61202
490.934 -11.6569 1.24915 -21.4826 3.66364
491.68 -11.7502 1.26821 -21.7894 3.77235
492.425 -11.844 1.28747 -22.1016 3.88457
493.17 -11.9345 1.2961 -22.4103 3.95903
493.916 -12.0253 1.30456 -22.7245 4.03471
494.661 -12.1102 1.31385 -23.0198 4.11193
495.406 -12.1944 1.32336 -23.3155 4.19112
496.152 -12.2944 1.32637 -23.6786 4.25579
496.897 -12.4013 1.32668 -24.0753 4.31534
497.642 -12.4975 1.34212 -24.4272 4.4296
498.388 -12.5858 1.36888 -24.7453 4.58701
499.133 -12.6684 1.39738 -25.0425 4.75145
499.878 -12.7437 1.42801 -25.3108 4.92316
500.624 -12.8222 1.44617 -25.6032 5.04926
501.369 -12.9079 1.43583 -25.9484 5.06423
502.115 -12.997 1.4297 -26.3094 5.09929
502.86 -13.1005 1.44407 -26.7222 5.2332
503.605 -13.2031 1.4579 -27.1373 5.36762
504.35 -13.269 1.45545 -27.4091 5.40515
505.096 -13.3351 1.45296 -27.6846 5.44321
505.841 -13.4362 1.47481 -28.1009 5.6193
506.587 -13.5415 1.49944 -28.5397 5.81648
507.332 -13.6326 1.518 -28.9241 5.9786
508.077 -13.7199 1.53487 -29.2964 6.13319
508.823 -13.8158 1.54481 -29.7214 6.26657
509.568 -13.9171 1.55081 -30.1818 6.38928
510.313 -14.0166 1.56443 -30.6332 6.551
511.059 -14.1143 1.58566 -31.0744 6.75337
511.804 -14.2301 1.5998 -31.621 6.94481
512.549 -14.3765 1.60158 -32.3512 7.1126
513.294 -14.5079 1.60958 -33.0119 7.3023
514.04 -14.5876 1.63786 -33.3807 7.54569
514.785 -14.6716 1.66754 -33.7743 7.80784
515.531 -14.7905 1.70769 -34.3517 8.1818
516.276 -14.9102 1.74837 -34.9406 8.57322
517.021 -14.9889 1.73506 -35.382 8.60574
517.767 -15.0667 1.71984 -35.8265 8.62564
518.512 -15.1832 1.70092 -36.5132 8.68091
519.257 -15.3081 1.68098 -37.268 8.743
520.003 -15.3919 1.69215 -37.7355 8.93527
520.748 -15.458 1.71686 -38.0766 9.18865
521.493 -15.5472 1.77099 -38.5151 9.67266
522.239 -15.6541 1.84826 -39.0249 10.3513
522.984 -15.7539 1.8917 -39.5524 10.8169
523.729 -15.8441 1.88976 -40.1146 10.9767
524.475 -15.9432 1.88736 -40.747 11.1557
525.22 -16.0628 1.88388 -41.5346 11.3761
525.965 -16.1883 1.88467 -42.3722 11.6471
526.711 -16.3405 1.9078 -43.3716 12.153
527.456 -16.4924 1.9311 -44.394 12.6847
528.201 -16.5928 1.94964 -45.061 13.0699
528.947 -16.6937 1.96835 -45.7421 13.4707
529.692 -16.8359 1.96366 -46.8284 13.817
530.437 -16.9841 1.95607 -48.004 14.1719
531.183 -17.1246 2.01547 -48.941 15.0844
531.928 -17.2632 2.09688 -49.7934 16.2236
532.673 -17.3817 2.13057 -50.6444 16.9233
533.419 -17.4884 2.1355 -51.5145 17.3498
534.164 -17.6253 2.13456 -52.7023 17.8591
534.909 -17.7939 2.12742 -54.2515 18.4671
535.655 -17.9356 2.13188 -55.5432 19.1035
536.4 -18.0274 2.15746 -56.2732 19.7503
537.145 -18.1276 2.18621 -57.0795 20.4911
537.891 -18.2556 2.22543 -58.1274 21.5112
538.636 -18.3832 2.2636 -59.1883 22.5656
539.381 -18.4982 2.28675 -60.2152 23.4347
540.127 -18.614 2.31016 -61.2645 24.3481
540.872 -18.7263 2.35248 -62.1681 25.4906
541.617 -18.839 2.39612 -63.0683 26.6975
542.363 -18.941 2.36884 -64.355 27.0553
543.108 -19.0409 2.32577 -65.7688 27.2181
543.853 -19.1997 2.33747 -67.5419 28.5058
544.599 -19.3865 2.37461 -69.5185 30.4397
545.344 -19.5333 2.41183 -71.0119 32.1578
546.089 -19.6474 2.44907 -72.0818 33.6599
546.835 -19.7771 2.48114 -73.415 35.319
547.58 -19.9286 2.50583 -75.1399 37.2028
548.325 -20.0934 2.54572 -76.9012 39.5819
549.071 -20.2898 2.62383 -78.6227 43.0943
549.816 -20.4831 2.69371 -80.3324 46.7112
550.561 -20.6513 2.71006 -82.4397 49.4112
551.307 -20.8206 2.72598 -84.6019 52.3261
552.052 -20.9722 2.70682 -87.1632 54.5915
552.797 -21.1249 2.68729 -89.8517 57.0372
553.543 -21.2941 2.71204 -91.9823 60.7497
554.288 -21.4667 2.7431 -93.9961 64.9333
555.033 -21.6181 2.81707 -94.5167 69.5911
555.779 -21.7627 2.90642 -94.2705 74.4976
556.524 -21.9325 2.93318 -95.8479 79.4037
557.269 -22.1191 2.9198 -98.7654 84.6389
558.015 -22.2809 2.95883 -99.5497 90.2236
558.76 -22.4148 3.05589 -97.6413 95.7609
559.505 -22.5512 3.11235 -96.8261 101.01
560.251 -22.6923 3.08969 -98.8357 105.965
560.996 -22.8361 3.07243 -100.585 111.437
561.741 -22.9877 3.07659 -101.291 117.777
562.487 -23.1382 3.08439 -101.517 124.462
563.232 -23.2626 3.13649 -99.1381 130.208
563.977 -23.3877 3.18917 -96.2921 135.96
564.723 -23.5768 3.28621 -90.1835 144.573
565.468 -23.7712 3.38761 -82.6671 152.844
566.213 -23.9537 3.40262 -78.7249 161.557
566.959 -24.1346 3.39662 -74.9499 170.797
567.704 -24.298 3.40677 -69.844 178.746
568.449 -24.4533 3.42496 -63.7258 185.821
569.195 -24.6448 3.44263 -55.2143 194.386
569.94 -24.8683 3.45986 -43.7664 203.738
570.685 -25.1186 3.46759 -29.37 213.407
571.431 -25.4083 3.46077 -10.5975 223.195
572.176 -25.6533 3.50292 7.78407 225.155
572.921 -25.7677 3.6799 17.397 213.619
573.667 -25.9026 3.84051 26.4337 203.722
574.412 -26.1745 3.8856 42.5144 200.232
575.157 -26.4498 3.93149 57.5016 194.37
575.903 -26.7596 3.95851 72.99 186.786
576.648 -27.0737 3.98591 86.4722 177.091
577.393 -27.26 4.00676 93.0016 170.66
578.139 -27.4273 4.02673 98.0651 164.663
578.884 -27.5958 4.05818 102.108 158.17
579.629 -27.7655 4.09416 105.388 151.569
580.375 -27.9823 4.1798 107.427 142.368
581.12 -28.2322 4.30064 108.146 132.112
581.865 -28.4327 4.41188 107.734 124.474
582.611 -28.574 4.51063 106.642 119.332
583.356 -28.7278 4.60783 105.681 114.23
584.101 -28.907 4.70073 105.003 108.88
584.847 -29.1133 4.76823 105.021 103.462
585.592 -29.4308 4.7236 108.032 96.4205
586.337 -29.7437 4.67899 110.169 89.6328
587.083 -29.9188 4.65905 110.926 86.0467
587.828 -30.0951 4.63869 111.496 82.5275
588.573 -30.3287 4.67325 110.733 77.9978
589.319 -30.5692 4.7129 109.718 73.6621
590.064 -30.8385 4.78721 107.933 69.2249
590.809 -31.1177 4.87213 105.933 65.0561
591.555 -31.3928 4.9951 103.416 61.4377
592.3 -31.6667 5.13999 100.737 58.2396
593.045 -31.9162 5.28216 98.3215 55.6277
593.791 -32.1428 5.42157 96.1431 53.4855
594.536 -32.408 5.50574 94.5765 50.9474
595.281 -32.7362 5.49798 93.775 47.7206
596.027 -33.0936 5.52886 92.4289 44.5868
596.772 -33.5324 5.68027 89.806 41.4503
597.517 -33.9466 5.81373 87.5575 38.8027
598.263 -34.1197 5.77647 87.3407 37.5508
599.008 -34.2939 5.7386 87.0986 36.3264
599.753 -34.6358 5.8477 85.3455 34.5447
600.499 -34.9855 5.96226 83.6256 32.8832
601.244 -35.3356 6.15386 81.5805 31.5792
601.989 -35.6886 6.3639 79.5782 30.4093
602.735 -36.0031 6.45343 78.3756 29.1987
603.48 -36.3038 6.49285 77.476 28.0035
604.225 -36.5468 6.62374 76.355 27.3487
604.971 -36.7459 6.8241 75.104 27.0628
605.716 -37.0494 6.91981 74.0888 26.1412
606.461 -37.49 6.87825 73.3042 24.4797
607.207 -37.8708 6.89615 72.4386 23.2681
607.952 -38.104 7.05489 71.4623 22.9058
608.697 -38.3331 7.154 70.7189 22.4452
609.443 -38.5358 6.95079 70.9509 21.4555
610.188 -38.745 6.76306 71.083 20.4847
610.933 -39.1407 7.07436 69.4234 20.1013
611.679 -39.5395 7.39388 67.8526 19.7293
612.424 -39.9484 7.5643 66.728 19.0761
613.169 -40.3634 7.72126 65.6835 18.4275
613.915 -40.5352 7.91271 65.0114 18.401
614.66 -40.6307 8.11531 64.4531 18.55
615.405 -40.986 8.15181 63.8666 17.8867
616.151 -41.5003 8.08795 63.2493 16.7977
616.896 -42.0099 8.1965 62.3267 16.0461
617.641 -42.5135 8.4892 61.1448 15.6133
618.387 -43.0313 8.72122 60.1171 15.1027
619.132 -43.5707 8.83484 59.2988 14.4478
619.878 -44.0271 8.92945 58.6418 13.9322
620.623 -44.1709 8.9509 58.4727 13.7842
621.368 -44.3527 9.00304 58.2195 13.6231
622.113 -44.9125 9.36771 57.1439 13.3223
622.859 -45.4797 9.7443 56.1166 13.0344
623.604 -46.1813 9.96398 55.2064 12.4565
624.349 -46.9039 10.1831 54.3317 11.9016
625.095 -47.3595 10.1651 53.9709 11.4452
625.84 -47.7586 10.0922 53.7158 11.0159
626.586 -48.1476 10.217 53.2896 10.7833
627.331 -48.5337 10.4369 52.796 10.6407
628.076 -49.1649 10.7205 52.0755 10.3449
628.822 -50.0086 11.0638 51.1927 9.94281
629.567 -50.6393 11.4297 50.4977 9.74048
630.312 -50.9487 11.8164 50.0332 9.78741
631.057 -51.2189 12.1116 49.6723 9.79652
631.803 -51.39 12.1573 49.5562 9.71943
632.548 -51.6356 12.2209 49.3838 9.60293
633.294 -52.3202 12.3898 48.8844 9.26039
634.039 -53.0169 12.5648 48.3954 8.93458
634.784 -53.6142 12.9073 47.8824 8.77672
635.53 -54.22 13.2598 47.3834 8.6241
636.275 -54.8866 13.6202 46.8738 8.44691
637.02 -55.5716 13.9915 46.375 8.27216
637.766 -56.1636 14.0836 46.0796 8.02702
638.511 -56.7275 14.0739 45.8528 7.76183
639.256 -57.1861 14.2975 45.568 7.65655
640.002 -57.5737 14.6797 45.25 7.65131
640.747 -58.2352 15.0037 44.8595 7.49994
641.492 -59.2213 15.2617 44.3908 7.19625
642.238 -59.9521 15.5206 44.0367 7.01194
642.983 -60.1363 15.7691 43.8919 7.03947
643.728 -60.3277 16.0032 43.752 7.05764
644.474 -60.5493 16.1726 43.6283 7.04116
645.219 -60.8236 16.3794 43.4751 7.01713
645.964 -61.8443 17.1085 42.9008 6.8879
646.71 -62.8846 17.8715 42.3466 6.76334
647.455 -63.9291 18.3503 41.9174 6.56341
648.2 -64.9979 18.8241 41.5068 6.36611
648.946 -65.8043 18.7354 41.3433 6.11598
649.691 -66.5477 18.4902 41.2386 5.85482
650.436 -67.3103 18.5039 41.0585 5.66289
651.182 -68.0912 18.656 40.8426 5.50839
651.927 -69.11 19.4739 40.4182 5.45713
652.672 -70.3369 20.95 39.8224 5.49048
653.418 -71.3861 22.1642 39.3583 5.49414
654.163 -72.1612 22.884 39.0746 5.46042
654.908 -72.9347 23.5105 38.8225 5.40954
655.654 -73.6925 23.8119 38.6488 5.30965
656.399 -74.4702 24.0805 38.4835 5.20416
657.144 -75.3155 24.0625 38.3667 5.04533
657.89 -76.1753 24.04 38.2496 4.88928
658.635 -78.1148 25.7377 37.6818 4.80291
659.38 -80.1182 27.5894 37.1318 4.72025
660.126 -81.0959 28.3907 36.9028 4.66888
660.871 -81.8997 29.011 36.7296 4.62343
661.616 -82.3921 29.5239 36.6112 4.61226
662.362 -82.7594 29.9958 36.5144 4.61426
663.107 -83.1775 30.851 36.3594 4.64667
663.852 -83.6209 31.9966 36.1641 4.69927
664.598 -84.7241 32.7651 35.9674 4.62132
665.343 -86.7072 33.044 35.7667 4.38981
666.088 -88.4976 33.8181 35.5294 4.23929
666.834 -89.7199 35.7412 35.2166 4.25138
667.579 -90.7538 37.4049 34.9627 4.25727
668.324 -90.9763 37.4875 34.948 4.24278
669.07 -91.2345 37.5606 34.9319 4.2238
669.815 -92.2639 37.417 34.8871 4.10647
670.56 -93.3089 37.2625 34.8415 3.99018
671.306 -96.1026 38.7233 34.5211 3.81247
672.051 -99.2166 40.4663 34.1818 3.63732
672.796 -100.77 42.8823 33.8979 3.64067
673.542 -101.791 45.5698 33.6334 3.69139
674.287 -102.836 46.9016 33.4878 3.67036
675.032 -103.934 47.4373 33.4073 3.6109
675.778 -104.459 48.1573 33.3385 3.60437
676.523 -104.401 49.0515 33.2809 3.64863
677.268 -104.946 50.2376 33.1784 3.65653
678.014 -106.546 51.9668 33.0016 3.60435
678.759 -108.532 54.2414 32.7842 3.54322
679.504 -111.734 58.2654 32.435 3.45244
680.25 -114.76 62.2385 32.1277 3.36952
680.995 -115.761 62.5638 32.0942 3.32251
681.74 -116.777 62.8918 32.0606 3.27581
682.486 -116.803 63.6681 32.0243 3.29478
683.231 -116.789 64.4622 31.988 3.31572
683.976 -120.924 66.5245 31.802 3.14026
684.722 -126.227 68.9965 31.5878 2.93375
685.467 -128.531 71.9521 31.4216 2.88587
686.212 -129.379 75.1564 31.2772 2.90287
686.958 -130.475 80.3591 31.0534 2.9288
687.703 -131.506 87.3605 30.7736 2.95967
688.448 -132.448 93.1358 30.5585 2.96651
689.194 -133.671 96.994 30.4223 2.94494
689.939 -134.574 100.043 30.3214 2.92865
690.684 -134.873 100.855 30.3 2.92415
691.43 -135.516 102.723 30.2433 2.91127
692.175 -137.781 110.271 30.0108 2.85689
692.92 -139.809 118.363 29.7863 2.80297
693.666 -143.269 124.367 29.6383 2.71019
694.411 -146.779 130.87 29.4922 2.62008
695.156 -149.409 136.608 29.3745 2.55444
695.902 -151.913 142.571 29.261 2.49277
696.647 -153.535 145.303 29.2163 2.45702
697.392 -154.909 146.991 29.1927 2.42915
698.138 -157.838 148.748 29.1717 2.37285
698.883 -161.799 150.551 29.1517 2.30012
699.628 -160.821 157.685 29.0318 2.30549
700.374 -153.523 169.868 28.8141 2.38623
701.119 -145.792 179.958 28.6274 2.45464
701.864 -139.115 187.012 28.4903 2.50653
702.61 -133.727 193.128 28.3749 2.53584
703.355 -134.337 197.704 28.3274 2.4954
704.1 -134.7 201.412 28.2908 2.46521
704.846 -133.352 195.778 28.3547 2.52683
705.591 -131.958 190.394 28.4188 2.58936
706.336 -132.249 206.102 28.2341 2.46417
707.082 -131.157 224.409 28.0433 2.33732
707.827 -128.274 247.142 27.8385 2.19614
708.572 -122.112 273.026 27.6338 2.05749
709.318 -111.848 286.42 27.5009 2.02098
710.063 -100.433 292.975 27.399 2.02653
710.808 -96.6163 288.994 27.3924 2.07192
711.554 -98.5145 277.91 27.4582 2.14903
712.299 -98.2371 276.392 27.4679 2.16393
713.044 -95.1921 287.122 27.4042 2.09689
713.79 -85.4691 298.712 27.2963 2.04772
714.535 -60.0797 308.74 27.0893 2.03789
715.28 -32.7639 313.914 26.8846 2.03105
716.026 -3.68998 312.045 26.6714 2.03905
716.771 22.6752 305.562 26.47 2.04609
717.516 27.0184 302.768 26.4359 2.0578
718.262 31.2042 299.903 26.4019 2.06938
719.007 23.1349 311.507 26.4935 2.00732
719.752 12.1004 325.096 26.5988 1.93552
720.498 29.455 332.66 26.5051 1.85793
721.243 56.7603 334.682 26.3549 1.78149
721.988 83.4809 331.046 26.2081 1.71693
722.734 108.531 322.695 26.0645 1.65961
723.479 124.234 307.561 25.9352 1.65196
724.224 130.684 289.381 25.8189 1.68978
724.97 135.822 278.597 25.7409 1.70092
725.715 141.32 278.242 25.7238 1.67
726.46 143.493 275.001 25.7007 1.66868
727.206 135.905 263.99 25.6589 1.757
727.951 129.618 253.495 25.612 1.8418
728.696 127.515 241.697 25.5333 1.90531
729.442 125.365 230.893 25.4546 1.96741
730.187 141.234 214.549 25.2558 1.87581
730.932 153.603 196.801 25.0601 1.78622
731.678 159.618 186.364 24.9509 1.73117
732.423 164.055 177.197 24.8572 1.68276
733.168 166.436 172.165 24.8081 1.65376
733.914 168.13 168.707 24.7759 1.63209
734.659 168.791 167.009 24.7618 1.62353
735.404 168.801 166.529 24.7602 1.6239
736.15 170.899 164.665 24.7469 1.59878
736.895 175.31 161.01 24.7198 1.54427
737.641 178.403 153.992 24.6555 1.49353
738.386 178.359 141.263 24.5187 1.45056
739.131 175.771 130.786 24.3907 1.43365
739.876 167.18 125.787 24.2883 1.51318
740.622 159.827 121.518 24.194 1.5874
741.367 157.67 122.539 24.1992 1.62428
742.112 155.511 123.499 24.2042 1.66125
742.858 155.727 123.951 24.2151 1.6618
743.603 156.091 124.377 24.2265 1.66011
744.349 157.591 119.009 24.1627 1.60929
745.094 158.904 112.424 24.0821 1.5485
745.839 161.742 103.226 23.9801 1.43901
746.584 164.289 92.826 23.8679 1.31048
747.33 161.495 86.4147 23.7576 1.28097
748.075 155.567 83.2602 23.6498 1.32684
748.82 152.52 80.7275 23.5797 1.34059
749.566 152.807 78.8049 23.5587 1.3131
750.311 153.446 78.1823 23.5612 1.29696
751.057 155.014 80.6709 23.6193 1.30724
751.802 155.702 82.2013 23.6523 1.31725
752.547 152.145 78.6917 23.561 1.32513
753.293 148.762 75.3149 23.4694 1.33075
754.038 145.691 69.5187 23.3409 1.29371
754.783 142.594 64.2756 23.2151 1.25793
755.529 141.257 61.0292 23.1459 1.22351
756.274 140.035 58.0827 23.0825 1.18981
757.019 137.947 56.2202 23.018 1.18727
757.765 135.706 54.6995 22.9538 1.1929
758.51 133.159 54.5172 22.9025 1.23042
759.255 130.494 54.9314 22.8575 1.28381
760.001 130.347 54.073 22.8428 1.26929
760.746 132.318 52.0576 22.8542 1.19547
761.491 131.303 50.3796 22.8085 1.17646
762.237 126.298 49.3233 22.6817 1.23597
762.982 122.601 47.6582 22.5678 1.26167
763.727 121.314 44.5451 22.4834 1.2073
764.473 119.859 41.8177 22.4007 1.16165
765.218 117.847 40.3342 22.3225 1.15653
765.963 115.979 38.9468 22.2477 1.15048
766.709 116.705 37.9623 22.2544 1.11014
767.454 117.412 36.9554 22.2607 1.06974
768.199 118.264 36.6793 22.2836 1.04858
768.945 119.144 36.4738 22.3083 1.02935
769.69 118.497 36.6185 22.2946 1.04457
770.435 117.423 36.8515 22.2697 1.06955
771.181 115.66 35.6526 22.2 1.06382
771.926 113.579 33.809 22.1077 1.04221
772.671 111.037 32.0729 21.9991 1.02929
773.417 108.172 30.461 21.8769 1.02378
774.162 106.443 29.7918 21.8067 1.03064
774.907 106.196 30.3569 21.8102 1.05593
775.653 106.212 30.3787 21.8136 1.05713
776.398 106.902 28.98 21.8165 0.995696
777.143 107.456 27.8133 21.8196 0.945173
777.889 107.488 28.0623 21.8272 0.954313
778.634 107.503 28.3152 21.8343 0.96385
779.379 107.005 28.6521 21.8243 0.984896
780.125 106.507 28.9816 21.8143 1.00587
780.87 104.169 26.8368 21.6935 0.966442
781.615 101.737 24.6675 21.5644 0.922787
782.361 99.2929 23.759 21.4512 0.927041
783.106 96.957 23.1835 21.3437 0.94325
783.851 96.744 21.9161 21.3149 0.891896
784.597 97.5075 20.2475 21.3241 0.806353
785.342 97.049 20.9882 21.3177 0.847008
786.087 95.4583 23.6713 21.2955 0.994092
786.833 94.8121 24.8366 21.2911 1.0586
787.578 95.6474 24.0738 21.3157 1.00966
788.323 95.8953 23.3715 21.316 0.974728
789.069 94.7972 22.8872 21.2603 0.97358
789.814 93.4544 22.3276 21.1908 0.973136
790.559 90.9537 21.3905 21.057 0.975794
791.305 88.7163 20.4917 20.9312 0.97428
792.05 88.189 19.0816 20.8799 0.912552
792.795 87.6291 17.7239 20.8285 0.852148
793.541 87.8305 17.2069 20.8324 0.821955
794.286 88.0786 16.7391 20.8398 0.793667
795.031 88.3273 17.5539 20.8685 0.832913
795.777 88.551 18.6766 20.9016 0.88795
796.522 88.7539 18.3074 20.9077 0.865869
797.267 88.9307 17.2844 20.9016 0.810431
798.013 87.3575 16.6655 20.8104 0.804306
798.758 84.7027 16.34 20.6614 0.832093
799.503 83.0462 15.922 20.5616 0.837932
800.249 82.3826 15.4091 20.5158 0.820254
800.994 81.5133 15.1125 20.4609 0.818491
801.739 80.2658 15.1881 20.3888 0.846006
802.485 79.3882 14.9642 20.3325 0.848887
803.23 79.6112 13.7614 20.3268 0.770445
803.975 79.8348 12.7264 20.3257 0.702447
804.721 80.4421 13.1134 20.3716 0.717362
805.466 81.0599 13.5143 20.4179 0.73255
806.211 80.1127 14.9568 20.3865 0.837681
806.957 79.1002 16.3288 20.3522 0.942166
807.702 78.0564 15.6808 20.2757 0.923073
808.447 77.0345 14.808 20.1947 0.887779
809.193 76.3233 13.8836 20.132 0.841226
809.938 75.6989 12.9697 20.0751 0.792023
810.683 75.1146 12.7024 20.0324 0.784834
811.429 74.5623 12.7702 19.9974 0.80001
812.174 74.1559 12.684 19.9693 0.801973
812.919 73.8736 12.468 19.9473 0.792511
813.665 73.7235 12.1345 19.9324 0.772207
814.41 73.7493 11.633 19.9271 0.736734
815.155 73.6634 11.2751 19.9167 0.713236
815.901 73.3414 11.2449 19.8949 0.716959
816.646 72.8926 11.22 19.8639 0.723263
817.391 71.9122 11.2143 19.794 0.740324
818.137 70.9506 11.1627 19.7232 0.754068
818.882 69.8506 10.6623 19.6323 0.736231
819.627 68.794 10.1942 19.5433 0.718985
820.373 68.24 10.2298 19.5016 0.732138
821.118 67.7131 10.2782 19.4619 0.74605
821.863 67.8149 10.2225 19.4706 0.740117
822.609 68.0237 10.1482 19.4877 0.730766
823.354 68.2974 9.8761 19.5063 0.704535
824.099 68.5908 9.52936 19.5254 0.672261
824.845 68.7551 9.36697 19.5374 0.657018
825.59 68.846 9.31394 19.5453 0.651716
826.335 68.8435 9.3606 19.5475 0.655854
827.081 68.7555 9.49755 19.5443 0.668574
827.826 68.2815 9.5085 19.5083 0.677786
828.571 67.2928 9.34638 19.4269 0.681855
829.317 66.4004 9.1074 19.3505 0.677784
830.062 65.6638 8.69888 19.283 0.656262
830.807 64.9984 8.29567 19.2207 0.633143
831.553 64.5499 7.84674 19.1759 0.601702
832.298 64.1416 7.49801 19.136 0.577757
833.043 64.0995 7.98766 19.1416 0.622086
833.789 64.0467 8.47737 19.1466 0.666576
834.534 63.983 8.22347 19.1381 0.645602
835.279 63.9166 7.9598 19.1293 0.623701
836.025 64.0187 7.99441 19.1404 0.625451
836.77 64.145 8.07088 19.1543 0.630493
837.515 63.739 8.33171 19.1242 0.660814
838.261 63.1825 8.63162 19.0812 0.697809
839.006 62.5849 8.54834 19.0271 0.701504
839.751 61.9785 8.29016 18.9682 0.689211
840.497 61.3903 8.14832 18.9122 0.687038
841.242 60.8196 8.09015 18.8587 0.692338
841.987 60.4593 8.3986 18.8316 0.728849
842.733 60.3119 9.13227 18.8337 0.802199
843.478 60.1722 9.08725 18.8208 0.80118
844.223 60.0238 7.68072 18.7805 0.668925
844.969 59.8039 6.72039 18.7441 0.579413
845.714 59.5935 6.94664 18.7285 0.605383
846.459 59.3565 7.136 18.7097 0.628379
847.205 58.985 7.14603 18.6743 0.636135
847.95 58.6334 7.18703 18.6412 0.646742
848.695 58.5063 7.78615 18.6409 0.709536
849.441 58.3607 8.38079 18.6394 0.772404
850.186 57.8244 7.9882 18.5786 0.743996
850.931 57.2805 7.57097 18.5158 0.712296
851.677 57.1518 6.48379 18.484 0.602078
852.422 57.0259 5.30358 18.4537 0.480653
853.167 56.9698 5.62417 18.4538 0.515508
853.913 56.92 6.42131 18.4625 0.600393
854.658 56.7185 6.74525 18.4482 0.638256
855.403 56.4531 6.82293 18.4229 0.651548
856.149 56.1813 6.6624 18.3923 0.639708
856.894 55.9027 6.32681 18.3578 0.608968
857.639 55.7265 6.32661 18.3401 0.612302
858.385 55.6615 6.69908 18.3409 0.654005
859.13 55.5939 6.65087 18.334 0.650336
859.875 55.5124 5.90263 18.3134 0.570818
860.621 55.359 5.4881 18.2912 0.528277
861.366 55.0772 5.90608 18.2682 0.57898
862.112 54.7663 6.19469 18.2401 0.616462
862.857 54.3599 5.96498 18.192 0.59827
863.602 53.9921 5.77218 18.1486 0.583163
864.347 53.9316 5.85956 18.1444 0.594365
865.093 53.8708 5.94642 18.1402 0.605543
865.838 53.9153 5.51941 18.1392 0.556653
866.583 53.9492 5.09193 18.1375 0.507853
867.329 54.0209 5.28476 18.1498 0.528903
868.074 54.094 5.54244 18.1633 0.557172
868.82 53.877 5.54816 18.14 0.561643
869.565 53.6002 5.49859 18.1088 0.560812
870.31 53.371 5.49236 18.0836 0.564151
871.056 53.1607 5.50144 18.0606 0.568968
871.801 52.9104 5.38866 18.0308 0.560307
872.546 52.6395 5.21225 17.9974 0.544381
873.292 52.3901 5.04848 17.9665 0.529355
874.037 52.1577 4.89501 17.9377 0.515065
874.782 52.0661 4.81813 17.9267 0.507578
875.528 52.1328 4.82513 17.9359 0.507641
876.273 52.1195 4.88483 17.9363 0.515211
877.018 51.976 5.02808 17.9226 0.53482
877.764 51.8526 5.07484 17.9097 0.542661
878.509 51.7767 4.89962 17.8989 0.523103
879.254 51.6902 4.74698 17.8872 0.506326
880 51.5698 4.67208 17.8726 0.49937
880.745 51.4853 4.58545 17.8621 0.490397
881.49 51.6348 4.41311 17.8788 0.467572
882.236 51.7449 4.25322 17.8909 0.446939
882.981 51.123 4.38558 17.8182 0.472112
883.726 50.5218 4.5053 17.7469 0.496096
884.472 50.1641 4.3759 17.7013 0.485589
885.217 49.8212 4.2436 17.6571 0.47426
885.962 49.7284 4.05355 17.6436 0.451715
886.708 49.6644 3.8577 17.6338 0.4279
887.453 49.6559 3.76549 17.6325 0.41648
888.198 49.6604 3.69725 17.6332 0.407934
888.944 49.757 3.67704 17.6462 0.404314
889.689 49.8883 3.6742 17.6639 0.402466
890.434 49.8067 3.75196 17.6556 0.41363
891.18 49.6142 3.86939 17.6337 0.431408
891.925 49.3673 3.83996 17.6027 0.431246
892.67 49.0843 3.70959 17.5654 0.418485
893.416 48.7835 3.67575 17.5268 0.41835
894.161 48.4667 3.73044 17.487 0.430064
894.906 48.157 3.75344 17.4473 0.437639
895.652 47.8551 3.73805 17.4079 0.440065
896.397 47.6151 3.8099 17.3777 0.45337
897.142 47.4736 4.03362 17.3629 0.485868
897.888 47.4298 4.10941 17.3591 0.497003
898.633 47.6285 3.82648 17.3826 0.456039
899.378 47.7729 3.68211 17.4009 0.434776
900.124 47.7316 4.05247 17.4018 0.485294
900.869 47.6963 4.29572 17.4018 0.518701
901.614 47.7366 3.82999 17.401 0.455773
902.36 47.7488 3.39584 17.3976 0.397454
903.105 47.6137 3.31118 17.3793 0.387987
903.85 47.4765 3.22854 17.3606 0.378742
904.596 47.1655 3.17825 17.3186 0.375991
905.341 46.8613 3.12937 17.2772 0.37328
906.086 46.7118 3.06822 17.2567 0.366879
906.832 46.5711 3.0075 17.2373 0.360369
907.577 46.2535 3.04588 17.1944 0.369833
908.322 45.9208 3.09351 17.149 0.380935
909.068 45.8558 3.07195 17.1405 0.378901
909.813 45.8465 3.0362 17.1396 0.374138
910.558 45.8501 2.91054 17.1395 0.356457
911.304 45.8562 2.75707 17.1394 0.334792
912.049 45.8317 2.9122 17.1387 0.357282
912.794 45.7896 3.19653 17.1372 0.398372
913.54 45.7423 3.30177 17.1328 0.414147
914.285 45.6947 3.3086 17.127 0.415959
915.03 45.6206 3.21115 17.116 0.403263
915.776 45.5267 3.04231 17.1012 0.380547
916.521 45.3472 2.95187 17.0752 0.37002
917.266 45.0963 2.92941 17.0396 0.370105
918.012 44.8286 2.95964 17.0019 0.378078
918.757 44.5421 3.04436 16.9619 0.394409
919.502 44.3197 3.13406 16.9312 0.41083
920.248 44.1798 3.23373 16.9127 0.427741
920.993 44.0049 3.22977 16.8874 0.429833
921.738 43.7714 3.05641 16.8509 0.407332
922.484 43.614 3.03955 16.8278 0.407133
923.229 43.6096 3.34744 16.8324 0.453828
923.974 43.6427 3.47653 16.8401 0.472958
924.72 43.7897 3.11227 16.8577 0.416172
925.465 43.8837 2.75846 16.868 0.361979
926.21 43.8194 2.46725 16.8557 0.319153
926.956 43.7552 2.20875 16.8441 0.281057
927.701 43.7183 2.09011 16.8381 0.263672
928.446 43.6522 2.03613 16.8284 0.256302
929.192 43.3892 2.40775 16.7932 0.315628
929.937 43.132 2.73495 16.7586 0.368875
930.682 43.0087 2.74157 16.7405 0.371629
931.428 42.8894 2.73643 16.7229 0.372532
932.173 42.8296 2.47113 16.7112 0.332418
932.918 42.7643 2.20956 16.6989 0.292762
933.664 42.5582 2.3884 16.6696 0.323027
934.409 42.3524 2.56097 16.6403 0.352637
935.154 42.0961 2.38729 16.5986 0.328522
935.9 41.8413 2.20766 16.5569 0.303058
936.645 41.8084 2.26076 16.553 0.31204
937.39 41.7933 2.33264 16.5522 0.323828
938.136 42.0125 2.37435 16.5883 0.328063
938.881 42.2669 2.41336 16.6297 0.331399
939.626 42.3727 2.59995 16.6494 0.359591
940.372 42.4494 2.81504 16.6649 0.392449
941.117 42.1355 2.67706 16.6145 0.375058
941.862 41.746 2.4728 16.5509 0.347675
942.608 41.5924 2.33493 16.5254 0.327581
943.353 41.5003 2.2147 16.5099 0.309447
944.098 41.2948 2.60067 16.4822 0.374398
944.844 41.0325 3.12881 16.4479 0.46403
945.589 41.1711 2.78766 16.4661 0.406682
946.334 41.4306 2.10326 16.5004 0.29281
947.08 41.327 2.03612 16.4837 0.283185
947.825 41.0815 2.23058 16.4466 0.31762
948.57 40.9277 2.35481 16.4237 0.339875
949.316 40.8174 2.44675 16.4075 0.356459
950.061 40.7625 2.63982 16.4017 0.38905
950.806 40.7322 2.88668 16.4009 0.430218
951.552 40.6778 2.68938 16.3899 0.39866
952.297 40.5972 2.24068 16.3716 0.325731
953.042 40.436 2.41284 16.3476 0.356377
953.788 40.2092 2.95853 16.3182 0.450585
954.533 40.3179 2.61657 16.3321 0.392115
955.278 40.6008 1.63886 16.3688 0.226559
956.024 40.4048 1.50708 16.3358 0.206452
956.769 39.9033 1.97885 16.2568 0.290554
957.514 39.7183 2.0674 16.2271 0.307731
958.26 39.777 1.8816 16.2357 0.275674
959.005 39.8502 1.73157 16.2474 0.24963
959.75 39.9366 1.61038 16.2616 0.228445
960.496 39.858 1.9393 16.2521 0.284999
961.241 39.603 2.63326 16.2181 0.406135
961.986 39.5633 2.92831 16.2164 0.457111
962.732 39.7457 2.88754 16.2474 0.447509
963.477 39.8069 2.82756 16.2576 0.43657
964.222 39.7551 2.75189 16.2483 0.424662
964.968 39.7948 2.5157 16.2524 0.384209
965.713 39.9095 2.12285 16.2676 0.316405
966.458 39.8116 2.02805 16.2507 0.301573
967.204 39.5247 2.21315 16.2046 0.336547
967.949 39.1822 2.37906 16.1485 0.369496
968.694 38.793 2.52411 16.0835 0.400095
969.44 38.6775 2.4835 16.0634 0.394739
970.185 38.813 2.2701 16.0849 0.35573
970.93 38.66 2.15429 16.0573 0.337485
971.676 38.2495 2.13474 15.9852 0.339193
972.421 38.0282 2.0297 15.9451 0.323259
973.166 37.9692 1.84703 15.9331 0.291322
973.912 37.9741 1.77751 15.9339 0.278917
974.657 38.0394 1.80951 15.9465 0.284076
975.402 38.0985 1.82548 15.9579 0.286419
976.148 38.1521 1.82707 15.9681 0.286246
976.893 38.1467 1.82295 15.9678 0.285685
977.638 38.0915 1.81405 15.9584 0.284803
978.384 38.0687 1.77339 15.9545 0.277886
979.129 38.0715 1.70714 15.955 0.266112
979.874 38.1085 1.71714 15.9623 0.267641
980.62 38.1716 1.78575 15.9749 0.279363
981.365 37.9305 1.84022 15.9329 0.291811
982.11 37.4903 1.87935 15.8543 0.303891
982.856 37.2446 1.94567 15.8108 0.318968
983.601 37.1181 2.03042 15.7891 0.336189
984.346 36.9291 1.9804 15.7542 0.329378
985.092 36.7058 1.8552 15.7118 0.308858
985.837 36.6433 1.67362 15.6987 0.27573
986.583 36.6624 1.45862 15.7007 0.235427
987.328 36.6566 1.47057 15.7003 0.237822
988.073 36.639 1.59309 15.6988 0.26103
988.818 36.6976 1.7639 15.7122 0.292457
989.564 36.787 1.95933 15.7317 0.32798
990.309 36.8478 2.11882 15.7456 0.356995
991.055 36.897 2.26561 15.7572 0.383698
991.8 36.8988 2.12852 15.7563 0.358362
992.545 36.881 1.90302 15.7508 0.316834
993.291 36.8942 1.89379 15.7537 0.315074
994.036 36.9161 1.94039 15.7589 0.323577
994.781 36.9254 1.91433 15.7609 0.318743
995.527 36.932 1.87344 15.7623 0.311186
996.272 36.878 1.7805 15.7517 0.294642
997.017 36.8144 1.68116 15.7394 0.276943
997.763 36.6389 1.56996 15.7061 0.258061
998.508 36.4554 1.46179 15.6711 0.239604
999.253 36.5189 1.96243 15.689 0.333249
999.999 36.563 2.50324 15.7053 0.434234
