255.408 0.82923 1.68146 1.31173 0.916191
256.154 0.858915 1.72671 1.34357 0.920182
256.899 0.888686 1.7713 1.37456 0.92322
257.644 0.868251 1.73744 1.35021 0.918818
258.39 0.840205 1.69083 1.31686 0.912253
259.135 0.848228 1.75712 1.34946 0.934386
259.88 0.87109 1.86197 1.40588 0.962475
260.626 0.886634 1.88205 1.41975 0.961742
261.371 0.896758 1.84803 1.40652 0.944293
262.116 0.912039 1.83413 1.40466 0.931715
262.862 0.932624 1.84246 1.4148 0.92489
263.607 0.946875 1.84775 1.4212 0.919888
264.353 0.949119 1.84728 1.42077 0.918212
265.098 0.952837 1.85465 1.42433 0.918663
265.843 0.962178 1.89109 1.44267 0.926692
266.589 0.971115 1.92085 1.45784 0.93233
267.334 0.972594 1.87576 1.43746 0.915893
268.079 0.974646 1.83028 1.4175 0.898635
268.825 0.964996 1.92066 1.45256 0.933585
269.57 0.957257 2.01836 1.49272 0.968346
270.315 0.987201 1.98982 1.48829 0.945478
271.061 1.02626 1.93352 1.47534 0.909967
271.806 1.04646 1.91589 1.47348 0.895278
272.551 1.05762 1.9159 1.47616 0.890261
273.297 1.07324 1.92556 1.48425 0.886578
274.042 1.09247 1.94297 1.4966 0.883913
274.787 1.09874 1.95563 1.50278 0.885035
275.533 1.08697 1.96185 1.50066 0.891517
276.278 1.08663 1.95684 1.49752 0.889776
277.023 1.11521 1.92389 1.49228 0.86745
277.769 1.14115 1.90451 1.49198 0.850709
278.514 1.15118 1.95841 1.51543 0.863462
279.259 1.16191 2.01021 1.53825 0.874691
280.005 1.17428 1.9775 1.52813 0.859769
280.75 1.18701 1.94478 1.51842 0.844623
281.495 1.20033 1.90855 1.50787 0.828086
282.241 1.2141 1.87187 1.49767 0.811145
282.986 1.22203 1.87659 1.50111 0.809527
283.731 1.22804 1.89478 1.50889 0.812872
284.477 1.2406 1.87313 1.50409 0.801287
285.222 1.25766 1.82714 1.49224 0.780324
285.967 1.27437 1.81454 1.49243 0.770223
286.713 1.29025 1.83692 1.50457 0.771696
287.458 1.30241 1.84843 1.51167 0.770966
288.203 1.30773 1.84028 1.50976 0.766446
288.949 1.31628 1.82934 1.50796 0.759947
289.694 1.33629 1.80865 1.50656 0.746513
290.439 1.35625 1.79017 1.50605 0.733909
291.185 1.37441 1.79396 1.51235 0.729063
291.93 1.39253 1.79772 1.51858 0.724281
292.675 1.40828 1.7364 1.50333 0.699781
293.421 1.42506 1.6718 1.48817 0.673604
294.166 1.42884 1.64961 1.48213 0.665112
294.911 1.42961 1.63677 1.47797 0.660583
295.657 1.44018 1.60713 1.47219 0.647529
296.402 1.4556 1.56981 1.46606 0.630478
297.147 1.47565 1.53879 1.4636 0.614292
297.893 1.49936 1.51303 1.46408 0.599005
298.638 1.50783 1.48898 1.46001 0.58852
299.383 1.4947 1.46694 1.44917 0.584419
300.129 1.48403 1.43742 1.43722 0.576929
300.874 1.47998 1.38913 1.42286 0.560858
301.619 1.47669 1.34341 1.40974 0.54521
302.365 1.47532 1.31468 1.40177 0.535054
303.11 1.4741 1.28553 1.39388 0.524602
303.855 1.47264 1.23596 1.38127 0.506479
304.601 1.47171 1.18605 1.36918 0.487833
305.346 1.4438 1.14376 1.34874 0.47778
306.091 1.41197 1.10186 1.32679 0.468238
306.837 1.38588 1.04308 1.30353 0.450106
307.582 1.3622 0.9777 1.28019 0.427957
308.327 1.3312 0.948705 1.2612 0.421839
309.073 1.29499 0.943496 1.24446 0.426689
309.818 1.26653 0.913442 1.22596 0.419123
310.563 1.24725 0.855345 1.20621 0.396946
311.309 1.22473 0.810168 1.18769 0.380557
312.054 1.19508 0.791139 1.17058 0.376981
312.799 1.16024 0.769381 1.15039 0.372817
313.545 1.10587 0.7375 1.11882 0.366828
314.29 1.05182 0.704436 1.08657 0.359565
315.035 1.01147 0.663648 1.05948 0.345451
315.781 0.970833 0.622099 1.03196 0.330212
316.526 0.926877 0.585591 1.00324 0.317334
317.271 0.88231 0.548795 0.973848 0.303619
318.017 0.827695 0.512575 0.93858 0.290736
318.762 0.769992 0.475892 0.900867 0.276991
319.507 0.710177 0.448751 0.862311 0.26812
320.253 0.648815 0.426307 0.822419 0.2615
320.998 0.590912 0.405 0.783807 0.254518
321.743 0.536099 0.384697 0.746366 0.247202
322.489 0.481728 0.365695 0.708476 0.240084
323.234 0.428423 0.348921 0.670637 0.233792
323.979 0.374495 0.333311 0.63156 0.227838
324.725 0.319991 0.32158 0.591436 0.224235
325.47 0.264652 0.31019 0.549666 0.220559
326.215 0.207599 0.302312 0.505738 0.219328
326.961 0.149789 0.294315 0.459938 0.217785
327.706 0.0920628 0.2932 0.413424 0.221586
328.451 0.0335691 0.292178 0.364871 0.225563
329.197 -0.0202944 0.295023 0.319201 0.232558
329.942 -0.0739195 0.298625 0.272528 0.240443
330.687 -0.126981 0.303314 0.225167 0.249562
331.433 -0.180229 0.308521 0.176368 0.259545
332.178 -0.231749 0.318022 0.128346 0.273936
332.923 -0.282169 0.330724 0.0805442 0.292042
333.669 -0.331735 0.34324 0.032432 0.310675
334.414 -0.380105 0.355441 -0.015611 0.329648
335.159 -0.426625 0.367931 -0.0627282 0.349487
335.905 -0.468385 0.380665 -0.105588 0.369676
336.65 -0.509391 0.393097 -0.148451 0.390164
337.395 -0.545438 0.403108 -0.186847 0.407738
338.141 -0.581854 0.413332 -0.226259 0.426191
338.886 -0.619442 0.424032 -0.267616 0.446036
339.631 -0.657389 0.434964 -0.31006 0.466895
340.377 -0.698408 0.446168 -0.35697 0.489468
341.122 -0.740132 0.457658 -0.405588 0.513369
341.867 -0.778738 0.467631 -0.451488 0.535378
342.613 -0.816696 0.477319 -0.497433 0.557553
343.358 -0.847695 0.48337 -0.535853 0.573655
344.103 -0.874807 0.487344 -0.570143 0.586248
344.849 -0.907174 0.490809 -0.612279 0.599866
345.594 -0.944858 0.493799 -0.662727 0.614647
346.339 -0.983934 0.498673 -0.715621 0.632883
347.085 -1.02511 0.50678 -0.771695 0.656975
347.83 -1.06694 0.515267 -0.829817 0.682544
348.575 -1.10983 0.52434 -0.890649 0.710099
349.321 -1.15253 0.532251 -0.952984 0.73656
350.066 -1.18953 0.526182 -1.01236 0.739238
350.811 -1.227 0.520099 -1.0737 0.741689
351.557 -1.26327 0.529207 -1.12921 0.768799
352.302 -1.29978 0.539267 -1.18596 0.798227
353.047 -1.34463 0.542463 -1.26102 0.819178
353.793 -1.39177 0.544572 -1.34271 0.839023
354.538 -1.44587 0.553331 -1.43775 0.873502
355.283 -1.50333 0.565808 -1.5419 0.916868
356.029 -1.55193 0.576112 -1.63345 0.953845
356.774 -1.59336 0.584477 -1.71432 0.985089
357.519 -1.63275 0.590175 -1.79459 1.01037
358.265 -1.66932 0.591887 -1.87269 1.02595
359.01 -1.70672 0.595399 -1.95485 1.04559
359.755 -1.74589 0.602888 -2.04328 1.07524
360.501 -1.78723 0.613067 -2.14019 1.11296
361.246 -1.84077 0.636627 -2.27024 1.19174
361.991 -1.89382 0.660537 -2.40666 1.27797
362.737 -1.94811 0.684407 -2.55494 1.37256
363.482 -2.00209 0.708388 -2.71092 1.47679
364.227 -2.04563 0.725126 -2.84396 1.55996
364.973 -2.08775 0.740873 -2.97867 1.64546
365.718 -2.12725 0.747352 -3.11667 1.70041
366.463 -2.1659 0.750634 -3.26057 1.74549
367.209 -2.20193 0.76367 -3.3919 1.83213
367.954 -2.23636 0.782933 -3.51442 1.95097
368.699 -2.27852 0.801557 -3.67557 2.0855
369.445 -2.3293 0.81946 -3.88537 2.2415
370.19 -2.38117 0.83737 -4.1114 2.4168
370.935 -2.43496 0.855339 -4.35945 2.61658
371.681 -2.48625 0.872555 -4.60747 2.83042
372.426 -2.52672 0.886874 -4.80683 3.02191
373.171 -2.56659 0.900497 -5.01055 3.22487
373.917 -2.59501 0.90464 -5.17368 3.34368
374.662 -2.62358 0.908736 -5.34335 3.47015
375.407 -2.65956 0.915992 -5.56147 3.6562
376.153 -2.69628 0.923439 -5.79301 3.86276
376.898 -2.74789 0.942447 -6.09956 4.25478
377.643 -2.80367 0.964521 -6.4299 4.75018
378.389 -2.8621 0.987972 -6.77289 5.34888
379.134 -2.92218 1.01227 -7.11231 6.06129
379.879 -2.97345 1.03406 -7.36412 6.76505
380.625 -3.01672 1.05356 -7.52788 7.43591
381.37 -3.05873 1.06999 -7.67941 8.12507
382.116 -3.0986 1.08152 -7.84398 8.80021
382.861 -3.1351 1.09039 -7.98909 9.45632
383.606 -3.16126 1.09141 -8.15883 9.90653
384.352 -3.19024 1.09463 -8.30286 10.4629
385.097 -3.23861 1.1138 -8.22213 11.6123
385.842 -3.28741 1.13318 -7.98557 12.8598
386.587 -3.35193 1.15345 -7.54326 14.6273
387.333 -3.41736 1.17401 -6.69402 16.5251
388.078 -3.47825 1.19979 -5.23814 18.1882
388.824 -3.53884 1.22681 -3.30704 19.5521
389.569 -3.59666 1.24715 -1.28633 20.5928
390.314 -3.65373 1.26496 0.89759 21.2647
391.06 -3.69871 1.27549 2.64574 21.5681
391.805 -3.73497 1.2807 4.03436 21.7106
392.55 -3.77245 1.2906 5.50994 21.4876
393.296 -3.81138 1.30637 6.96568 20.8412
394.041 -3.85268 1.32393 8.32742 19.9582
394.786 -3.89888 1.34529 9.59573 18.7811
395.532 -3.94926 1.36584 10.7188 17.5021
396.277 -4.01791 1.38166 12.058 15.9848
397.022 -4.08707 1.39833 12.9839 14.3753
397.768 -4.15045 1.42931 13.2095 12.7496
398.513 -4.21443 1.46081 13.2231 11.3136
399.258 -4.27021 1.47804 13.2782 10.2919
400.004 -4.32561 1.49397 13.2586 9.37885
400.749 -4.37062 1.51019 13.1354 8.70163
401.494 -4.41275 1.52659 12.9766 8.12484
402.24 -4.45112 1.54297 12.7986 7.64671
402.985 -4.48743 1.55937 12.6132 7.23329
403.73 -4.53448 1.57266 12.4661 6.73808
404.476 -4.59239 1.58282 12.3351 6.17611
405.221 -4.65293 1.59882 12.1247 5.64799
405.966 -4.71763 1.62499 11.8164 5.15521
406.712 -4.78627 1.65402 11.492 4.69962
407.457 -4.8666 1.69165 11.1105 4.24105
408.202 -4.94599 1.72822 10.7635 3.85356
408.948 -5.00935 1.74849 10.5487 3.57499
409.693 -5.07334 1.76905 10.3393 3.32241
410.438 -5.13409 1.7936 10.1263 3.11561
411.184 -5.19525 1.81863 9.92172 2.92791
411.929 -5.24504 1.84208 9.75145 2.79726
412.674 -5.29272 1.86541 9.5932 2.68369
413.42 -5.34198 1.88205 9.46226 2.56328
414.165 -5.39216 1.89579 9.34374 2.44411
414.91 -5.45382 1.91806 9.18764 2.31192
415.656 -5.52484 1.94736 9.00718 2.17538
416.401 -5.60025 1.97505 8.83535 2.03866
417.146 -5.68152 2.00033 8.67096 1.89869
417.892 -5.76466 2.03207 8.49961 1.77647
418.637 -5.85093 2.07931 8.30585 1.67822
419.382 -5.93607 2.12523 8.1302 1.5899
420.128 -6.01089 2.15936 7.9965 1.51422
420.873 -6.08621 2.19397 7.86908 1.44425
421.618 -6.15051 2.22445 7.76488 1.39146
422.364 -6.21537 2.25537 7.66454 1.34171
423.109 -6.27607 2.27244 7.59031 1.28843
423.854 -6.3367 2.28783 7.52062 1.23693
424.6 -6.39648 2.31625 7.4386 1.20013
425.345 -6.45627 2.34933 7.35477 1.16899
426.09 -6.53162 2.3815 7.26384 1.12221
426.836 -6.61723 2.41334 7.17007 1.06809
427.581 -6.70347 2.45082 7.07517 1.02128
428.326 -6.79027 2.49449 6.97936 0.981389
429.072 -6.88406 2.5405 6.88246 0.939882
429.817 -6.99045 2.59035 6.7806 0.893885
430.562 -7.09483 2.64222 6.68452 0.854076
431.308 -7.18786 2.69849 6.59711 0.827202
432.053 -7.27983 2.75469 6.51516 0.802489
432.798 -7.34888 2.79699 6.45702 0.786635
433.544 -7.41848 2.83995 6.40058 0.77136
434.289 -7.50138 2.86611 6.35012 0.741652
435.034 -7.58596 2.89161 6.30105 0.712403
435.78 -7.66498 2.92706 6.2508 0.691832
436.525 -7.74324 2.96534 6.20134 0.673803
437.27 -7.82424 3.00458 6.15222 0.655675
438.016 -7.907 3.04465 6.10395 0.637902
438.761 -8.00084 3.09486 6.04907 0.619723
439.506 -8.10447 3.15424 5.9894 0.601466
440.252 -8.21095 3.21582 5.93084 0.583717
440.997 -8.32112 3.28012 5.87298 0.566307
441.742 -8.43345 3.34554 5.81695 0.549334
442.488 -8.54943 3.41151 5.76247 0.532124
443.233 -8.66667 3.4791 5.70981 0.515837
443.978 -8.78417 3.54874 5.65901 0.500822
444.724 -8.90299 3.61992 5.60988 0.486524
445.469 -8.98162 3.66649 5.57945 0.478805
446.214 -9.06094 3.71379 5.54964 0.471298
446.96 -9.16223 3.75599 5.51735 0.456922
447.705 -9.26798 3.79805 5.48525 0.442029
448.45 -9.37895 3.84822 5.45115 0.428212
449.196 -9.49274 3.90205 5.41687 0.415116
449.941 -9.60077 3.96855 5.38206 0.406396
450.686 -9.70507 4.04419 5.34725 0.400489
451.432 -9.81902 4.12239 5.31158 0.393049
452.177 -9.94426 4.20353 5.2749 0.383972
452.922 -10.0754 4.28825 5.23818 0.374633
453.668 -10.217 4.37848 5.20046 0.364481
454.413 -10.3553 4.4696 5.1648 0.355499
455.158 -10.4738 4.55681 5.13417 0.349811
455.904 -10.5936 4.64667 5.10412 0.344361
456.649 -10.7166 4.74911 5.0728 0.340081
457.394 -10.8408 4.85396 5.04227 0.335906
458.14 -10.9707 4.92348 5.01776 0.326808
458.885 -11.1026 4.99156 4.99411 0.317629
459.63 -11.2297 5.04287 4.97421 0.307725
460.376 -11.3568 5.09034 4.95543 0.297845
461.121 -11.4825 5.17962 4.93176 0.292877
461.866 -11.6077 5.29219 4.90596 0.290369
462.612 -11.7217 5.38583 4.8846 0.287446
463.357 -11.8255 5.46173 4.86706 0.284176
464.102 -11.9602 5.55402 4.84536 0.27871
464.848 -12.1435 5.6724 4.81739 0.270008
465.593 -12.3154 5.79041 4.79166 0.262922
466.338 -12.4477 5.90011 4.77094 0.259657
467.084 -12.582 6.01015 4.75079 0.256253
467.829 -12.7217 6.10725 4.73228 0.251433
468.574 -12.863 6.20652 4.71407 0.246741
469.32 -13.0409 6.3563 4.68937 0.242048
470.065 -13.2214 6.51103 4.66518 0.237503
470.81 -13.3747 6.66985 4.6433 0.235637
471.556 -13.5241 6.83275 4.62218 0.234216
472.301 -13.6797 6.97766 4.60304 0.231214
473.046 -13.8389 7.11758 4.58485 0.227681
473.792 -13.9922 7.2436 4.56871 0.223994
474.537 -14.1417 7.36014 4.55402 0.220224
475.282 -14.2971 7.49033 4.53855 0.21673
476.028 -14.4594 7.63718 4.52215 0.213542
476.773 -14.6262 7.80142 4.50498 0.210803
477.518 -14.8003 7.99978 4.48592 0.208904
478.264 -14.9785 8.19648 4.4676 0.206587
479.009 -15.1713 8.36606 4.45122 0.202369
479.754 -15.3656 8.53872 4.43526 0.198266
480.5 -15.5444 8.68306 4.42208 0.194259
481.245 -15.7256 8.83101 4.40907 0.190347
481.99 -15.8923 9.05105 4.39301 0.189458
482.736 -16.0579 9.28335 4.37694 0.18883
483.481 -16.2581 9.52692 4.36002 0.186555
484.226 -16.4694 9.7796 4.34312 0.183889
484.972 -16.648 9.99342 4.32958 0.181861
485.717 -16.8093 10.1871 4.31787 0.180178
486.462 -16.9979 10.3849 4.3058 0.17732
487.208 -17.2136 10.5878 4.2934 0.17341
487.953 -17.418 10.8202 4.28044 0.17065
488.698 -17.6002 11.0983 4.2665 0.169639
489.444 -17.7824 11.3636 4.25363 0.168296
490.189 -17.9654 11.5717 4.24348 0.165944
490.934 -18.1517 11.7973 4.23295 0.163756
491.68 -18.3527 12.1282 4.21872 0.162529
492.425 -18.5532 12.4696 4.20474 0.161319
493.17 -18.7787 12.7828 4.19203 0.158776
493.916 -19.0061 13.1053 4.17954 0.156264
494.661 -19.2162 13.4177 4.1681 0.154183
495.406 -19.4237 13.7357 4.15698 0.152212
496.152 -19.6924 14.1031 4.14428 0.148824
496.897 -19.9883 14.5009 4.13109 0.144948
497.642 -20.2015 14.9067 4.11897 0.143473
498.388 -20.3492 15.3187 4.10767 0.143683
499.133 -20.4722 15.7206 4.09721 0.144267
499.878 -20.5648 16.1044 4.08773 0.145317
500.624 -20.7122 16.4803 4.07848 0.144766
501.369 -20.9947 16.8307 4.06959 0.140764
502.115 -21.2685 17.2157 4.06032 0.137231
502.86 -21.4823 17.7226 4.04899 0.135556
503.605 -21.6916 18.2381 4.03802 0.133894
504.35 -21.8952 18.5576 4.03161 0.131723
505.096 -22.0999 18.8853 4.02526 0.129586
505.841 -22.2569 19.4451 4.01472 0.128914
506.587 -22.3996 20.0453 4.00391 0.128392
507.332 -22.5362 20.5738 3.99488 0.127688
508.077 -22.6672 21.09 3.98643 0.126939
508.823 -22.8447 21.6527 3.97752 0.125304
509.568 -23.0464 22.2527 3.9684 0.123204
510.313 -23.1936 22.8717 3.95942 0.121892
511.059 -23.283 23.5072 3.95056 0.121325
511.804 -23.4282 24.2553 3.9405 0.119679
512.549 -23.6744 25.2007 3.9284 0.116272
513.294 -23.842 26.0913 3.91769 0.113869
514.04 -23.8032 26.6849 3.91092 0.114395
514.785 -23.7453 27.315 3.90387 0.114902
515.531 -23.6236 28.1977 3.89397 0.115368
516.276 -23.4673 29.096 3.88422 0.115807
517.021 -23.652 29.6996 3.87897 0.113124
517.767 -23.845 30.3114 3.8739 0.110382
518.512 -24.0622 31.2287 3.86613 0.106604
519.257 -24.2693 32.244 3.85791 0.102704
520.003 -24.2256 32.9597 3.85211 0.101929
520.748 -24.0672 33.5388 3.84735 0.102454
521.493 -23.6441 34.2808 3.84048 0.104509
522.239 -22.9926 35.129 3.83205 0.107668
522.984 -22.5835 35.9434 3.82493 0.108621
523.729 -22.5218 36.7502 3.81945 0.106798
524.475 -22.4266 37.6446 3.81348 0.104814
525.22 -22.2694 38.7273 3.80635 0.102424
525.965 -22.021 39.8693 3.79891 0.10026
526.711 -21.4562 41.1886 3.78961 0.0990212
527.456 -20.8154 42.5023 3.78055 0.0978284
528.201 -20.3385 43.3933 3.77474 0.0972727
528.947 -19.8215 44.2836 3.76899 0.0967232
529.692 -19.2743 45.6195 3.76143 0.0941972
530.437 -18.6464 47.0264 3.75374 0.0915037
531.183 -17.429 47.9963 3.74557 0.0925744
531.928 -16.0012 48.7546 3.73734 0.0947443
532.673 -15.0255 49.5842 3.73104 0.0947007
533.419 -14.2971 50.4832 3.72588 0.0933906
534.164 -13.3516 51.6234 3.71941 0.0913675
534.909 -12.1343 53.0001 3.71162 0.0886489
535.655 -10.9582 54.0594 3.70511 0.0869485
536.4 -10.0086 54.5829 3.70075 0.0869608
537.145 -8.94802 55.095 3.69601 0.0869957
537.891 -7.56235 55.625 3.68995 0.087112
538.636 -6.16612 56.0927 3.68403 0.0871704
539.381 -4.93825 56.575 3.67897 0.0867296
540.127 -3.68244 57.004 3.67395 0.0862933
540.872 -2.37364 57.1821 3.66891 0.0867001
541.617 -1.06091 57.2921 3.66391 0.0871329
542.363 -0.0634759 58.011 3.66034 0.08479
543.108 0.915487 58.8564 3.65707 0.0818836
543.853 2.67222 59.2277 3.65083 0.0805251
544.599 4.76503 59.265 3.64333 0.0798657
545.344 6.41791 59.1395 3.63753 0.0796763
546.089 7.70901 58.9254 3.63306 0.0798538
546.835 9.12998 58.7095 3.62814 0.0796497
547.58 10.7389 58.4871 3.6226 0.078933
548.325 12.4182 58.0213 3.61653 0.0786219
549.071 14.2533 57.0675 3.60909 0.0792826
549.816 15.9552 56.1204 3.60201 0.0796426
550.561 17.4798 55.6211 3.5965 0.0784747
551.307 18.9591 55.0495 3.59106 0.0773115
552.052 20.3652 54.7434 3.58664 0.0752427
552.797 21.7528 54.3662 3.58226 0.0732084
553.543 23.038 53.5361 3.57702 0.072438
554.288 24.2448 52.6074 3.57172 0.071841
555.033 25.0458 51.4746 3.56675 0.0727134
555.779 25.6689 50.2965 3.56193 0.0740509
556.524 26.6543 49.378 3.55705 0.0733216
557.269 27.8488 48.5692 3.55215 0.0713381
558.015 28.5997 47.5865 3.54756 0.0710651
558.76 28.8876 46.4809 3.5433 0.072593
559.505 29.3413 45.572 3.53939 0.0729683
560.251 30.1503 44.9697 3.53609 0.0712218
560.996 30.9074 44.3109 3.53273 0.0696325
561.741 31.5475 43.5219 3.52903 0.0685621
562.487 32.1231 42.7221 3.52539 0.0676159
563.232 32.3652 41.9179 3.5221 0.0679881
563.977 32.5823 41.1266 3.51883 0.0683531
564.723 32.7349 39.9435 3.51373 0.0692566
565.468 32.8438 38.778 3.50857 0.0701683
566.213 33.2693 37.8942 3.50445 0.0691516
566.959 33.7396 37.0681 3.50061 0.0677001
567.704 34.0694 36.2953 3.49709 0.0667732
568.449 34.3216 35.5551 3.49375 0.0661007
569.195 34.597 34.6794 3.48968 0.0651724
569.94 34.8732 33.6953 3.48502 0.0640359
570.685 35.1657 32.6427 3.47997 0.0625569
571.431 35.487 31.483 3.47433 0.060582
572.176 35.5431 30.4975 3.46941 0.0599223
572.921 35.0418 29.9414 3.46625 0.0626885
573.667 34.6298 29.3443 3.46282 0.0649283
574.412 34.6624 28.3878 3.45764 0.0640532
575.157 34.663 27.4633 3.45252 0.0631942
575.903 34.6967 26.4834 3.44704 0.0618141
576.648 34.6943 25.5372 3.44162 0.0604647
577.393 34.6824 24.9742 3.43852 0.0597868
578.139 34.6631 24.4768 3.4358 0.0592161
578.884 34.6064 23.9906 3.43302 0.0588367
579.629 34.5322 23.5158 3.43025 0.0585285
580.375 34.327 22.9515 3.42649 0.0587518
581.12 34.0369 22.3429 3.4221 0.0593203
581.865 33.7842 21.8686 3.41861 0.0599749
582.611 33.5755 21.5344 3.41612 0.0607361
583.356 33.3722 21.1838 3.41348 0.0613813
584.101 33.1765 20.7927 3.41053 0.0618013
584.847 33.0267 20.3575 3.40738 0.061693
585.592 33.053 19.7042 3.40333 0.0594297
586.337 33.0581 19.0817 3.39942 0.0572746
587.083 33.0523 18.7233 3.39731 0.0561927
587.828 33.0403 18.37 3.39521 0.0551216
588.573 32.9104 17.9537 3.39213 0.0545278
589.319 32.7676 17.5433 3.38899 0.0539799
590.064 32.5599 17.1196 3.38539 0.053751
590.809 32.3356 16.7041 3.38169 0.0536068
591.555 32.0653 16.3278 3.37796 0.0539333
592.3 31.7752 15.978 3.37422 0.0544974
593.045 31.5082 15.6721 3.37085 0.0551008
593.791 31.2621 15.4045 3.36781 0.0557405
594.536 31.0741 15.0803 3.36464 0.0555684
595.281 30.9686 14.6634 3.36123 0.054128
596.027 30.8052 14.2469 3.35743 0.0530268
596.772 30.4876 13.8138 3.35239 0.0528814
597.517 30.2084 13.4228 3.34783 0.052637
598.263 30.1845 13.2098 3.34641 0.0516399
599.008 30.1581 12.9992 3.34499 0.0506503
599.753 29.935 12.7018 3.34143 0.0504767
600.499 29.7108 12.4129 3.33786 0.0503203
601.244 29.4316 12.1638 3.33409 0.0508568
601.989 29.1488 11.9289 3.33031 0.0515049
602.735 28.979 11.6915 3.32739 0.0512034
603.48 28.8529 11.456 3.32481 0.0505259
604.225 28.6839 11.298 3.32245 0.0508267
604.971 28.4865 11.1956 3.32025 0.0518346
605.716 28.3315 10.9943 3.3176 0.0516001
606.461 28.2236 10.6724 3.31437 0.0498232
607.207 28.096 10.4178 3.31148 0.0487637
607.952 27.9327 10.3008 3.30933 0.0492706
608.697 27.8086 10.1711 3.30743 0.0493246
609.443 27.8616 9.96912 3.30669 0.0472149
610.188 27.8987 9.76903 3.30584 0.0452313
610.933 27.6127 9.62855 3.30217 0.0463797
611.679 27.3348 9.49189 3.29853 0.0475017
612.424 27.1383 9.31339 3.29535 0.0475077
613.169 26.9532 9.13533 3.29224 0.0473923
613.915 26.8206 9.08164 3.29069 0.0481929
614.66 26.7045 9.06476 3.28961 0.0492673
615.405 26.6003 8.89294 3.28736 0.0485021
616.151 26.5002 8.63615 3.28444 0.0466883
616.896 26.3314 8.43381 3.28115 0.0460053
617.641 26.0995 8.28526 3.2775 0.0464393
618.387 25.8968 8.12369 3.27403 0.0464469
619.132 25.7384 7.93622 3.27084 0.0457253
619.878 25.6081 7.78059 3.26823 0.0451282
620.623 25.5687 7.71662 3.26753 0.0449218
621.368 25.5118 7.64754 3.26656 0.0447879
622.113 25.2824 7.5236 3.26287 0.0453616
622.859 25.0591 7.40341 3.25921 0.0459197
623.604 24.8669 7.22144 3.2554 0.0453502
624.349 24.6793 7.04315 3.25161 0.0447403
625.095 24.604 6.90257 3.24969 0.0436669
625.84 24.5519 6.7712 3.24817 0.042501
626.586 24.4532 6.67874 3.2463 0.0422601
627.331 24.3348 6.60471 3.24427 0.0424368
628.076 24.1673 6.48652 3.24113 0.0423585
628.822 23.9626 6.33605 3.2371 0.0420771
629.567 23.7931 6.23964 3.234 0.0422904
630.312 23.6693 6.21285 3.23216 0.0431863
631.057 23.5717 6.1812 3.23068 0.0437836
631.803 23.5374 6.13723 3.23007 0.0436418
632.548 23.4904 6.08168 3.22916 0.0434192
633.294 23.3697 5.95814 3.22648 0.042727
634.039 23.2501 5.83834 3.22383 0.0420536
634.784 23.1172 5.75973 3.22128 0.0421428
635.53 22.9865 5.68295 3.21875 0.0422291
636.275 22.8529 5.59935 3.21608 0.0422109
637.02 22.7208 5.51663 3.21341 0.0421771
637.766 22.644 5.42281 3.21158 0.0414575
638.511 22.5859 5.32604 3.21004 0.0405065
639.256 22.506 5.26938 3.20844 0.040428
640.002 22.4129 5.23835 3.20682 0.0409081
640.747 22.3055 5.16554 3.20457 0.0407586
641.492 22.182 5.04813 3.20162 0.0399175
642.238 22.0843 4.96724 3.19943 0.0394958
642.983 22.0353 4.95284 3.19869 0.0398773
643.728 21.988 4.9363 3.19796 0.0402034
644.474 21.9465 4.91105 3.19726 0.0403156
645.219 21.8971 4.88278 3.19637 0.0404355
645.964 21.7343 4.80956 3.19295 0.0406702
646.71 21.5752 4.73837 3.18956 0.0408965
647.455 21.4531 4.65037 3.1867 0.0404591
648.2 21.3353 4.56344 3.18391 0.03998
648.946 21.2903 4.47059 3.18249 0.0387352
649.691 21.2628 4.37676 3.18142 0.037303
650.436 21.2107 4.29977 3.18 0.0363997
651.182 21.1465 4.23205 3.17841 0.0357691
651.927 21.0167 4.18571 3.17563 0.0361095
652.672 20.8316 4.15769 3.1718 0.0372925
653.418 20.6853 4.12701 3.16872 0.0380987
654.163 20.5939 4.09275 3.16675 0.0383594
654.908 20.5123 4.05476 3.16493 0.0384501
655.654 20.4562 4.00511 3.16355 0.0380617
656.399 20.4027 3.95412 3.16222 0.037611
657.144 20.3661 3.88879 3.16112 0.0366914
657.89 20.3293 3.82428 3.16003 0.0357791
658.635 20.1506 3.76259 3.15578 0.0361043
659.38 19.9754 3.70285 3.15156 0.0364313
660.126 19.8985 3.66611 3.14974 0.0364396
660.871 19.8386 3.63363 3.14834 0.0363941
661.616 19.7946 3.61433 3.1474 0.0365153
662.362 19.757 3.60021 3.14666 0.0367013
663.107 19.6996 3.59359 3.14551 0.0372301
663.852 19.6285 3.59212 3.14408 0.0379983
664.598 19.5619 3.54915 3.14238 0.0377442
665.343 19.4997 3.45669 3.14035 0.0362534
666.088 19.4224 3.38854 3.13816 0.0354502
666.834 19.3138 3.37 3.1356 0.0361052
667.579 19.2242 3.35212 3.13349 0.0366158
668.324 19.2134 3.33701 3.13334 0.0365211
669.07 19.2023 3.32046 3.13317 0.0363907
669.815 19.1856 3.27074 3.13258 0.0354817
670.56 19.1687 3.22139 3.13199 0.0345769
671.306 19.064 3.14095 3.12894 0.0336067
672.051 18.9525 3.0601 3.12568 0.0326508
672.796 18.8514 3.04064 3.12316 0.0331616
673.542 18.7545 3.03814 3.12087 0.0340791
674.287 18.7001 3.01656 3.11951 0.0341466
675.032 18.6691 2.98468 3.11866 0.033745
675.778 18.6399 2.97117 3.11802 0.0338067
676.523 18.6125 2.97531 3.11757 0.0343178
677.268 18.5714 2.96558 3.11663 0.0345764
678.014 18.5075 2.93284 3.11489 0.0344114
678.759 18.4298 2.89557 3.11273 0.0342307
679.504 18.3078 2.84317 3.10922 0.0339977
680.25 18.1991 2.79495 3.10607 0.0337498
680.995 18.1834 2.76957 3.10565 0.0333473
681.74 18.1677 2.74436 3.10523 0.0329461
682.486 18.1485 2.7418 3.10491 0.0331993
683.231 18.1293 2.74 3.10459 0.0334729
683.976 18.0656 2.66457 3.10241 0.0320521
684.722 17.9932 2.57689 3.09989 0.0303276
685.467 17.9312 2.54626 3.09811 0.0301141
686.212 17.8741 2.53931 3.09664 0.0305327
686.958 17.7886 2.53264 3.09435 0.0311885
687.703 17.6828 2.52589 3.09144 0.0320115
688.448 17.6004 2.51336 3.08915 0.0324768
689.194 17.5471 2.49378 3.08763 0.0324945
689.939 17.5061 2.47747 3.0865 0.0325036
690.684 17.4932 2.46835 3.08626 0.032494
691.43 17.4679 2.45501 3.08561 0.0324579
692.175 17.381 2.42046 3.08294 0.032288
692.92 17.2965 2.38638 3.08032 0.0321006
693.666 17.2409 2.34095 3.07847 0.0313198
694.411 17.1858 2.29649 3.07663 0.0305505
695.156 17.14 2.26196 3.07515 0.0300003
695.902 17.0956 2.22904 3.07372 0.0294802
696.647 17.0754 2.20822 3.07313 0.0291385
697.392 17.0626 2.19112 3.07281 0.0288517
698.138 17.0519 2.16375 3.07247 0.0282248
698.883 17.0421 2.13044 3.07211 0.0274003
699.628 16.9928 2.12202 3.0707 0.0276597
700.374 16.9046 2.13786 3.06823 0.0289924
701.119 16.8281 2.15071 3.0661 0.0301501
701.864 16.7705 2.15949 3.06452 0.0310353
702.61 16.7217 2.16082 3.06316 0.0316135
703.355 16.7005 2.13858 3.0625 0.031205
704.1 16.683 2.12057 3.06199 0.0309002
704.846 16.6999 2.14018 3.0629 0.0315411
705.591 16.7169 2.16002 3.0638 0.0321871
706.336 16.6475 2.10196 3.06128 0.030994
707.082 16.5758 2.04281 3.05866 0.0297596
707.827 16.4991 1.97751 3.05581 0.0283331
708.572 16.4222 1.91281 3.05294 0.0268975
709.318 16.3685 1.88916 3.05114 0.0266433
710.063 16.325 1.88263 3.04982 0.0268863
710.808 16.3162 1.8947 3.04981 0.0274948
711.554 16.3339 1.92128 3.05081 0.028392
712.299 16.3325 1.92231 3.05096 0.0285699
713.044 16.3061 1.88988 3.05001 0.0278029
713.79 16.2623 1.86271 3.0485 0.0273402
714.535 16.1793 1.84713 3.04572 0.0275667
715.28 16.0968 1.8329 3.04295 0.0278333
716.026 16.0102 1.82422 3.04004 0.0283242
716.771 15.9278 1.81575 3.03726 0.0287907
717.516 15.91 1.81467 3.03681 0.0290176
718.262 15.8922 1.81359 3.03636 0.0292436
719.007 15.9253 1.78807 3.03752 0.0282072
719.752 15.964 1.75939 3.03886 0.0270228
720.498 15.9261 1.72196 3.03742 0.0261042
721.243 15.8664 1.68301 3.03519 0.0252811
721.988 15.8074 1.64868 3.03301 0.0246036
722.734 15.7493 1.61722 3.03086 0.0240108
723.479 15.6949 1.60563 3.02898 0.0241039
724.224 15.6439 1.61238 3.02735 0.0248413
724.97 15.6088 1.61007 3.02622 0.025133
725.715 15.5991 1.59333 3.02592 0.0247068
726.46 15.586 1.58805 3.02558 0.0247251
727.206 15.5626 1.61738 3.02511 0.0260971
727.951 15.5376 1.64524 3.02457 0.0274324
728.696 15.5007 1.66386 3.02352 0.0285195
729.442 15.464 1.68206 3.02247 0.0295955
730.187 15.3843 1.63617 3.01931 0.0286058
730.932 15.3054 1.59095 3.01615 0.0276108
731.678 15.2597 1.56196 3.01437 0.0269641
732.423 15.2199 1.53607 3.01283 0.0263823
733.168 15.1974 1.5193 3.01201 0.0260174
733.914 15.1814 1.50601 3.01147 0.025735
734.659 15.1723 1.49856 3.01123 0.0256254
735.404 15.1679 1.49508 3.01121 0.0256341
736.15 15.1596 1.48107 3.01095 0.0252628
736.895 15.1467 1.4549 3.01044 0.0244516
737.641 15.1188 1.4291 3.00934 0.0237566
738.386 15.0615 1.40412 3.00709 0.0232943
739.131 15.0068 1.3899 3.00501 0.0232282
739.876 14.9594 1.41551 3.00349 0.0246843
740.622 14.9155 1.4394 3.00208 0.0260579
741.367 14.913 1.45116 3.00224 0.02665
742.112 14.9104 1.46293 3.00239 0.027243
742.858 14.9113 1.46014 3.00257 0.0272312
743.603 14.9125 1.45647 3.00275 0.0271822
744.349 14.8846 1.4309 3.00161 0.0264726
745.094 14.8502 1.40081 3.00018 0.0256222
745.839 14.8085 1.3503 2.99831 0.0239906
746.584 14.7632 1.29157 2.99623 0.0220304
747.33 14.7157 1.2731 2.99433 0.0217047
748.075 14.6668 1.28556 2.99258 0.0226506
748.82 14.6343 1.28611 2.9914 0.0229987
749.566 14.6232 1.27123 2.991 0.0225629
750.311 14.6213 1.26172 2.99102 0.0222827
751.057 14.6414 1.26467 2.99203 0.0223659
751.802 14.6513 1.26677 2.9926 0.0224837
752.547 14.6104 1.26442 2.99106 0.0227648
753.293 14.5694 1.2612 2.9895 0.023011
754.038 14.5144 1.23947 2.98721 0.0225798
754.783 14.4604 1.2183 2.98496 0.0221575
755.529 14.4296 1.1993 2.98369 0.0216616
756.274 14.4011 1.18077 2.98251 0.0211641
757.019 14.3713 1.17512 2.98137 0.0212181
757.765 14.3413 1.1729 2.98023 0.0214181
758.51 14.3158 1.18433 2.97937 0.0221717
759.255 14.2926 1.20259 2.97865 0.0232056
760.001 14.2837 1.19349 2.97836 0.022969
760.746 14.2874 1.16048 2.97844 0.0216205
761.491 14.2658 1.14869 2.97759 0.0213492
762.237 14.2083 1.1674 2.97538 0.0226342
762.982 14.157 1.17253 2.97334 0.0232975
763.727 14.1202 1.14499 2.97169 0.0224371
764.473 14.0837 1.1211 2.97008 0.0217249
765.218 14.048 1.11436 2.96861 0.0217555
765.963 14.0138 1.10734 2.9672 0.0217632
766.709 14.0147 1.08809 2.96726 0.0209924
767.454 14.0155 1.06883 2.96732 0.0202213
768.199 14.0228 1.05815 2.96771 0.0197887
768.945 14.0308 1.04836 2.96815 0.0193912
769.69 14.0217 1.05199 2.96791 0.0196973
770.435 14.0076 1.05943 2.96748 0.0202043
771.181 13.9756 1.0528 2.96616 0.0202013
771.926 13.9344 1.03891 2.96437 0.0199298
772.671 13.8861 1.02825 2.96228 0.0198451
773.417 13.8317 1.02039 2.95991 0.0199222
774.162 13.7989 1.0192 2.95855 0.0201624
774.907 13.7969 1.0278 2.95866 0.0206503
775.653 13.7956 1.02616 2.95873 0.0206682
776.398 13.7957 0.997959 2.95869 0.0194664
777.143 13.7955 0.974421 2.95868 0.0184769
777.889 13.7958 0.976315 2.95884 0.0186443
778.634 13.7957 0.978365 2.95899 0.0188201
779.379 13.7882 0.984847 2.95883 0.0192445
780.125 13.7807 0.991305 2.95866 0.0196681
780.87 13.7278 0.969372 2.95624 0.0190739
781.615 13.6713 0.94537 2.95362 0.0183953
782.361 13.6202 0.942186 2.95137 0.0186414
783.106 13.5712 0.944334 2.94923 0.0191245
783.851 13.5575 0.919555 2.94857 0.0181263
784.597 13.5611 0.88112 2.94864 0.0163796
785.342 13.5547 0.896376 2.94856 0.0172124
786.087 13.5389 0.956831 2.94833 0.0202278
786.833 13.5329 0.982345 2.94834 0.0215435
787.578 13.542 0.959969 2.94876 0.0205115
788.323 13.5404 0.943047 2.94871 0.0198035
789.069 13.5141 0.939259 2.94758 0.0198658
789.814 13.4818 0.935473 2.94616 0.0199642
790.559 13.4217 0.931553 2.94341 0.0202287
791.305 13.365 0.92608 2.9408 0.0203977
792.05 13.3418 0.896321 2.93963 0.019186
792.795 13.3186 0.867092 2.93846 0.0179918
793.541 13.3185 0.852279 2.9385 0.0173504
794.286 13.32 0.838399 2.93862 0.0167447
795.031 13.329 0.854246 2.93927 0.0175313
795.777 13.3395 0.876964 2.94005 0.0186382
796.522 13.3402 0.865763 2.94014 0.0181672
797.267 13.3365 0.839918 2.93994 0.0170146
798.013 13.2949 0.83329 2.93801 0.0170082
798.758 13.2273 0.840012 2.93489 0.0178035
799.503 13.1815 0.838477 2.93276 0.0180712
800.249 13.1596 0.827991 2.93174 0.0177557
800.994 13.1334 0.824238 2.93055 0.0177955
801.739 13.099 0.832898 2.92903 0.0184992
802.485 13.072 0.831204 2.9278 0.0186463
803.23 13.0691 0.795097 2.92756 0.0169344
803.975 13.0679 0.763685 2.92745 0.0154438
804.721 13.0853 0.76966 2.92847 0.015713
805.466 13.1029 0.775737 2.9295 0.0159855
806.211 13.0845 0.819179 2.92896 0.0183209
806.957 13.0651 0.86234 2.92838 0.0206568
807.702 13.0299 0.850799 2.92667 0.0203645
808.447 12.993 0.832068 2.92482 0.0197166
809.193 12.9643 0.808749 2.92336 0.0187804
809.938 12.9382 0.78435 2.92201 0.0177662
810.683 12.9174 0.778696 2.92105 0.0176667
811.429 12.8995 0.783062 2.92028 0.0180591
812.174 12.8849 0.781783 2.91965 0.0181449
812.919 12.8733 0.775616 2.91914 0.0179635
813.665 12.8651 0.764834 2.91877 0.0175256
814.41 12.8614 0.747588 2.9186 0.0167292
815.155 12.8551 0.735513 2.91833 0.0162105
815.901 12.8433 0.735186 2.91784 0.0163241
816.646 12.8274 0.735811 2.91715 0.0165093
817.391 12.7941 0.740372 2.91557 0.0169954
818.137 12.7605 0.743502 2.91397 0.0174116
818.882 12.7185 0.732263 2.91184 0.0171289
819.627 12.6773 0.721319 2.90974 0.0168525
820.373 12.6565 0.724891 2.90878 0.0172199
821.118 12.6365 0.728867 2.90787 0.0176047
821.863 12.6385 0.725004 2.90806 0.0174522
822.609 12.6443 0.719797 2.90845 0.0172077
823.354 12.6511 0.707133 2.90885 0.0165653
824.099 12.6583 0.69182 2.90926 0.0157826
824.845 12.6619 0.683938 2.90952 0.0154099
825.59 12.6635 0.680392 2.9097 0.0152756
826.335 12.6624 0.680913 2.90975 0.0153697
827.081 12.6588 0.68513 2.9097 0.0156714
827.826 12.6406 0.687126 2.90886 0.0159348
828.571 12.6025 0.68595 2.90695 0.0161395
829.317 12.5666 0.681283 2.90514 0.0161463
830.062 12.535 0.669026 2.9035 0.0157233
830.807 12.5058 0.656148 2.90197 0.01525
831.553 12.4845 0.639893 2.90085 0.0145487
832.298 12.4652 0.627081 2.89986 0.0140176
833.043 12.4649 0.645781 2.90005 0.0150846
833.789 12.4644 0.664525 2.90023 0.0161549
834.534 12.4591 0.653721 2.89999 0.0156586
835.279 12.4538 0.642504 2.89975 0.0151394
836.025 12.4568 0.642265 2.90002 0.0151676
836.77 12.4611 0.643552 2.90037 0.0152717
837.515 12.4452 0.655278 2.89968 0.0160459
838.261 12.4234 0.66978 2.89868 0.0170045
839.006 12.3973 0.669221 2.89737 0.0171732
839.751 12.3693 0.661426 2.89591 0.0169576
840.497 12.3424 0.658234 2.89453 0.0169851
841.242 12.3165 0.658461 2.89321 0.0171944
841.987 12.3019 0.673229 2.8926 0.0181415
842.733 12.2998 0.705081 2.89277 0.0199597
843.478 12.2922 0.703225 2.89244 0.0199564
844.223 12.2746 0.641831 2.89123 0.0167258
844.969 12.2581 0.599669 2.8902 0.0145361
845.714 12.2488 0.609952 2.88984 0.0152072
846.459 12.2381 0.618847 2.8894 0.0158096
847.205 12.2203 0.620584 2.88852 0.0160533
847.95 12.2035 0.623667 2.8877 0.0163673
848.695 12.2005 0.650904 2.88779 0.0179542
849.441 12.1972 0.67814 2.88785 0.019544
850.186 12.1684 0.663231 2.88627 0.0189262
850.931 12.1389 0.646774 2.88462 0.0182203
851.677 12.1246 0.595188 2.88364 0.0154479
852.422 12.1114 0.538473 2.88272 0.0123681
853.167 12.1091 0.553239 2.88276 0.0132641
853.913 12.1099 0.590838 2.88309 0.0154336
854.658 12.1011 0.606699 2.88277 0.0164258
855.403 12.0878 0.611246 2.88214 0.0168045
856.149 12.0725 0.604316 2.88134 0.0165437
856.894 12.0557 0.588736 2.8804 0.0157975
857.639 12.0459 0.588917 2.87994 0.0159085
858.385 12.044 0.606848 2.88003 0.016989
859.13 12.0393 0.604038 2.87984 0.0169042
859.875 12.0296 0.566545 2.8792 0.0148669
860.621 12.0187 0.545815 2.87857 0.0137869
861.366 12.0058 0.567479 2.87803 0.0151391
862.112 11.9908 0.58307 2.87735 0.0161577
862.857 11.9676 0.573013 2.87606 0.0157481
863.602 11.9464 0.564429 2.87489 0.01541
864.347 11.9428 0.568493 2.8748 0.0157113
865.093 11.9392 0.572548 2.8747 0.0160123
865.838 11.9379 0.549264 2.87461 0.0147225
866.583 11.9364 0.526023 2.87451 0.0134352
867.329 11.9401 0.534872 2.87486 0.0139763
868.074 11.9443 0.547016 2.87525 0.0147048
868.82 11.9321 0.547721 2.87464 0.0148532
869.565 11.9163 0.545893 2.87381 0.0148723
870.31 11.9032 0.54607 2.87315 0.0149942
871.056 11.8912 0.546968 2.87254 0.0151529
871.801 11.8762 0.541615 2.87174 0.014962
872.546 11.8597 0.532888 2.87083 0.0145805
873.292 11.8443 0.524611 2.86998 0.0142175
874.037 11.8299 0.516702 2.86919 0.0138697
874.782 11.8235 0.512197 2.86888 0.0136817
875.528 11.8262 0.511478 2.86913 0.0136722
876.273 11.8248 0.514053 2.86915 0.0138753
877.018 11.8167 0.521913 2.86881 0.0144205
877.764 11.8092 0.524411 2.86847 0.0146485
878.509 11.8031 0.514413 2.86815 0.0141348
879.254 11.7966 0.505678 2.86781 0.0136963
880 11.7886 0.501394 2.86741 0.013526
880.745 11.7825 0.496257 2.86712 0.0132956
881.49 11.789 0.485221 2.86754 0.0126584
882.236 11.7934 0.475131 2.86785 0.0120872
882.981 11.7584 0.484623 2.8659 0.0128507
883.726 11.7238 0.493659 2.86399 0.0135897
884.472 11.7017 0.487293 2.86272 0.0133569
885.217 11.6801 0.480569 2.86149 0.0130977
885.962 11.6729 0.46916 2.86109 0.0124908
886.708 11.6673 0.457227 2.8608 0.0118433
887.453 11.6655 0.45114 2.86075 0.0115288
888.198 11.6646 0.446414 2.86076 0.0112917
888.944 11.6693 0.444159 2.86112 0.0111784
889.689 11.676 0.442798 2.8616 0.0111095
890.434 11.6707 0.446993 2.86138 0.0114261
891.18 11.6589 0.454016 2.8608 0.0119404
891.925 11.6433 0.452666 2.85994 0.0119695
892.67 11.625 0.445428 2.85889 0.0116549
893.416 11.6059 0.443984 2.85781 0.011692
894.161 11.586 0.447996 2.85671 0.0120628
894.906 11.5662 0.450121 2.85561 0.0123195
895.652 11.5466 0.449884 2.8545 0.0124325
896.397 11.5312 0.45483 2.85366 0.0128434
897.142 11.5226 0.468896 2.85328 0.0137818
897.888 11.5193 0.473237 2.85319 0.0141022
898.633 11.5295 0.453869 2.8538 0.0129131
899.378 11.5369 0.443562 2.8543 0.012291
900.124 11.5353 0.466149 2.85438 0.0137167
900.869 11.5336 0.480817 2.85442 0.0146598
901.614 11.5328 0.451022 2.85432 0.0128839
902.36 11.5308 0.423328 2.85416 0.01124
903.105 11.5212 0.417954 2.85363 0.0109908
903.85 11.5114 0.412679 2.8531 0.0107475
904.596 11.4907 0.410053 2.8519 0.0107106
905.341 11.4703 0.40746 2.85071 0.010674
906.086 11.4597 0.40348 2.85012 0.0105108
906.832 11.4496 0.399469 2.84956 0.0103428
907.577 11.4282 0.402512 2.84834 0.0106564
908.322 11.4058 0.406301 2.84704 0.0110222
909.068 11.4006 0.40454 2.84679 0.0109721
909.813 11.399 0.401628 2.84676 0.0108351
910.558 11.398 0.392733 2.84674 0.0103235
911.304 11.3971 0.381996 2.84672 0.00969638
912.049 11.3951 0.391746 2.84672 0.0103481
912.794 11.3926 0.410112 2.84671 0.011539
913.54 11.3892 0.416691 2.8466 0.0120005
914.285 11.3852 0.416777 2.84644 0.0120594
915.03 11.3791 0.410065 2.84611 0.0117035
915.776 11.3714 0.398654 2.84565 0.0110598
916.521 11.3582 0.39274 2.84489 0.01078
917.266 11.3405 0.391621 2.84385 0.0108182
918.012 11.3216 0.394152 2.84275 0.0110899
918.757 11.3016 0.400562 2.84159 0.0116119
919.502 11.2859 0.40716 2.84071 0.0121297
920.248 11.2759 0.414163 2.84018 0.0126505
920.993 11.2629 0.414176 2.83944 0.0127423
921.738 11.245 0.402563 2.83833 0.0121172
922.484 11.233 0.401541 2.83764 0.0121376
923.229 11.2335 0.422792 2.83783 0.0135226
923.974 11.2357 0.431187 2.83809 0.0140818
924.72 11.2435 0.404259 2.83854 0.0123721
925.465 11.2478 0.378487 2.83879 0.0107516
926.21 11.2415 0.357727 2.83838 0.00949112
926.956 11.2355 0.339179 2.838 0.00836774
927.701 11.2319 0.330378 2.83781 0.00785469
928.446 11.2263 0.326198 2.83752 0.00764215
929.192 11.2079 0.352792 2.83651 0.00944161
929.937 11.1899 0.376615 2.83553 0.0110695
930.682 11.1803 0.377073 2.83499 0.0111711
931.428 11.1709 0.376676 2.83446 0.0112169
932.173 11.1648 0.35716 2.83407 0.0100207
932.918 11.1585 0.337847 2.83366 0.00883599
933.664 11.1433 0.351043 2.8328 0.00977608
934.409 11.1281 0.36396 2.83194 0.0107014
935.154 11.1077 0.351531 2.83065 0.0100094
935.9 11.0874 0.338445 2.82936 0.00927057
936.645 11.0844 0.342052 2.82925 0.00954874
937.39 11.0828 0.347019 2.82923 0.00991008
938.136 11.0986 0.348912 2.83034 0.0100052
938.881 11.1169 0.350445 2.8316 0.0100673
939.626 11.1247 0.363326 2.83223 0.0109029
940.372 11.1305 0.378316 2.83273 0.011881
941.117 11.1061 0.36902 2.83119 0.0114092
941.862 11.0755 0.354855 2.82921 0.0106408
942.608 11.0627 0.344554 2.82841 0.0100505
943.353 11.0546 0.335294 2.82792 0.00950834
944.098 11.0398 0.364937 2.82713 0.0115334
944.844 11.0217 0.406179 2.82619 0.0143389
945.589 11.0298 0.378844 2.82668 0.0125464
946.334 11.0462 0.325206 2.82762 0.00900548
947.08 11.0375 0.319938 2.82709 0.00872348
947.825 11.0186 0.335125 2.82598 0.00981847
948.57 11.0065 0.344787 2.82529 0.0105291
949.316 10.9977 0.351874 2.82481 0.0110598
950.061 10.9936 0.366621 2.82467 0.012077
950.806 10.9918 0.385457 2.82469 0.0133549
951.552 10.9859 0.369962 2.82431 0.0123891
952.297 10.9771 0.334901 2.82366 0.0101417
953.042 10.9644 0.348546 2.82295 0.0111209
953.788 10.9486 0.392129 2.82214 0.014098
954.533 10.9547 0.364186 2.8225 0.0122536
955.278 10.973 0.286154 2.82349 0.00705672
956.024 10.9568 0.275746 2.82245 0.006451
956.769 10.9174 0.313905 2.82004 0.00914738
957.514 10.9022 0.321172 2.81912 0.0097157
958.26 10.9057 0.305634 2.81936 0.00869672
959.005 10.9106 0.29299 2.81971 0.00786654
959.75 10.9166 0.282688 2.82014 0.00718926
960.496 10.9104 0.308772 2.81989 0.00897656
961.241 10.8921 0.365098 2.81894 0.0128316
961.986 10.8899 0.388659 2.81895 0.014443
962.732 10.9036 0.383906 2.81992 0.0140976
963.477 10.9076 0.378344 2.82022 0.0137399
964.222 10.9024 0.372153 2.81992 0.0133773
964.968 10.9037 0.352639 2.82 0.0120992
965.713 10.9107 0.320378 2.8204 0.00995044
966.458 10.9019 0.312726 2.81985 0.00949975
967.204 10.8788 0.328234 2.81843 0.0106482
967.949 10.8511 0.342743 2.81669 0.0117537
968.694 10.8191 0.356121 2.81466 0.0128069
969.44 10.8087 0.352925 2.81401 0.0126603
970.185 10.8184 0.334188 2.81465 0.0113861
970.93 10.8046 0.324804 2.81374 0.0108315
971.676 10.7694 0.32442 2.81143 0.0109631
972.421 10.7496 0.315981 2.81011 0.0104895
973.166 10.7434 0.300211 2.80969 0.00946475
973.912 10.743 0.293874 2.8097 0.00906118
974.657 10.748 0.296025 2.81012 0.00921727
975.402 10.7525 0.296821 2.81049 0.00928292
976.148 10.7565 0.296409 2.81082 0.00926804
976.893 10.7554 0.295699 2.81081 0.00925023
977.638 10.7501 0.294742 2.8105 0.0092301
978.384 10.7474 0.29098 2.81037 0.00900943
979.129 10.7469 0.284963 2.81038 0.00862746
979.874 10.7495 0.285338 2.81062 0.0086708
980.62 10.7544 0.290603 2.81103 0.00903927
981.365 10.7335 0.295635 2.80968 0.00948077
982.11 10.6951 0.300144 2.80713 0.00994959
982.856 10.6734 0.306468 2.80572 0.0104878
983.601 10.6621 0.31405 2.80503 0.0110774
984.346 10.6446 0.310048 2.80387 0.0108906
985.092 10.6237 0.299417 2.80244 0.0102554
985.837 10.6169 0.283028 2.80197 0.00916773
986.583 10.6175 0.263364 2.80201 0.00782651
987.328 10.6164 0.264102 2.802 0.00790643
988.073 10.6146 0.274779 2.80197 0.00867902
988.818 10.6198 0.289531 2.80244 0.00971069
989.564 10.628 0.306273 2.80312 0.0108686
990.309 10.6335 0.319831 2.80361 0.0118133
991.055 10.638 0.332249 2.80403 0.0126816
991.8 10.6369 0.319756 2.80397 0.0118459
992.545 10.6339 0.29951 2.80374 0.0104795
993.291 10.6344 0.298297 2.80384 0.0104184
994.036 10.636 0.301993 2.80402 0.0106939
994.781 10.6362 0.299309 2.80408 0.0105321
995.527 10.636 0.295325 2.80411 0.0102812
996.272 10.6304 0.286955 2.80375 0.00974496
997.017 10.6239 0.278016 2.80333 0.00917099
997.763 10.6073 0.2683 2.8022 0.00857418
998.508 10.59 0.258755 2.80102 0.00798879
999.253 10.5969 0.303217 2.80171 0.0110898
999.999 10.6031 0.35108 2.80238 0.0144244
