255.408 1.09445 1.61409 1.22477 0.456259
256.154 1.13814 1.64855 1.24053 0.454135
256.899 1.18189 1.68173 1.25564 0.451686
257.644 1.15008 1.65352 1.24353 0.452648
258.39 1.10698 1.61481 1.22674 0.453712
259.135 1.13578 1.6769 1.24514 0.460153
259.88 1.19338 1.77188 1.27533 0.466172
260.626 1.21526 1.78484 1.2817 0.464057
261.371 1.21287 1.7464 1.27332 0.45759
262.116 1.22256 1.72617 1.27087 0.451932
262.862 1.24495 1.72593 1.27477 0.447481
263.607 1.26004 1.72486 1.27716 0.444356
264.353 1.26148 1.72233 1.27675 0.443625
265.098 1.26703 1.72688 1.27847 0.443402
265.843 1.28806 1.75747 1.28799 0.444905
266.589 1.30652 1.78161 1.2957 0.445667
267.334 1.29153 1.73654 1.28425 0.440517
268.079 1.27744 1.69109 1.27285 0.434855
268.825 1.2987 1.77964 1.29341 0.446893
269.57 1.326 1.87473 1.31616 0.457909
270.315 1.34341 1.83507 1.31131 0.448003
271.061 1.3595 1.76644 1.3011 0.43324
271.806 1.3716 1.74156 1.29851 0.426678
272.551 1.38137 1.7365 1.29917 0.424049
273.297 1.39859 1.73889 1.30248 0.421414
274.042 1.42182 1.74715 1.30786 0.418773
274.787 1.43134 1.75549 1.31083 0.418583
275.533 1.42192 1.76427 1.31059 0.421801
276.278 1.41911 1.75862 1.30895 0.421362
277.023 1.43317 1.7172 1.30401 0.411681
277.769 1.44951 1.68952 1.30201 0.403988
278.514 1.47653 1.73407 1.31421 0.407265
279.259 1.50386 1.7762 1.32588 0.409863
280.005 1.50259 1.74116 1.31961 0.404174
280.75 1.50185 1.70622 1.31351 0.398296
281.495 1.50063 1.66816 1.30688 0.391824
282.241 1.49992 1.62982 1.30037 0.38508
282.986 1.50781 1.63051 1.30179 0.38397
283.731 1.51845 1.64383 1.30574 0.3847
284.477 1.52166 1.61959 1.30232 0.379847
285.222 1.52107 1.57257 1.29467 0.371343
285.967 1.53104 1.55537 1.29374 0.366625
286.713 1.55137 1.56917 1.29952 0.366093
287.458 1.56495 1.57456 1.30274 0.365047
288.203 1.56621 1.56501 1.30141 0.363143
288.949 1.56941 1.55204 1.29993 0.360308
289.694 1.57949 1.5271 1.29797 0.354209
290.439 1.59022 1.50429 1.29652 0.348401
291.185 1.60624 1.50128 1.29899 0.345551
291.93 1.62215 1.49828 1.30143 0.342745
292.675 1.61621 1.44069 1.29207 0.332754
293.421 1.61084 1.38043 1.28263 0.32186
294.166 1.60705 1.36008 1.27904 0.318399
294.911 1.60343 1.34854 1.27669 0.316629
295.657 1.60348 1.32014 1.27283 0.310967
296.402 1.60569 1.28414 1.26849 0.303417
297.147 1.61363 1.25244 1.26598 0.295942
297.893 1.62608 1.22443 1.26498 0.288642
298.638 1.62636 1.20195 1.26221 0.283976
299.383 1.60934 1.18663 1.25672 0.282869
300.129 1.59263 1.16442 1.25042 0.280216
300.874 1.57713 1.12493 1.24228 0.273595
301.619 1.56326 1.08741 1.23477 0.267023
302.365 1.55515 1.06359 1.23016 0.262688
303.11 1.54724 1.03939 1.22556 0.258179
303.855 1.53495 0.998349 1.21812 0.250232
304.601 1.52346 0.956959 1.21091 0.241925
305.346 1.49151 0.927217 1.20016 0.238349
306.091 1.45661 0.898192 1.18864 0.235079
306.837 1.42371 0.853601 1.17584 0.227541
307.582 1.39228 0.802657 1.16269 0.217866
308.327 1.36117 0.783174 1.15269 0.215938
309.073 1.32945 0.784413 1.14446 0.219447
309.818 1.30031 0.763138 1.13452 0.216727
310.563 1.275 0.716289 1.123 0.206503
311.309 1.24924 0.680682 1.11245 0.199087
312.054 1.22109 0.6682 1.10332 0.198203
312.799 1.1881 0.653834 1.0925 0.197174
313.545 1.13683 0.632792 1.07548 0.195812
314.29 1.08554 0.61007 1.05787 0.193771
315.035 1.04541 0.578426 1.0425 0.187688
315.781 1.00509 0.545622 1.02673 0.180908
316.526 0.962413 0.5171 1.01032 0.175367
317.271 0.919205 0.487844 0.993375 0.16929
318.017 0.866967 0.45933 0.973043 0.163849
318.762 0.811768 0.429911 0.95108 0.157907
319.507 0.755048 0.408683 0.928628 0.154656
320.253 0.696818 0.391296 0.905243 0.152688
320.998 0.641488 0.374248 0.88231 0.150387
321.743 0.588771 0.357514 0.85979 0.147767
322.489 0.536196 0.341559 0.836749 0.145215
323.234 0.484387 0.327296 0.813507 0.143093
323.979 0.431657 0.313809 0.78924 0.141173
324.725 0.378086 0.303794 0.764125 0.140713
325.47 0.323278 0.293841 0.73764 0.140255
326.215 0.266381 0.287145 0.709524 0.141443
326.961 0.208224 0.280107 0.679772 0.142532
327.706 0.149741 0.279861 0.649357 0.147213
328.451 0.0899285 0.279622 0.617126 0.15224
329.197 0.0344317 0.283259 0.586516 0.159322
329.942 -0.021276 0.287681 0.55482 0.167272
330.687 -0.0768383 0.293257 0.522247 0.17636
331.433 -0.133043 0.299424 0.488217 0.186424
332.178 -0.187786 0.310237 0.454531 0.199946
332.923 -0.241705 0.324628 0.420813 0.216607
333.669 -0.295073 0.338975 0.386478 0.2342
334.414 -0.347488 0.35312 0.351794 0.252589
335.159 -0.398184 0.367707 0.317479 0.27213
335.905 -0.443872 0.38263 0.28614 0.2921
336.65 -0.488953 0.397338 0.254533 0.312862
337.395 -0.528719 0.409347 0.225879 0.331324
338.141 -0.569062 0.421691 0.196264 0.351088
338.886 -0.610892 0.434686 0.16498 0.372768
339.631 -0.653304 0.448046 0.132667 0.396036
340.377 -0.69941 0.461877 0.0965635 0.422091
341.122 -0.746528 0.476144 0.0588734 0.450372
341.867 -0.790284 0.488664 0.0228725 0.47741
342.613 -0.833468 0.500898 -0.0134541 0.505414
343.358 -0.868788 0.508768 -0.0445599 0.527286
344.103 -0.899715 0.514135 -0.0729161 0.545658
344.849 -0.936896 0.519027 -0.108495 0.567094
345.594 -0.980456 0.523466 -0.151977 0.592117
346.339 -1.02577 0.530127 -0.197566 0.62186
347.085 -1.07367 0.540635 -0.245331 0.65915
347.83 -1.12252 0.551587 -0.295233 0.699864
348.575 -1.17282 0.563221 -0.347799 0.744969
349.321 -1.22311 0.573409 -0.40279 0.791275
350.066 -1.26685 0.566651 -0.463432 0.813633
350.811 -1.31122 0.559736 -0.527636 0.837291
351.557 -1.35417 0.57099 -0.577877 0.886747
352.302 -1.39754 0.583315 -0.628869 0.941127
353.047 -1.45118 0.587154 -0.704414 0.995869
353.793 -1.50774 0.589384 -0.789722 1.05527
354.538 -1.57313 0.59924 -0.885711 1.14245
355.283 -1.64313 0.613083 -0.989599 1.25168
356.029 -1.70261 0.624087 -1.08256 1.35285
356.774 -1.75354 0.632639 -1.16627 1.44579
357.519 -1.80208 0.637653 -1.25416 1.53564
358.265 -1.8471 0.637527 -1.34779 1.61574
359.01 -1.89355 0.639228 -1.44565 1.70954
359.755 -1.94294 0.645411 -1.54512 1.82911
360.501 -1.99588 0.654435 -1.64954 1.97666
361.246 -2.06694 0.678973 -1.75613 2.23272
361.991 -2.13888 0.703968 -1.85066 2.52873
362.737 -2.21401 0.728825 -1.93188 2.87764
363.482 -2.29031 0.754092 -1.98024 3.27952
364.227 -2.35244 0.771211 -2.00264 3.63577
364.973 -2.41335 0.787346 -1.99199 4.01617
365.718 -2.46987 0.790811 -2.02082 4.38784
366.463 -2.5253 0.789703 -2.05152 4.78784
367.209 -2.57929 0.803238 -1.92561 5.20878
367.954 -2.63263 0.826542 -1.65632 5.61608
368.699 -2.69808 0.847995 -1.29349 6.10573
369.445 -2.77743 0.8673 -0.772074 6.67498
370.19 -2.85968 0.886879 -0.0807871 7.16992
370.935 -2.9462 0.906689 0.777435 7.52981
371.681 -3.02991 0.926228 1.68136 7.66741
372.426 -3.09664 0.943457 2.40021 7.60351
373.171 -3.16297 0.960003 3.06806 7.42225
373.917 -3.20932 0.963187 3.50759 7.31346
374.662 -3.25622 0.966326 3.92779 7.15419
375.407 -3.31649 0.97349 4.40946 6.86097
376.153 -3.3786 0.980973 4.83267 6.50708
376.898 -3.46896 1.00575 5.23729 5.86566
377.643 -3.56834 1.03574 5.49247 5.18151
378.389 -3.67401 1.06849 5.61317 4.52945
379.134 -3.78436 1.10334 5.6303 3.94393
379.879 -3.87974 1.13606 5.57986 3.51243
380.625 -3.96104 1.16667 5.50433 3.19513
381.37 -4.0403 1.19237 5.43424 2.92653
382.116 -4.11545 1.20965 5.38129 2.7016
382.861 -4.18443 1.22269 5.33346 2.51562
383.606 -4.23277 1.22261 5.31964 2.3944
384.352 -4.28722 1.22629 5.28998 2.26628
385.097 -4.38266 1.2579 5.17711 2.07003
385.842 -4.48007 1.29055 5.06569 1.89688
386.587 -4.61048 1.32314 4.94298 1.69288
387.333 -4.74491 1.35701 4.82168 1.51628
388.078 -4.87292 1.40342 4.69594 1.38125
388.824 -5.0024 1.45379 4.57641 1.26634
389.569 -5.12676 1.49157 4.48167 1.16645
390.314 -5.25086 1.52483 4.39757 1.07749
391.06 -5.34875 1.54457 4.34011 1.01277
391.805 -5.42732 1.55413 4.30029 0.963041
392.55 -5.51006 1.57423 4.25296 0.918514
393.296 -5.59778 1.60787 4.19757 0.879673
394.041 -5.69198 1.64592 4.14051 0.841813
394.786 -5.79912 1.69295 4.07785 0.803382
395.532 -5.9172 1.73853 4.01675 0.762572
396.277 -6.08019 1.77132 3.95169 0.702484
397.022 -6.24748 1.80694 3.88876 0.648831
397.768 -6.40523 1.88018 3.8202 0.614747
398.513 -6.56704 1.95696 3.75571 0.583604
399.258 -6.70842 1.9999 3.71093 0.553601
400.004 -6.85068 2.0405 3.6694 0.525518
400.749 -6.96717 2.08399 3.6349 0.506665
401.494 -7.07715 2.12923 3.60311 0.490899
402.24 -7.17794 2.17567 3.57439 0.478298
402.985 -7.27389 2.2233 3.54765 0.467551
403.73 -7.40043 2.26221 3.51876 0.449756
404.476 -7.55916 2.29218 3.48779 0.425823
405.221 -7.72845 2.33951 3.45385 0.404732
405.966 -7.91353 2.41782 3.41489 0.387352
406.712 -8.11386 2.50698 3.37524 0.370585
407.457 -8.3543 2.62532 3.33005 0.353378
408.202 -8.59688 2.74513 3.28854 0.337542
408.948 -8.79246 2.81689 3.2606 0.323406
409.693 -8.99353 2.89175 3.23356 0.310062
410.438 -9.18726 2.98226 3.20736 0.299815
411.184 -9.38548 3.0773 3.18202 0.290171
411.929 -9.54726 3.16922 3.1614 0.283997
412.674 -9.70349 3.26301 3.14213 0.278654
413.42 -9.86768 3.33531 3.12497 0.271339
414.165 -10.0377 3.39889 3.10889 0.263363
414.91 -10.2518 3.49712 3.08825 0.254924
415.656 -10.5043 3.62658 3.06448 0.246312
416.401 -10.7792 3.75536 3.04115 0.236819
417.146 -11.0842 3.88069 3.01813 0.22611
417.892 -11.4032 4.03825 2.99441 0.217063
418.637 -11.7392 4.26982 2.96816 0.211025
419.382 -12.0782 4.50704 2.94379 0.205247
420.128 -12.3824 4.69865 2.9246 0.199498
420.873 -12.6951 4.90106 2.90605 0.19403
421.618 -12.9637 5.0871 2.89076 0.189958
422.364 -13.2391 5.2827 2.87586 0.186029
423.109 -13.5067 5.41443 2.86426 0.180759
423.854 -13.7799 5.54201 2.85323 0.175475
424.6 -14.0452 5.74064 2.84076 0.17245
425.345 -14.3107 5.97121 2.82802 0.17019
426.09 -14.6645 6.21849 2.8137 0.165759
426.836 -15.0835 6.48483 2.79859 0.160163
427.581 -15.5116 6.79824 2.7833 0.155496
428.326 -15.9463 7.16647 2.76782 0.151744
429.072 -16.4305 7.57908 2.75192 0.147627
429.817 -17.002 8.06059 2.7349 0.14276
430.562 -17.5728 8.58648 2.71869 0.138572
431.308 -18.0697 9.15843 2.70394 0.136153
432.053 -18.5645 9.76424 2.68994 0.133886
432.798 -18.9262 10.2487 2.67993 0.132513
433.544 -19.2905 10.7622 2.67013 0.131167
434.289 -19.8067 11.2067 2.66094 0.127206
435.034 -20.3511 11.6754 2.65195 0.12322
435.78 -20.8295 12.2355 2.64286 0.120688
436.525 -21.2964 12.8477 2.63389 0.118536
437.27 -21.7862 13.5128 2.62492 0.116319
438.016 -22.2904 14.2308 2.61602 0.114107
438.761 -22.8502 15.1399 2.60587 0.111905
439.506 -23.4493 16.2526 2.59475 0.109731
440.252 -24.0479 17.4878 2.58374 0.107579
440.997 -24.6413 18.8711 2.57276 0.105426
441.742 -25.2124 20.391 2.56202 0.103273
442.488 -25.7684 22.069 2.55147 0.101
443.233 -26.2573 23.9111 2.54119 0.0988231
443.978 -26.6386 25.9214 2.53119 0.0968137
444.724 -26.8984 28.113 2.52145 0.0948749
445.469 -26.9508 29.6185 2.51539 0.0938771
446.214 -26.9243 31.1994 2.50943 0.0928985
446.96 -27.1098 33.1496 2.50283 0.090591
447.705 -27.2359 35.293 2.49623 0.0881489
448.45 -27.1189 37.7377 2.48922 0.0859225
449.196 -26.7548 40.3994 2.48214 0.0838145
449.941 -25.8187 43.1179 2.47498 0.0825726
450.686 -24.3459 45.8063 2.46781 0.0818868
451.432 -22.4971 48.6823 2.46041 0.0808888
452.177 -20.1654 51.74 2.45272 0.0795519
452.922 -17.2485 54.7416 2.44497 0.0781414
453.668 -13.604 57.658 2.43695 0.0765538
454.413 -9.49187 59.9803 2.42933 0.0751599
455.158 -5.46826 61.2882 2.42277 0.0743769
455.904 -1.24396 62.0331 2.4163 0.0736267
456.649 3.28034 61.9901 2.40954 0.073135
457.394 7.67954 61.3099 2.40291 0.0726485
458.14 11.5259 61.033 2.39749 0.0710068
458.885 15.2783 60.3576 2.39223 0.0693204
459.63 18.6238 59.6714 2.38776 0.0674121
460.376 21.8037 58.7409 2.38352 0.0654803
461.121 24.7442 56.4594 2.37825 0.0646759
461.866 27.1864 53.4977 2.37252 0.0644338
462.612 29.0008 50.9929 2.36774 0.0640429
463.357 30.3955 48.9171 2.36379 0.063525
464.102 31.9947 46.3716 2.35888 0.0625603
464.848 33.8008 43.0883 2.35249 0.0609312
465.593 34.9533 40.0325 2.34659 0.0596244
466.338 35.3644 37.6059 2.34185 0.0591173
467.084 35.6104 35.3339 2.33722 0.0585675
467.829 35.8675 33.2963 2.33294 0.0576706
468.574 35.9838 31.3636 2.32871 0.056793
469.32 35.8055 28.9419 2.32296 0.0559779
470.065 35.481 26.728 2.31731 0.0551838
470.81 34.924 24.9295 2.31221 0.0549816
471.556 34.3115 23.3296 2.30726 0.0548733
472.301 33.8363 21.9147 2.30274 0.0543715
473.046 33.3921 20.6245 2.29842 0.0537303
473.792 33.0023 19.5166 2.29457 0.0530266
474.537 32.6479 18.5381 2.29105 0.052284
475.282 32.2312 17.5787 2.28734 0.0516101
476.028 31.7505 16.638 2.2834 0.0510144
476.773 31.212 15.734 2.27927 0.0505296
477.518 30.5661 14.8408 2.27468 0.0502617
478.264 29.9685 14.0195 2.27024 0.0498833
479.009 29.5105 13.2478 2.26624 0.0490227
479.754 29.0591 12.5354 2.26234 0.0481804
480.5 28.7011 11.9478 2.25909 0.04733
481.245 28.3437 11.3946 2.25589 0.0464965
481.99 27.7965 10.8879 2.25195 0.0464265
482.736 27.2546 10.4185 2.248 0.0464197
483.481 26.7371 9.90112 2.24382 0.0460147
484.226 26.2383 9.40104 2.23962 0.0455098
484.972 25.8405 9.01971 2.23625 0.0451294
485.717 25.4985 8.7033 2.23333 0.0448162
486.462 25.1727 8.35667 2.2303 0.0442119
487.208 24.8593 7.98642 2.22717 0.0433445
487.953 24.511 7.65543 2.22391 0.0427655
488.698 24.1102 7.37323 2.2204 0.0426307
489.444 23.7535 7.11131 2.21715 0.0424025
490.189 23.4941 6.87299 2.21457 0.0418954
490.934 23.2247 6.64181 2.2119 0.0414307
491.68 22.8456 6.39383 2.20828 0.0412379
492.425 22.4811 6.16082 2.20472 0.0410463
493.17 22.1735 5.91956 2.20146 0.0405031
493.916 21.8759 5.69139 2.19826 0.0399632
494.661 21.604 5.49461 2.19531 0.0395222
495.406 21.3428 5.31109 2.19244 0.039105
496.152 21.0621 5.08372 2.18915 0.0383334
496.897 20.7784 4.84892 2.18572 0.0374354
497.642 20.5012 4.68902 2.18258 0.0371458
498.388 20.2323 4.58054 2.17965 0.0372855
499.133 19.9843 4.49141 2.17694 0.0375169
499.878 19.7584 4.42355 2.17448 0.0378627
500.624 19.5547 4.32496 2.17207 0.0377904
501.369 19.389 4.15851 2.16971 0.0368128
502.115 19.2126 4.00352 2.16726 0.0359571
502.86 18.9812 3.8764 2.16428 0.0356008
503.605 18.7609 3.75635 2.16138 0.0352432
504.35 18.6392 3.6607 2.15968 0.0347176
505.096 18.519 3.56799 2.15799 0.0341991
505.841 18.3076 3.47935 2.1552 0.0340954
506.587 18.0936 3.39463 2.15234 0.0340326
507.332 17.9181 3.31972 2.14994 0.033909
508.077 17.7564 3.24933 2.14769 0.0337686
508.823 17.5931 3.1616 2.1453 0.0333952
509.568 17.4305 3.0665 2.14286 0.0328973
510.313 17.268 2.98885 2.14045 0.0326076
511.059 17.1061 2.92715 2.13807 0.0325152
511.804 16.9306 2.84212 2.13537 0.0321411
512.549 16.7304 2.71936 2.13209 0.0313047
513.294 16.5521 2.62399 2.12919 0.0307259
514.04 16.4297 2.59784 2.12736 0.0309112
514.785 16.3043 2.57069 2.12546 0.0310935
515.531 16.1336 2.53126 2.12278 0.0312838
516.276 15.968 2.493 2.12014 0.0314665
517.021 15.8895 2.42393 2.1187 0.0307713
517.767 15.8143 2.35563 2.1173 0.0300572
518.512 15.7007 2.26183 2.11516 0.0290757
519.257 15.581 2.1665 2.11289 0.0280604
520.003 15.4888 2.13003 2.1113 0.0278824
520.748 15.4088 2.11773 2.11 0.0280537
521.493 15.2922 2.12173 2.10813 0.0286575
522.239 15.1497 2.13681 2.10584 0.0295754
522.984 15.0358 2.12311 2.10389 0.0298817
523.729 14.9567 2.07427 2.10237 0.0294141
524.475 14.8715 2.02228 2.10071 0.0289037
525.22 14.7712 1.96165 2.09873 0.0282872
525.965 14.6665 1.90447 2.09666 0.0277327
526.711 14.5337 1.85618 2.09408 0.0274437
527.456 14.4058 1.81037 2.09156 0.0271649
528.201 14.3226 1.78339 2.08995 0.0270436
528.947 14.2409 1.75708 2.08834 0.0269234
529.692 14.1403 1.69943 2.08622 0.0262622
530.437 14.0393 1.64036 2.08406 0.0255528
531.183 13.9236 1.63156 2.08179 0.0258963
531.928 13.8055 1.63721 2.07949 0.0265492
532.673 13.7196 1.61855 2.07773 0.0265723
533.419 13.6523 1.58652 2.07627 0.0262334
534.164 13.5701 1.54269 2.07444 0.0257003
534.909 13.4733 1.4878 2.07224 0.0249769
535.655 13.3911 1.44959 2.07039 0.0245317
536.4 13.3329 1.43806 2.06916 0.0245579
537.145 13.2705 1.42618 2.06782 0.0245924
537.891 13.1918 1.41269 2.06611 0.024657
538.636 13.1157 1.399 2.06443 0.0247045
539.381 13.0517 1.38115 2.06299 0.0246061
540.127 12.9886 1.36369 2.06157 0.0245084
540.872 12.924 1.35657 2.06014 0.0246504
541.617 12.8604 1.34993 2.05872 0.0247997
542.363 12.8196 1.31314 2.05769 0.0241514
543.108 12.7834 1.27059 2.05674 0.0233399
543.853 12.7094 1.24132 2.05496 0.0229832
544.599 12.6201 1.21846 2.05281 0.0228315
545.344 12.5505 1.20437 2.05115 0.0228056
546.089 12.496 1.19696 2.04987 0.0228782
546.835 12.4374 1.18453 2.04846 0.0228437
547.58 12.373 1.16541 2.04687 0.022665
548.325 12.3025 1.15027 2.04512 0.022605
549.071 12.2156 1.14398 2.04299 0.0228313
549.816 12.1341 1.13506 2.04095 0.0229697
550.561 12.0729 1.11198 2.03935 0.0226597
551.307 12.0129 1.08939 2.03778 0.0223499
552.052 11.9656 1.0588 2.03649 0.0217725
552.797 11.9189 1.02897 2.03521 0.0212039
553.543 11.8614 1.01182 2.03369 0.0210044
554.288 11.8034 0.996656 2.03215 0.0208551
555.033 11.7473 0.997677 2.03071 0.0211308
555.779 11.6925 1.00376 2.02931 0.0215418
556.524 11.6402 0.988109 2.02789 0.0213521
557.269 11.5897 0.959613 2.02645 0.0207965
558.015 11.5404 0.94951 2.02511 0.0207374
558.76 11.4925 0.958423 2.02388 0.0212026
559.505 11.4499 0.955924 2.02273 0.0213302
560.251 11.4166 0.932675 2.02176 0.0208345
560.996 11.3824 0.911119 2.02077 0.0203845
561.741 11.3443 0.894587 2.01969 0.0200872
562.487 11.3068 0.879522 2.01861 0.0198256
563.232 11.2714 0.878186 2.01765 0.0199489
563.977 11.2365 0.876822 2.01669 0.0200701
564.723 11.1829 0.878664 2.0152 0.0203578
565.468 11.129 0.880495 2.01368 0.0206488
566.213 11.088 0.864656 2.01247 0.0203678
566.959 11.0502 0.845045 2.01133 0.0199569
567.704 11.0153 0.831067 2.01029 0.0196987
568.449 10.9818 0.819855 2.0093 0.0195145
569.195 10.9419 0.805512 2.00809 0.0192574
569.94 10.8966 0.7887 2.00671 0.0189408
570.685 10.8482 0.768424 2.00521 0.0185236
571.431 10.795 0.743128 2.00353 0.0179609
572.176 10.7476 0.731187 2.00207 0.0177843
572.921 10.7136 0.753102 2.00114 0.018618
573.667 10.6777 0.769663 2.00013 0.0192975
574.412 10.6289 0.755499 1.99859 0.0190589
575.157 10.5809 0.741713 1.99706 0.0188243
575.903 10.5303 0.722981 1.99542 0.0184353
576.648 10.4805 0.704824 1.9938 0.0180541
577.393 10.4515 0.695022 1.99287 0.0178638
578.139 10.4258 0.68659 1.99206 0.0177038
578.884 10.3996 0.679898 1.99123 0.017601
579.629 10.3735 0.673891 1.99039 0.0175194
580.375 10.3382 0.67184 1.98927 0.0176007
581.12 10.2971 0.672336 1.98796 0.017788
581.865 10.2641 0.674351 1.98691 0.0179981
582.611 10.24 0.67815 1.98617 0.0182364
583.356 10.2148 0.680785 1.98538 0.0184407
584.101 10.1872 0.681167 1.98449 0.0185789
584.847 10.1583 0.67677 1.98354 0.0185591
585.592 10.1235 0.652932 1.98232 0.0178942
586.337 10.09 0.630358 1.98113 0.0172601
587.083 10.0713 0.618627 1.98049 0.0169419
587.828 10.0527 0.607058 1.97985 0.0166266
588.573 10.0253 0.59891 1.97892 0.0164586
589.319 9.99746 0.591173 1.97797 0.0163045
590.064 9.96558 0.585876 1.97688 0.0162482
590.809 9.93298 0.581274 1.97577 0.0162177
591.555 9.89985 0.58066 1.97464 0.0163299
592.3 9.86667 0.582049 1.97351 0.0165142
593.045 9.83669 0.584021 1.97249 0.0167094
593.791 9.80959 0.586525 1.97157 0.0169147
594.536 9.78203 0.582166 1.9706 0.0168742
595.281 9.75355 0.567171 1.96956 0.0164492
596.027 9.72164 0.554818 1.9684 0.016128
596.772 9.67912 0.549597 1.96687 0.0161016
597.517 9.64076 0.543938 1.96548 0.0160433
598.263 9.62866 0.53427 1.96504 0.0157444
599.008 9.6166 0.524702 1.96461 0.0154475
599.753 9.58661 0.520431 1.96352 0.0154066
600.499 9.55667 0.51633 1.96243 0.015371
601.244 9.52483 0.517712 1.96128 0.0155478
601.989 9.49302 0.519976 1.96013 0.015759
602.735 9.46872 0.515179 1.95923 0.0156769
603.48 9.44754 0.507642 1.95844 0.0154783
604.225 9.42752 0.508044 1.95772 0.0155785
604.971 9.40838 0.514141 1.95705 0.0158951
605.716 9.38647 0.510123 1.95623 0.0158325
606.461 9.36106 0.493654 1.95523 0.0152982
607.207 9.33796 0.483121 1.95434 0.0149825
607.952 9.31977 0.485331 1.95368 0.0151455
608.697 9.30386 0.484143 1.9531 0.0151684
609.443 9.29827 0.466758 1.95287 0.014522
610.188 9.29168 0.450327 1.9526 0.0139146
610.933 9.26151 0.45677 1.95147 0.0142795
611.679 9.23173 0.462976 1.95036 0.0146367
612.424 9.20616 0.460789 1.94937 0.0146488
613.169 9.18133 0.45773 1.94841 0.0146233
613.915 9.16802 0.462553 1.94794 0.0148754
614.66 9.15819 0.469717 1.94761 0.0152107
615.405 9.14046 0.462168 1.94691 0.0149819
616.151 9.11823 0.44632 1.946 0.014431
616.896 9.09265 0.438959 1.94498 0.0142303
617.641 9.06387 0.439907 1.94386 0.0143762
618.387 9.03676 0.437733 1.94278 0.0143896
619.132 9.01225 0.430251 1.94179 0.0141761
619.878 8.99212 0.424041 1.94098 0.0139991
620.623 8.98608 0.421726 1.94076 0.0139373
621.368 8.97798 0.419824 1.94046 0.0138987
622.113 8.9493 0.421863 1.93932 0.0140883
622.859 8.92103 0.423792 1.93818 0.0142732
623.604 8.89221 0.417305 1.93699 0.0141082
624.349 8.86378 0.410591 1.93581 0.0139302
625.095 8.8493 0.401405 1.93521 0.0136018
625.84 8.83785 0.391766 1.93473 0.0132432
626.586 8.82342 0.388765 1.93415 0.0131736
627.331 8.80773 0.388756 1.93352 0.0132346
628.076 8.78402 0.38639 1.93254 0.0132195
628.822 8.75411 0.38218 1.93128 0.0131435
629.567 8.73083 0.381983 1.93031 0.0132192
630.312 8.71639 0.387259 1.92974 0.0135047
631.057 8.70462 0.390527 1.92928 0.0136961
631.803 8.69952 0.388874 1.92909 0.0136536
632.548 8.69229 0.38651 1.9288 0.0135867
633.294 8.67263 0.380018 1.92796 0.0133781
634.039 8.65317 0.373708 1.92713 0.013175
634.784 8.63419 0.372905 1.92633 0.0132105
635.53 8.61542 0.372097 1.92554 0.013245
636.275 8.59575 0.370497 1.9247 0.0132472
637.02 8.57616 0.368798 1.92386 0.0132445
637.766 8.56278 0.362626 1.92328 0.0130239
638.511 8.55157 0.35497 1.9228 0.0127295
639.256 8.53968 0.353449 1.9223 0.0127094
640.002 8.52738 0.35584 1.92179 0.012865
640.747 8.51095 0.353564 1.92108 0.0128244
641.492 8.48997 0.346203 1.92015 0.0125681
642.238 8.47416 0.342096 1.91946 0.0124414
642.983 8.46815 0.34415 1.91923 0.0125637
643.728 8.46223 0.34582 1.919 0.0126685
644.474 8.45661 0.346015 1.91877 0.0127058
645.219 8.44974 0.346197 1.9185 0.0127462
645.964 8.42525 0.346181 1.91742 0.0128299
646.71 8.40113 0.346126 1.91635 0.0129112
647.455 8.38097 0.341721 1.91545 0.0127812
648.2 8.36134 0.337083 1.91456 0.0126378
648.946 8.35145 0.327751 1.91411 0.0122482
649.691 8.344 0.317293 1.91377 0.0117982
650.436 8.33396 0.310345 1.91332 0.0115162
651.182 8.32265 0.305215 1.91281 0.0113208
651.927 8.30298 0.306293 1.91193 0.0114356
652.672 8.27603 0.312704 1.91072 0.0118204
653.418 8.25431 0.316791 1.90975 0.0120843
654.163 8.24027 0.317578 1.90912 0.0121724
654.908 8.22741 0.317279 1.90855 0.0122061
655.654 8.21768 0.313925 1.90811 0.0120866
656.399 8.20826 0.310179 1.90768 0.011947
657.144 8.20063 0.303393 1.90733 0.0116578
657.89 8.19302 0.296672 1.90698 0.0113707
658.635 8.164 0.297182 1.90563 0.0114851
659.38 8.13525 0.297707 1.90429 0.0116001
660.126 8.12259 0.296914 1.90371 0.0116075
660.871 8.11274 0.295906 1.90326 0.0115967
661.616 8.10597 0.296156 1.90297 0.0116377
662.362 8.10041 0.296894 1.90273 0.011699
663.107 8.09209 0.299756 1.90236 0.0118706
663.852 8.08182 0.304092 1.90191 0.0121194
664.598 8.07016 0.30162 1.90137 0.012043
665.343 8.05678 0.290955 1.90071 0.0115726
666.088 8.04213 0.284775 1.90001 0.0113219
666.834 8.02469 0.288015 1.8992 0.0115377
667.579 8.01023 0.290442 1.89852 0.0117064
668.324 8.00873 0.289549 1.89848 0.0116765
669.07 8.00711 0.288419 1.89842 0.0116353
669.815 8.00301 0.282104 1.89823 0.0113462
670.56 7.9989 0.275825 1.89804 0.0110583
671.306 7.97886 0.268406 1.89706 0.0107554
672.051 7.95754 0.261064 1.89601 0.0104572
672.796 7.94064 0.263417 1.89521 0.0106268
673.542 7.9251 0.268435 1.89448 0.0109265
674.287 7.91581 0.268257 1.89404 0.0109515
675.032 7.91001 0.265228 1.89377 0.0108248
675.778 7.90534 0.265227 1.89356 0.0108461
676.523 7.90178 0.268158 1.89342 0.0110112
677.268 7.89521 0.269332 1.89312 0.0110966
678.014 7.88362 0.267566 1.89256 0.0110479
678.759 7.86938 0.265587 1.89187 0.0109953
679.504 7.84662 0.262903 1.89074 0.0109291
680.25 7.82622 0.260244 1.88972 0.0108572
680.995 7.82321 0.257384 1.88959 0.0107287
681.74 7.82019 0.254536 1.88945 0.0106007
682.486 7.81757 0.25585 1.88935 0.0106829
683.231 7.81497 0.257294 1.88925 0.0107717
683.976 7.80116 0.247548 1.88854 0.0103196
684.722 7.78524 0.235843 1.88773 0.00976995
685.467 7.77361 0.23386 1.88715 0.0097051
686.212 7.76384 0.235927 1.88668 0.00984327
686.958 7.74884 0.239259 1.88594 0.0100599
687.703 7.73001 0.24346 1.88501 0.0103321
688.448 7.71512 0.245576 1.88427 0.0104878
689.194 7.70523 0.245107 1.88378 0.0104971
689.939 7.69775 0.244689 1.88341 0.0105027
690.684 7.69578 0.244387 1.88333 0.0105002
691.43 7.69133 0.243817 1.88312 0.0104901
692.175 7.67436 0.241898 1.88226 0.0104415
692.92 7.65778 0.239896 1.88141 0.0103871
693.666 7.64612 0.234445 1.88081 0.0101387
694.411 7.63455 0.229088 1.88021 0.00989378
695.156 7.62516 0.225182 1.87973 0.00971888
695.902 7.61608 0.221484 1.87927 0.00955349
696.647 7.61213 0.219088 1.87908 0.00944403
697.392 7.60978 0.21709 1.87897 0.00935174
698.138 7.60739 0.213011 1.87886 0.00914928
698.883 7.60496 0.207724 1.87874 0.00888274
699.628 7.59585 0.208833 1.87829 0.00896971
700.374 7.58007 0.216244 1.87749 0.00940714
701.119 7.56638 0.222635 1.8768 0.0097875
701.864 7.55617 0.22748 1.87629 0.0100785
702.61 7.54736 0.230503 1.87585 0.0102694
703.355 7.54302 0.22771 1.87563 0.0101382
704.1 7.53959 0.225585 1.87547 0.0100404
704.846 7.54452 0.229528 1.87576 0.0102465
705.591 7.54946 0.233507 1.87606 0.0104542
706.336 7.53406 0.225521 1.87524 0.0100725
707.082 7.51808 0.2173 1.87438 0.00967711
707.827 7.50081 0.207913 1.87345 0.00921922
708.572 7.48346 0.198516 1.87251 0.00875782
709.318 7.47236 0.19647 1.87193 0.00867862
710.063 7.46396 0.197503 1.8715 0.00876039
710.808 7.46338 0.201 1.87149 0.00895867
711.554 7.46878 0.206442 1.87182 0.00924893
712.299 7.46926 0.207397 1.87187 0.00930654
713.044 7.46333 0.202456 1.87156 0.00905865
713.79 7.45403 0.199229 1.87107 0.00891096
714.535 7.43702 0.199858 1.87016 0.00899049
715.28 7.42006 0.200723 1.86926 0.00908317
716.026 7.40235 0.202887 1.86831 0.00924948
716.771 7.38542 0.204923 1.8674 0.00940777
717.516 7.38232 0.206031 1.86726 0.00948291
718.262 7.37922 0.207133 1.86711 0.00955772
719.007 7.38594 0.201119 1.86749 0.00921656
719.752 7.39372 0.194253 1.86792 0.00882691
720.498 7.38505 0.188398 1.86745 0.00852962
721.243 7.37165 0.18297 1.86672 0.00826488
721.988 7.35855 0.178431 1.866 0.00804741
722.734 7.34567 0.174416 1.8653 0.00785737
723.479 7.33425 0.174489 1.86469 0.0078912
724.224 7.3242 0.178383 1.86415 0.00813565
724.97 7.3172 0.179754 1.86378 0.0082333
725.715 7.31516 0.17708 1.86369 0.00809426
726.46 7.31281 0.176999 1.86357 0.00810086
727.206 7.30947 0.184806 1.86342 0.00855131
727.951 7.30569 0.192376 1.86325 0.00898993
728.696 7.299 0.198385 1.86291 0.00934842
729.442 7.29231 0.204318 1.86256 0.00970346
730.187 7.27377 0.197787 1.86152 0.00938575
730.932 7.25534 0.191266 1.86049 0.00906581
731.678 7.2448 0.187056 1.8599 0.00885708
732.423 7.23566 0.183281 1.85939 0.00866905
733.168 7.23067 0.180903 1.85912 0.00855073
733.914 7.22726 0.179057 1.85894 0.00845898
734.659 7.2256 0.178265 1.85887 0.0084234
735.404 7.22512 0.178196 1.85886 0.00842631
736.15 7.22341 0.175894 1.85877 0.00830473
736.895 7.22023 0.171013 1.8586 0.00803904
737.641 7.21371 0.166706 1.85824 0.0078125
738.386 7.20056 0.163552 1.8575 0.00766442
739.131 7.1883 0.162709 1.85682 0.00764631
739.876 7.179 0.170679 1.85632 0.00812846
740.622 7.1704 0.178177 1.85586 0.00858353
741.367 7.17085 0.181479 1.85591 0.00877824
742.112 7.17129 0.184788 1.85596 0.00897328
742.858 7.17201 0.184644 1.85602 0.008969
743.603 7.17274 0.184289 1.85608 0.0089525
744.349 7.16607 0.179916 1.8557 0.00872107
745.094 7.15774 0.174697 1.85523 0.00844369
745.839 7.14703 0.164967 1.85461 0.00790941
746.584 7.13523 0.153369 1.85392 0.00726662
747.33 7.12418 0.151117 1.85329 0.00716231
748.075 7.11379 0.1561 1.85272 0.00747744
748.82 7.1068 0.157781 1.85233 0.00759438
749.566 7.10429 0.155149 1.8522 0.00745116
750.311 7.10413 0.153467 1.8522 0.00735861
751.057 7.10952 0.153998 1.85253 0.00738439
751.802 7.11248 0.154656 1.85272 0.00742229
752.547 7.1034 0.155902 1.85222 0.00751773
753.293 7.09423 0.156944 1.8517 0.00760175
754.038 7.08113 0.154051 1.85094 0.00746324
754.783 7.06822 0.151224 1.8502 0.00732743
755.529 7.06086 0.148146 1.84978 0.00716553
756.274 7.05406 0.145081 1.84939 0.00700286
757.019 7.04732 0.145118 1.84901 0.00702256
757.765 7.04064 0.145975 1.84863 0.00709062
758.51 7.03543 0.149969 1.84835 0.00734153
759.255 7.03096 0.155547 1.84811 0.00768516
760.001 7.0291 0.154086 1.84802 0.00760731
760.746 7.0295 0.14647 1.84804 0.00716057
761.491 7.02449 0.144736 1.84776 0.0070721
762.237 7.01171 0.151481 1.84703 0.00750154
762.982 6.99996 0.154768 1.84635 0.007725
763.727 6.99066 0.149642 1.84581 0.00744253
764.473 6.98155 0.145359 1.84527 0.00720895
765.218 6.97313 0.145224 1.84478 0.00722156
765.963 6.96503 0.144971 1.84431 0.00722646
766.709 6.96521 0.140628 1.84433 0.00697043
767.454 6.96537 0.136284 1.84435 0.00671431
768.199 6.96737 0.13386 1.84448 0.00657007
768.945 6.96958 0.131634 1.84462 0.00643744
769.69 6.96796 0.133211 1.84455 0.0065394
770.435 6.96525 0.135872 1.8444 0.00670839
771.181 6.95767 0.135588 1.84397 0.00670943
771.926 6.94759 0.133761 1.84337 0.00662199
772.671 6.93577 0.132926 1.84267 0.00659703
773.417 6.92249 0.132948 1.84189 0.00662625
774.162 6.91476 0.134002 1.84144 0.00670825
774.907 6.91502 0.136612 1.84147 0.0068704
775.653 6.91514 0.136639 1.8415 0.00687626
776.398 6.91485 0.129958 1.84148 0.00647646
777.143 6.91466 0.124448 1.84148 0.00614728
777.889 6.91527 0.125308 1.84153 0.00620275
778.634 6.91583 0.126213 1.84158 0.00626101
779.379 6.91462 0.128441 1.84153 0.00640243
780.125 6.91341 0.130664 1.84147 0.00654361
780.87 6.89996 0.127014 1.84066 0.00634948
781.615 6.88551 0.122894 1.83979 0.00612725
782.361 6.87293 0.123877 1.83904 0.00621247
783.106 6.86097 0.12616 1.83833 0.00637661
783.851 6.85728 0.120574 1.83811 0.00604468
784.597 6.85764 0.111013 1.83813 0.00546213
785.342 6.85688 0.115456 1.8381 0.00573992
786.087 6.85498 0.13174 1.83803 0.00674587
786.833 6.85464 0.138815 1.83804 0.0071846
787.578 6.85682 0.133189 1.83818 0.00683979
788.323 6.85642 0.129261 1.83816 0.00660377
789.069 6.85002 0.129379 1.83778 0.00662627
789.814 6.84209 0.129656 1.83731 0.00666129
790.559 6.82694 0.130659 1.83639 0.0067538
791.305 6.81255 0.131159 1.83552 0.00681433
792.05 6.80617 0.124403 1.83513 0.00641128
792.795 6.7998 0.117755 1.83473 0.00601383
793.541 6.79986 0.114236 1.83475 0.00579939
794.286 6.80033 0.110918 1.83478 0.00559678
795.031 6.80355 0.115161 1.835 0.00585879
795.777 6.80736 0.12115 1.83526 0.00622761
796.522 6.8077 0.118553 1.8353 0.0060701
797.267 6.80651 0.112247 1.83523 0.00568527
798.013 6.79592 0.111926 1.83458 0.00568564
798.758 6.77881 0.115773 1.83354 0.00595581
799.503 6.76714 0.116893 1.83283 0.00604834
800.249 6.76153 0.115018 1.83249 0.00594411
800.994 6.75495 0.115028 1.83209 0.00595909
801.739 6.74648 0.118543 1.83158 0.0061969
802.485 6.7397 0.119117 1.83117 0.00624795
803.23 6.73842 0.109897 1.83108 0.00567466
803.975 6.73776 0.101873 1.83104 0.00517529
804.721 6.74298 0.103353 1.83139 0.00526427
805.466 6.74824 0.104852 1.83173 0.00535429
806.211 6.74488 0.117193 1.83155 0.00613728
806.957 6.74127 0.129517 1.83136 0.0069207
807.702 6.73198 0.127681 1.83079 0.00682546
808.447 6.72203 0.123942 1.83017 0.00661114
809.193 6.71416 0.11873 1.82968 0.00629933
809.938 6.70694 0.113132 1.82923 0.00596101
810.683 6.7016 0.112434 1.8289 0.00592896
811.429 6.6973 0.114365 1.82864 0.00606173
812.174 6.69375 0.114686 1.82843 0.00609139
812.919 6.69087 0.113608 1.82826 0.00603123
813.665 6.68878 0.11119 1.82814 0.00588468
814.41 6.68777 0.106901 1.82808 0.00561751
815.155 6.6862 0.104071 1.82799 0.00544366
815.901 6.6834 0.104561 1.82782 0.00548243
816.646 6.6795 0.105407 1.82759 0.00554552
817.391 6.67094 0.107746 1.82706 0.0057109
818.137 6.66224 0.109707 1.82652 0.00585291
818.882 6.65087 0.107933 1.82581 0.00576072
819.627 6.63968 0.106202 1.8251 0.00567052
820.373 6.63443 0.10797 1.82478 0.00579542
821.118 6.6294 0.109831 1.82447 0.00592619
821.863 6.63026 0.108997 1.82454 0.00587458
822.609 6.63213 0.1077 1.82467 0.00579175
823.354 6.6341 0.10432 1.8248 0.00557502
824.099 6.63611 0.100203 1.82494 0.00531111
824.845 6.63732 0.098219 1.82502 0.00518539
825.59 6.63808 0.0974773 1.82508 0.00513999
826.335 6.63818 0.0979209 1.8251 0.00517158
827.081 6.63766 0.0994421 1.82508 0.00527317
827.826 6.63308 0.100685 1.8248 0.00536283
828.571 6.62287 0.10151 1.82416 0.00543412
829.317 6.61319 0.10131 1.82355 0.00543868
830.062 6.60449 0.0988866 1.823 0.00529823
830.807 6.59641 0.0962196 1.82248 0.00514056
831.553 6.59047 0.092411 1.8221 0.00490541
832.298 6.58516 0.0895066 1.82177 0.00472745
833.043 6.58587 0.0950187 1.82183 0.00508708
833.789 6.58652 0.100548 1.82189 0.00544776
834.534 6.58518 0.0978927 1.82182 0.00528068
835.279 6.58379 0.0951199 1.82173 0.00510589
836.025 6.58502 0.0952404 1.82182 0.00511507
836.77 6.58661 0.0957627 1.82194 0.00514978
837.515 6.58277 0.0996679 1.82171 0.00541169
838.261 6.57735 0.104495 1.82138 0.00573633
839.006 6.57033 0.105185 1.82093 0.00579499
839.751 6.56261 0.103869 1.82044 0.00572418
840.497 6.55529 0.103822 1.81997 0.00573529
841.242 6.5483 0.104721 1.81953 0.00580774
841.987 6.54484 0.109499 1.81932 0.00612853
842.733 6.54535 0.118853 1.81938 0.00674245
843.478 6.54351 0.11875 1.81927 0.00674187
844.223 6.53743 0.101907 1.81886 0.00565207
844.969 6.53215 0.0904751 1.81851 0.00491329
845.714 6.53008 0.0938513 1.81839 0.00514055
846.459 6.52758 0.0968639 1.81824 0.00534473
847.205 6.52287 0.0979867 1.81794 0.00542822
847.95 6.51845 0.0994751 1.81767 0.00553545
848.695 6.51856 0.107592 1.8177 0.00607201
849.441 6.51856 0.115722 1.81772 0.00660958
850.186 6.5103 0.112329 1.81718 0.00640299
850.931 6.50176 0.108488 1.81662 0.00616653
851.677 6.49686 0.0941416 1.81629 0.00522944
852.422 6.49223 0.0782487 1.81597 0.00418775
853.167 6.4922 0.0827924 1.81599 0.00449108
853.913 6.49354 0.0938797 1.8161 0.00522525
854.658 6.49168 0.0988828 1.816 0.0055616
855.403 6.48824 0.100713 1.81578 0.00569064
856.149 6.48399 0.0992574 1.81551 0.00560336
856.894 6.47912 0.095313 1.81519 0.00535179
857.639 6.47662 0.0957933 1.81504 0.00538999
858.385 6.47679 0.101271 1.81507 0.00575595
859.13 6.47568 0.100775 1.815 0.00572746
859.875 6.47242 0.090278 1.81478 0.00503794
860.621 6.46914 0.084674 1.81457 0.00467265
861.366 6.46614 0.0914755 1.81439 0.00513157
862.112 6.4624 0.0965581 1.81416 0.00547771
862.857 6.45574 0.0943125 1.81372 0.00534043
863.602 6.44969 0.0924461 1.81333 0.00522719
864.347 6.44903 0.093926 1.81329 0.00532954
865.093 6.44836 0.0954035 1.81326 0.00543176
865.838 6.44785 0.088801 1.81323 0.00499432
866.583 6.44727 0.0822122 1.81319 0.00455775
867.329 6.44885 0.0849472 1.81331 0.00474092
868.074 6.45063 0.0886393 1.81344 0.00498758
868.82 6.44737 0.0892992 1.81324 0.00503864
869.565 6.44302 0.0892832 1.81296 0.00504607
870.31 6.43949 0.0898029 1.81273 0.00508822
871.056 6.43626 0.090514 1.81253 0.00514279
871.801 6.43205 0.0894364 1.81225 0.00507897
872.546 6.42731 0.0873862 1.81194 0.0049505
873.292 6.42291 0.0854389 1.81166 0.00482821
874.037 6.41878 0.0835756 1.81139 0.00471097
874.782 6.41711 0.0825613 1.81128 0.00464745
875.528 6.41821 0.0824931 1.81137 0.00464395
876.273 6.41816 0.0834815 1.81137 0.00471291
877.018 6.41622 0.0861681 1.81126 0.00489849
877.764 6.41435 0.0872521 1.81114 0.00497634
878.509 6.41265 0.0845931 1.81103 0.00480219
879.254 6.41084 0.0823133 1.81092 0.00465355
880 6.40867 0.0813832 1.81078 0.00459611
880.745 6.40707 0.0801597 1.81068 0.00451814
881.49 6.40911 0.0769399 1.81083 0.00430119
882.236 6.41055 0.0740423 1.81093 0.00410679
882.981 6.40056 0.0777099 1.81027 0.00436819
883.726 6.39071 0.0812444 1.80962 0.00462145
884.472 6.38424 0.0799385 1.80919 0.00454362
885.217 6.37794 0.0785053 1.80877 0.00445672
885.962 6.37584 0.0753931 1.80863 0.00425062
886.708 6.37425 0.0720866 1.80853 0.00403056
887.453 6.37389 0.0704693 1.80851 0.00392357
888.198 6.37383 0.0692446 1.80852 0.00384287
888.944 6.37549 0.0686641 1.80864 0.00380397
889.689 6.3778 0.0683158 1.80881 0.00378012
890.434 6.37654 0.0698532 1.80873 0.00388802
891.18 6.37343 0.0723563 1.80853 0.0040636
891.925 6.36898 0.0724056 1.80824 0.00407432
892.67 6.36361 0.070721 1.80788 0.0039682
893.416 6.35809 0.0707969 1.80752 0.00398183
894.161 6.35242 0.0725384 1.80714 0.00410915
894.906 6.34675 0.0737072 1.80677 0.00419767
895.652 6.34107 0.0741567 1.80639 0.00423726
896.397 6.33673 0.0761104 1.8061 0.00437818
897.142 6.33464 0.0807233 1.80597 0.00469847
897.888 6.33402 0.0822774 1.80594 0.00480779
898.633 6.33704 0.0763643 1.80615 0.0044018
899.378 6.33941 0.0732639 1.80632 0.00418923
900.124 6.3396 0.0803437 1.80635 0.00467507
900.869 6.33962 0.0850147 1.80636 0.00499647
901.614 6.33912 0.0761194 1.80633 0.00439129
902.36 6.3383 0.0678803 1.80627 0.00383113
903.105 6.33555 0.0665708 1.80609 0.00374668
903.85 6.33276 0.0652906 1.80591 0.00366417
904.596 6.32668 0.0649978 1.8055 0.00365263
905.341 6.32066 0.0647074 1.8051 0.00364114
906.086 6.3176 0.0638269 1.80489 0.00358598
906.832 6.3147 0.0629252 1.8047 0.00352912
907.577 6.30847 0.0643725 1.80428 0.00363716
908.322 6.30189 0.0660708 1.80384 0.00376314
909.068 6.30053 0.0657744 1.80376 0.00374624
909.813 6.30026 0.0650622 1.80375 0.0036995
910.558 6.30007 0.0624954 1.80374 0.00352484
911.304 6.29987 0.059357 1.80373 0.00331074
912.049 6.2997 0.062553 1.80373 0.00353327
912.794 6.2995 0.0684184 1.80373 0.00393989
913.54 6.2988 0.0706643 1.80369 0.00409756
914.285 6.29785 0.0709133 1.80364 0.00411785
915.03 6.29611 0.0690983 1.80352 0.00399663
915.776 6.29379 0.0658529 1.80337 0.00377719
916.521 6.28989 0.0643902 1.80311 0.00368231
917.266 6.28463 0.0644833 1.80275 0.00369625
918.012 6.27909 0.0657252 1.80238 0.00379005
918.757 6.27322 0.0681945 1.80198 0.0039695
919.502 6.2687 0.0706572 1.80168 0.00414738
920.248 6.26595 0.0731555 1.8015 0.00432596
920.993 6.26216 0.0735259 1.80125 0.00435814
921.738 6.25662 0.0703457 1.80086 0.00414541
922.484 6.25312 0.0703701 1.80063 0.00415305
923.229 6.25386 0.0771588 1.8007 0.00462674
923.974 6.25496 0.0798952 1.80079 0.00481778
924.72 6.25718 0.0714934 1.80094 0.00423238
925.465 6.25838 0.0635131 1.80102 0.00367784
926.21 6.25634 0.0572636 1.80088 0.00324696
926.956 6.25443 0.0516938 1.80075 0.0028629
927.701 6.25341 0.0491352 1.80069 0.00268749
928.446 6.25186 0.0480486 1.80058 0.00261495
929.192 6.24671 0.0568016 1.80024 0.00323143
929.937 6.24167 0.0647001 1.79991 0.00378945
930.682 6.23891 0.0651361 1.79972 0.0038247
931.428 6.2362 0.0652992 1.79954 0.00384086
932.173 6.23423 0.0593894 1.7994 0.0034316
932.918 6.2322 0.0535388 1.79927 0.00302617
933.664 6.22784 0.0580644 1.79897 0.0033488
934.409 6.22347 0.0625113 1.79868 0.0036665
935.154 6.21709 0.0590278 1.79824 0.00343046
935.9 6.21069 0.0553227 1.79779 0.0031782
936.645 6.21003 0.0566464 1.79775 0.00327364
937.39 6.20983 0.0583808 1.79775 0.00339754
938.136 6.21511 0.0588805 1.79813 0.00342926
938.881 6.22117 0.0592284 1.79856 0.00344952
939.626 6.22406 0.063321 1.79878 0.0037353
940.372 6.22637 0.0681065 1.79895 0.00406991
941.117 6.21872 0.0656765 1.79842 0.00390969
941.862 6.20905 0.0617817 1.79774 0.00364807
942.608 6.20507 0.0588318 1.79747 0.00344633
943.353 6.2026 0.0561374 1.7973 0.0032608
944.098 6.19854 0.0659242 1.79703 0.003956
944.844 6.19364 0.0794823 1.79671 0.00491938
945.589 6.19603 0.070771 1.79687 0.00430393
946.334 6.20071 0.0535687 1.79719 0.00308857
947.08 6.19807 0.0521435 1.79701 0.00299222
947.825 6.19249 0.0573846 1.79663 0.00336868
948.57 6.18901 0.060774 1.7964 0.00361309
949.316 6.18651 0.0632975 1.79623 0.00379561
950.061 6.18565 0.0682025 1.79618 0.00414484
950.806 6.18558 0.0743833 1.79619 0.0045834
951.552 6.18369 0.0696436 1.79606 0.00425233
952.297 6.18057 0.0586733 1.79584 0.00348148
953.042 6.17695 0.0633559 1.79559 0.00381825
953.788 6.17275 0.0777076 1.79532 0.00484132
954.533 6.17451 0.0687689 1.79544 0.0042076
955.278 6.1795 0.0436014 1.79578 0.00242255
956.024 6.17437 0.040596 1.79542 0.00221515
956.769 6.16245 0.0535137 1.79459 0.0031428
957.514 6.15788 0.0561888 1.79428 0.00333878
958.26 6.15901 0.051252 1.79436 0.00298844
959.005 6.16061 0.0472314 1.79448 0.00270295
959.75 6.16263 0.0439521 1.79463 0.00246999
960.496 6.16123 0.0525594 1.79454 0.00308422
961.241 6.15633 0.0711124 1.79422 0.00440973
961.986 6.15619 0.0788735 1.79422 0.0049635
962.732 6.16077 0.0772473 1.79456 0.00484371
963.477 6.16217 0.075514 1.79466 0.00472045
964.222 6.16062 0.0737161 1.79455 0.00459622
964.968 6.16098 0.0675183 1.79458 0.00415699
965.713 6.16297 0.0571294 1.79472 0.00341842
966.458 6.16025 0.0548979 1.79453 0.00326401
967.204 6.15323 0.0603448 1.79404 0.0036598
967.949 6.14466 0.0655532 1.79344 0.00404142
968.694 6.13469 0.0704763 1.79275 0.00440564
969.44 6.13147 0.0697061 1.79252 0.00435589
970.185 6.13455 0.0635909 1.79274 0.0039169
970.93 6.13014 0.0608476 1.79243 0.00372691
971.676 6.11889 0.0613258 1.79163 0.00377424
972.421 6.11251 0.0589571 1.79118 0.00361229
973.166 6.11045 0.0539989 1.79103 0.00325972
973.912 6.11044 0.0520428 1.79104 0.00312072
974.657 6.11234 0.0527897 1.79118 0.00317417
975.402 6.11402 0.053101 1.79131 0.0031965
976.148 6.11551 0.0530242 1.79142 0.00319113
976.893 6.11535 0.0529161 1.79142 0.00318501
977.638 6.11381 0.0527825 1.79131 0.0031783
978.384 6.11309 0.0516959 1.79127 0.00310241
979.129 6.11304 0.0498428 1.79127 0.00297088
979.874 6.11409 0.0500405 1.79135 0.00298563
980.62 6.11598 0.0518065 1.7915 0.00311221
981.365 6.1094 0.0538343 1.79103 0.00326524
982.11 6.09707 0.0559259 1.79015 0.00342875
982.856 6.09019 0.0584021 1.78967 0.00361544
983.601 6.08676 0.0611578 1.78943 0.00381929
984.346 6.08114 0.0601806 1.78903 0.00375591
985.092 6.07429 0.0570543 1.78853 0.00353802
985.837 6.07203 0.0518288 1.78837 0.00316314
986.583 6.07217 0.045422 1.78838 0.00270036
987.328 6.07202 0.0457817 1.78838 0.00272794
988.073 6.07175 0.049439 1.78837 0.00299453
988.818 6.07385 0.0543549 1.78853 0.00335011
989.564 6.07696 0.059887 1.78877 0.00374897
990.309 6.07916 0.0643967 1.78894 0.00407436
991.055 6.08102 0.0685408 1.78909 0.00437342
991.8 6.08069 0.0645311 1.78906 0.00408527
992.545 6.07959 0.0579834 1.78898 0.00361425
993.291 6.07995 0.0576763 1.78902 0.00359308
994.036 6.08071 0.0589792 1.78908 0.00368795
994.781 6.08092 0.0581907 1.7891 0.0036321
995.527 6.08102 0.0569759 1.78911 0.00354554
996.272 6.07923 0.0543807 1.78899 0.0033609
997.017 6.07715 0.0516044 1.78884 0.00316326
997.763 6.07174 0.0486894 1.78845 0.00295819
998.508 6.06607 0.0458314 1.78804 0.00275698
999.253 6.0691 0.0605976 1.78828 0.00382656
999.999 6.07199 0.0764876 1.78852 0.00497635
