255.408 0.9142 1.79325 1.2542 0.55578
256.154 0.952561 1.83983 1.27354 0.554292
256.899 0.991143 1.88549 1.29214 0.552353
257.644 0.96408 1.84877 1.2773 0.552687
258.39 0.927279 1.79863 1.25678 0.552819
259.135 0.943639 1.87114 1.27874 0.56195
259.88 0.981753 1.98546 1.31518 0.571449
260.626 1.00165 2.00506 1.32314 0.569316
261.371 1.00865 1.96439 1.31334 0.560805
262.116 1.02392 1.94582 1.31074 0.553711
262.862 1.04783 1.95154 1.31582 0.548535
263.607 1.06423 1.95462 1.31895 0.544874
264.353 1.06647 1.95277 1.3185 0.543951
265.098 1.07134 1.95949 1.32062 0.543796
265.843 1.08622 1.99793 1.33218 0.54629
266.589 1.09986 2.02894 1.34159 0.547756
267.334 1.09538 1.97743 1.3279 0.540656
268.079 1.09163 1.92566 1.31433 0.532953
268.825 1.09227 2.02637 1.3387 0.549101
269.57 1.09648 2.13551 1.36587 0.564228
270.315 1.12578 2.0984 1.36061 0.551705
271.061 1.16127 2.02943 1.34906 0.532867
271.806 1.18094 2.00619 1.34632 0.524637
272.551 1.19295 2.00372 1.3473 0.521451
273.297 1.21116 2.01127 1.35154 0.518432
274.042 1.23439 2.02684 1.35832 0.515536
274.787 1.24269 2.03893 1.36199 0.515496
275.533 1.23026 2.04645 1.36149 0.519438
276.278 1.22884 2.04003 1.3595 0.518791
277.023 1.25527 1.99899 1.35405 0.506572
277.769 1.28059 1.97334 1.35207 0.496993
278.514 1.29868 2.02989 1.36687 0.501789
279.259 1.31743 2.08407 1.38108 0.505729
280.005 1.3258 2.04563 1.37372 0.498325
280.75 1.33457 2.0073 1.36657 0.49071
281.495 1.34349 1.96527 1.35882 0.482344
282.241 1.35288 1.92289 1.35122 0.473662
282.986 1.36167 1.92609 1.35303 0.472383
283.731 1.37026 1.9441 1.35784 0.473515
284.477 1.38035 1.91826 1.35392 0.467348
285.222 1.39193 1.86583 1.34502 0.456456
285.967 1.40767 1.84938 1.34414 0.450611
286.713 1.42726 1.87042 1.35129 0.450285
287.458 1.4414 1.88034 1.35529 0.449181
288.203 1.44549 1.87022 1.35377 0.446766
288.949 1.45263 1.85672 1.35211 0.4432
289.694 1.4706 1.83134 1.35004 0.435598
290.439 1.48877 1.8084 1.34857 0.428384
291.185 1.50803 1.80932 1.35176 0.425015
291.93 1.5272 1.8102 1.35491 0.421697
292.675 1.53494 1.74296 1.34394 0.408933
293.421 1.5435 1.67253 1.3329 0.395086
294.166 1.54412 1.64838 1.32867 0.390665
294.911 1.54284 1.63443 1.32587 0.38838
295.657 1.54964 1.60178 1.32142 0.381256
296.402 1.56054 1.5607 1.31646 0.371803
297.147 1.57702 1.52573 1.31373 0.362536
297.893 1.5979 1.49589 1.31283 0.353554
298.638 1.60327 1.46977 1.30965 0.347722
299.383 1.58676 1.44837 1.30299 0.346129
300.129 1.57197 1.41901 1.2954 0.342613
300.874 1.56195 1.3697 1.28574 0.33418
301.619 1.55319 1.32306 1.27685 0.325851
302.365 1.54836 1.29364 1.2714 0.320379
303.11 1.54372 1.26383 1.26598 0.314701
303.855 1.53684 1.21338 1.25723 0.304734
304.601 1.53065 1.16267 1.24876 0.294357
305.346 1.49809 1.12235 1.23583 0.289617
306.091 1.46183 1.08268 1.22196 0.285234
306.837 1.43014 1.02537 1.20671 0.27565
307.582 1.40071 0.961158 1.19113 0.263501
308.327 1.36704 0.934159 1.1791 0.260844
309.073 1.32994 0.93144 1.16906 0.26481
309.818 1.29888 0.902964 1.15717 0.261205
310.563 1.27534 0.845477 1.14362 0.24853
311.309 1.24964 0.801223 1.13116 0.239292
312.054 1.21849 0.783698 1.12023 0.23796
312.799 1.18199 0.763622 1.10728 0.236407
313.545 1.12526 0.734218 1.08693 0.234278
314.29 1.06885 0.703313 1.06596 0.23133
315.035 1.02607 0.663694 1.0478 0.223644
315.781 0.983144 0.623128 1.02922 0.215146
316.526 0.937181 0.587604 1.00987 0.208135
317.271 0.890705 0.551598 0.98994 0.200503
318.017 0.83413 0.516232 0.966027 0.193574
318.762 0.774468 0.480168 0.94026 0.186051
319.507 0.712878 0.453576 0.91392 0.181718
320.253 0.649738 0.431531 0.886531 0.17889
320.998 0.590088 0.410344 0.859756 0.1757
321.743 0.533559 0.38993 0.833542 0.172163
322.489 0.477429 0.370651 0.806792 0.168713
323.234 0.422339 0.353482 0.779876 0.165776
323.979 0.366522 0.337349 0.751846 0.163069
324.725 0.310008 0.32509 0.722893 0.16204
325.47 0.252512 0.313043 0.692457 0.160993
326.215 0.193085 0.304523 0.660219 0.161802
326.961 0.132728 0.295757 0.626231 0.162461
327.706 0.0722572 0.294118 0.591539 0.167179
328.451 0.0108208 0.292502 0.55491 0.172214
329.197 -0.0459143 0.294964 0.520205 0.179559
329.942 -0.102537 0.298201 0.484382 0.187799
330.687 -0.1587 0.302576 0.44768 0.197226
331.433 -0.215188 0.307488 0.409466 0.207629
332.178 -0.270001 0.316996 0.371688 0.221789
332.923 -0.323783 0.329954 0.333915 0.239298
333.669 -0.376742 0.342749 0.295554 0.25767
334.414 -0.428498 0.355242 0.256904 0.276749
335.159 -0.478342 0.36809 0.218737 0.296935
335.905 -0.523129 0.381282 0.183897 0.317533
336.65 -0.567144 0.394176 0.148819 0.338819
337.395 -0.605815 0.404537 0.117105 0.357585
338.141 -0.644915 0.41513 0.0843686 0.377578
338.886 -0.685314 0.426226 0.0498269 0.399401
339.631 -0.726132 0.437573 0.0141839 0.422698
340.377 -0.770303 0.449171 -0.0255527 0.448573
341.122 -0.815269 0.461066 -0.0669947 0.476484
341.867 -0.856857 0.471355 -0.10649 0.502931
342.613 -0.897754 0.481337 -0.146297 0.530135
343.358 -0.931058 0.487471 -0.180178 0.551041
344.103 -0.960113 0.491406 -0.210897 0.568332
344.849 -0.994862 0.494688 -0.249235 0.588185
345.594 -1.03537 0.497345 -0.295849 0.611005
346.339 -1.07742 0.501993 -0.344791 0.638261
347.085 -1.12181 0.510077 -0.396351 0.672729
347.83 -1.16691 0.518515 -0.4502 0.710085
348.575 -1.21317 0.527514 -0.506947 0.751169
349.321 -1.2592 0.535195 -0.566071 0.792704
350.066 -1.29867 0.527801 -0.62839 0.809426
350.811 -1.33862 0.520343 -0.693935 0.826841
351.557 -1.37763 0.529304 -0.747893 0.870507
352.302 -1.41692 0.539215 -0.802994 0.918332
353.047 -1.465 0.541352 -0.881711 0.963259
353.793 -1.51545 0.54211 -0.969805 1.01069
354.538 -1.57361 0.549592 -1.07064 1.082
355.283 -1.63554 0.560657 -1.18111 1.17106
356.029 -1.68783 0.569505 -1.28012 1.25194
356.774 -1.73235 0.576408 -1.36932 1.3248
357.519 -1.77455 0.580364 -1.46159 1.39274
358.265 -1.81349 0.580023 -1.55706 1.44965
359.01 -1.85345 0.581377 -1.65784 1.5165
359.755 -1.89568 0.586677 -1.76381 1.60359
360.501 -1.94059 0.594481 -1.87871 1.71128
361.246 -2.00015 0.61545 -2.01656 1.90581
361.991 -2.05974 0.636633 -2.15618 2.12921
362.737 -2.12125 0.657511 -2.30253 2.39065
363.482 -2.183 0.678473 -2.44457 2.69333
364.227 -2.23282 0.692533 -2.5635 2.95987
364.973 -2.28126 0.705646 -2.67397 3.24822
365.718 -2.32594 0.708632 -2.82 3.51012
366.463 -2.36948 0.708044 -2.98544 3.7828
367.209 -2.41145 0.718811 -3.06111 4.12186
367.954 -2.45256 0.736948 -3.05015 4.51099
368.699 -2.50264 0.753514 -3.03598 5.00532
369.445 -2.56285 0.768284 -2.99341 5.64676
370.19 -2.62466 0.783033 -2.84725 6.36915
370.935 -2.68904 0.797721 -2.55407 7.17349
371.681 -2.75074 0.811957 -2.09459 7.95805
372.426 -2.79956 0.824266 -1.57799 8.54146
373.171 -2.84774 0.835914 -0.955329 9.06007
373.917 -2.88128 0.837842 -0.532903 9.44034
374.662 -2.91505 0.839717 -0.0482578 9.78933
375.407 -2.95813 0.844429 0.676506 10.1317
376.153 -3.00222 0.849311 1.48932 10.367
376.898 -3.06577 0.866192 2.75396 10.2831
377.643 -3.13497 0.886358 4.01007 9.83916
378.389 -3.20779 0.908006 5.08186 9.11055
379.134 -3.28302 0.930632 5.88312 8.21829
379.879 -3.34744 0.95148 6.32564 7.42132
380.625 -3.40196 0.970676 6.54765 6.76798
381.37 -3.45468 0.986369 6.69665 6.19916
382.116 -3.50425 0.996385 6.81215 5.72346
382.861 -3.54943 1.00359 6.88604 5.32363
383.606 -3.58092 1.00247 6.96116 5.07637
384.352 -3.6162 1.0037 7.00561 4.80123
385.097 -3.67763 1.02223 6.9284 4.33089
385.842 -3.73975 1.04106 6.82437 3.91583
386.587 -3.8218 1.05907 6.70429 3.44303
387.333 -3.90532 1.07742 6.5592 3.03577
388.078 -3.98411 1.103 6.37806 2.71752
388.824 -4.06295 1.13033 6.19683 2.44959
389.569 -4.13766 1.1497 6.05471 2.22647
390.314 -4.21129 1.16602 5.92711 2.03238
391.06 -4.26877 1.17473 5.8403 1.89491
391.805 -4.3145 1.17783 5.78106 1.79186
392.55 -4.36249 1.18677 5.7062 1.69743
393.296 -4.41322 1.2031 5.6151 1.61254
394.041 -4.4673 1.22146 5.52095 1.5303
394.786 -4.52834 1.24415 5.41719 1.44709
395.532 -4.59481 1.26531 5.31709 1.3614
396.277 -4.68453 1.27795 5.21402 1.24249
397.022 -4.77534 1.29164 5.1134 1.13724
397.768 -4.8609 1.32486 4.99999 1.06675
398.513 -4.94763 1.35887 4.89385 1.00323
399.258 -5.02186 1.37538 4.82175 0.945524
400.004 -5.09561 1.39027 4.75507 0.892204
400.749 -5.15583 1.40706 4.69924 0.855917
401.494 -5.21237 1.42456 4.64776 0.825479
402.24 -5.26401 1.44261 4.6012 0.800954
402.985 -5.31298 1.46107 4.55787 0.779936
403.73 -5.37596 1.47389 4.51188 0.747149
404.476 -5.45321 1.48101 4.46317 0.704275
405.221 -5.53506 1.49561 4.40938 0.666151
405.966 -5.62425 1.52339 4.3472 0.633989
406.712 -5.71954 1.55458 4.28409 0.60311
407.457 -5.83239 1.59595 4.21235 0.571398
408.202 -5.94433 1.63626 4.14677 0.542566
408.948 -6.03227 1.65673 4.10307 0.517785
409.693 -6.12141 1.67757 4.06088 0.494521
410.438 -6.20697 1.7045 4.01993 0.476401
411.184 -6.29344 1.73218 3.98042 0.459423
411.929 -6.36407 1.75951 3.94824 0.448334
412.674 -6.4319 1.7871 3.91822 0.4387
413.42 -6.50107 1.80518 3.89171 0.426149
414.165 -6.57127 1.81909 3.86698 0.412688
414.91 -6.65916 1.84336 3.8352 0.398303
415.656 -6.76171 1.87625 3.79862 0.383561
416.401 -6.87067 1.90633 3.76288 0.36757
417.146 -6.9881 1.93219 3.72776 0.349818
417.892 -7.10977 1.96713 3.69157 0.334706
418.637 -7.23904 2.02421 3.65148 0.324199
419.382 -7.36711 2.07999 3.61437 0.314247
420.128 -7.47879 2.12054 3.58529 0.304626
420.873 -7.59177 2.16199 3.55724 0.295511
421.618 -7.68826 2.19934 3.53416 0.288692
422.364 -7.78598 2.23748 3.5117 0.282134
423.109 -7.87559 2.25588 3.49433 0.273701
423.854 -7.9651 2.27188 3.47786 0.265293
424.6 -8.05575 2.30758 3.45913 0.260268
425.345 -8.14745 2.3505 3.44001 0.256401
426.09 -8.26278 2.38973 3.41861 0.24923
426.836 -8.39413 2.42702 3.39612 0.240312
427.581 -8.52802 2.47303 3.37335 0.232817
428.326 -8.66447 2.52878 3.35033 0.226711
429.072 -8.8128 2.5874 3.32673 0.220076
429.817 -8.9822 2.65034 3.30154 0.212322
430.562 -9.14991 2.71733 3.27759 0.205633
431.308 -9.30146 2.79378 3.2558 0.201631
432.053 -9.45213 2.87098 3.23515 0.197892
432.798 -9.5646 2.93053 3.2204 0.195592
433.544 -9.67845 2.99145 3.20598 0.193345
434.289 -9.81135 3.02349 3.19256 0.187269
435.034 -9.94744 3.05434 3.17943 0.181177
435.78 -10.0768 3.10251 3.16614 0.177233
436.525 -10.206 3.15578 3.15303 0.173859
437.27 -10.3403 3.21057 3.13992 0.170397
438.016 -10.4784 3.26682 3.12696 0.166953
438.761 -10.6372 3.33852 3.11216 0.163504
439.506 -10.8149 3.42459 3.09599 0.160084
440.252 -10.9989 3.51475 3.07998 0.156707
440.997 -11.1907 3.60987 3.06404 0.153341
441.742 -11.3878 3.70757 3.04848 0.149989
442.488 -11.5925 3.80669 3.03322 0.146477
443.233 -11.8012 3.90955 3.01836 0.143118
443.978 -12.0121 4.01714 3.00393 0.140017
444.724 -12.227 4.12854 2.98989 0.137031
445.469 -12.3674 4.2038 2.98117 0.135478
446.214 -12.5097 4.28086 2.97258 0.133957
446.96 -12.6915 4.34576 2.96312 0.130512
447.705 -12.8825 4.41021 2.95366 0.12688
448.45 -13.0856 4.48925 2.9436 0.123558
449.196 -13.2958 4.57539 2.93346 0.12041
449.941 -13.4988 4.68702 2.9232 0.118511
450.686 -13.6975 4.81774 2.91294 0.117412
451.432 -13.916 4.95335 2.90234 0.115865
452.177 -14.158 5.09454 2.89136 0.113831
452.922 -14.4136 5.24366 2.8803 0.111695
453.668 -14.6927 5.4041 2.86886 0.109307
454.413 -14.9677 5.5692 2.858 0.107206
455.158 -15.2047 5.73187 2.84866 0.105995
455.904 -15.4463 5.90193 2.83946 0.104834
456.649 -15.6976 6.0996 2.82985 0.104038
457.394 -15.953 6.30506 2.82043 0.103253
458.14 -16.2175 6.4394 2.81275 0.100846
458.885 -16.4882 6.57218 2.8053 0.0983812
459.63 -16.7488 6.67175 2.79898 0.0956153
460.376 -17.0108 6.76422 2.793 0.0928222
461.121 -17.2768 6.94808 2.78555 0.0916165
461.866 -17.5463 7.18555 2.77743 0.0912031
462.612 -17.7904 7.38621 2.77068 0.0905912
463.357 -18.0114 7.55122 2.7651 0.0898108
464.102 -18.3042 7.75217 2.75816 0.0883882
464.848 -18.7122 8.01138 2.74916 0.0860125
465.593 -19.0982 8.27601 2.74086 0.0841009
466.338 -19.3951 8.52929 2.73418 0.0833324
467.084 -19.6981 8.78746 2.72766 0.0825059
467.829 -20.0153 9.01873 2.72163 0.0811956
468.574 -20.339 9.25897 2.71569 0.0799144
469.32 -20.7564 9.62608 2.70762 0.0787067
470.065 -21.1841 10.0139 2.69969 0.0775312
470.81 -21.5462 10.4212 2.69252 0.0771941
471.556 -21.8997 10.8475 2.68557 0.0769907
472.301 -22.2709 11.2361 2.67924 0.0762403
473.046 -22.6538 11.6198 2.67319 0.0752975
473.792 -23.0241 11.9738 2.66781 0.0742729
474.537 -23.3873 12.3085 2.66289 0.0731982
475.282 -23.7677 12.6878 2.6577 0.0722188
476.028 -24.167 13.1221 2.6522 0.0713474
476.773 -24.5782 13.6158 2.64642 0.0706302
477.518 -25.005 14.2205 2.64001 0.0702125
478.264 -25.4438 14.8365 2.63382 0.0696424
479.009 -25.9329 15.3912 2.62825 0.0684043
479.754 -26.4287 15.97 2.6228 0.0671938
480.5 -26.8885 16.4715 2.61829 0.0659791
481.245 -27.3571 16.9967 2.61382 0.0647894
481.99 -27.7534 17.7579 2.60834 0.0646577
482.736 -28.1351 18.5769 2.60285 0.064614
483.481 -28.6168 19.4712 2.59703 0.0640145
484.226 -29.1241 20.4287 2.5912 0.0632764
484.972 -29.5392 21.2611 2.58651 0.0627193
485.717 -29.9028 22.0321 2.58246 0.0622597
486.462 -30.3526 22.8561 2.57825 0.0613952
487.208 -30.8906 23.7421 2.57392 0.0601656
487.953 -31.3579 24.7508 2.56939 0.0593359
488.698 -31.6879 25.934 2.56453 0.0591213
489.444 -32.0107 27.0989 2.56003 0.0587792
490.189 -32.3855 28.0764 2.55646 0.0580563
490.934 -32.7399 29.1493 2.55275 0.0573917
491.68 -32.9873 30.6771 2.54775 0.0570971
492.425 -33.1755 32.2841 2.54282 0.0568048
493.17 -33.4657 33.8617 2.53832 0.0560286
493.916 -33.7064 35.5237 2.53389 0.0552582
494.661 -33.8529 37.1536 2.52982 0.054627
495.406 -33.9295 38.8375 2.52586 0.0540296
496.152 -34.0864 40.9063 2.52131 0.0529403
496.897 -34.2029 43.2327 2.51658 0.0516764
497.642 -33.8623 45.423 2.51225 0.0512552
498.388 -33.1354 47.4612 2.50821 0.0514279
499.133 -32.2458 49.3667 2.50447 0.0517283
499.878 -31.2129 51.0719 2.50108 0.052188
500.624 -30.3381 52.911 2.49775 0.0520715
501.369 -29.9706 55.1621 2.49452 0.0507086
502.115 -29.3282 57.5359 2.49115 0.0495138
502.86 -27.8199 60.0811 2.48704 0.0490036
503.605 -26.0927 62.5701 2.48306 0.0484928
504.35 -25.143 64.3652 2.48072 0.0477587
505.096 -24.0753 66.1704 2.4784 0.0470348
505.841 -21.5937 68.3101 2.47456 0.0468748
506.587 -18.7353 70.295 2.47063 0.0467707
507.332 -16.1476 71.9053 2.46733 0.0465859
508.077 -13.547 73.2976 2.46424 0.0463792
508.823 -10.692 74.8402 2.46097 0.0458517
509.568 -7.57835 76.3531 2.45762 0.0451534
510.313 -4.26928 77.344 2.45431 0.0447414
511.059 -0.867331 77.7835 2.45105 0.0446006
511.804 3.08412 78.2595 2.44734 0.0440716
512.549 8.03937 78.7937 2.44286 0.042906
513.294 12.5021 78.5367 2.43888 0.0420965
514.04 15.094 77.4252 2.43638 0.0423401
514.785 17.6589 76.1104 2.43378 0.0425791
515.531 20.9634 74.0709 2.43011 0.0428245
516.276 23.9419 71.8291 2.42649 0.0430594
517.021 26.2458 71.295 2.42452 0.0421
517.767 28.5029 70.676 2.42261 0.0411154
518.512 31.6499 69.3914 2.41969 0.0397615
519.257 34.8101 67.7162 2.4166 0.0383615
520.003 36.3834 65.9824 2.41442 0.0381101
520.748 37.2524 64.3136 2.41265 0.0383376
521.493 37.8551 61.7883 2.41009 0.0391531
522.239 38.1636 58.7667 2.40695 0.0403948
522.984 38.8052 56.4931 2.40428 0.0408026
523.729 39.9662 54.9641 2.40221 0.0401559
524.475 41.1045 53.272 2.39995 0.0394505
525.22 42.2932 51.2347 2.39725 0.038599
525.965 43.2689 49.0815 2.39443 0.037832
526.711 43.8414 46.4258 2.39091 0.0374249
527.456 44.2092 43.9177 2.38748 0.0370323
528.201 44.3342 42.3156 2.38528 0.036859
528.947 44.3938 40.7726 2.38309 0.0366875
529.692 44.7761 38.7757 2.38021 0.0357764
530.437 45.0665 36.7874 2.37727 0.0348
531.183 44.4244 34.9834 2.37417 0.0352572
531.928 43.5365 33.3481 2.37104 0.0361352
532.673 43.1847 32.0411 2.36864 0.0361582
533.419 43.1106 30.9081 2.36666 0.03569
534.164 43.0281 29.5272 2.36417 0.0349564
534.909 42.9038 27.9231 2.36118 0.0339625
535.655 42.6611 26.661 2.35867 0.033349
536.4 42.3107 25.9078 2.357 0.0333792
537.145 41.9215 25.1296 2.35518 0.0334201
537.891 41.4056 24.2052 2.35285 0.0335003
538.636 40.9073 23.3378 2.35057 0.0335574
539.381 40.5411 22.573 2.34862 0.0334174
540.127 40.1727 21.8426 2.34668 0.0332785
540.872 39.7008 21.2077 2.34474 0.0334649
541.617 39.2337 20.6051 2.34281 0.0336613
542.363 39.1877 19.9467 2.34142 0.0327768
543.108 39.2119 19.2823 2.34014 0.0316715
543.853 38.8034 18.4633 2.33772 0.0311802
544.599 38.2135 17.6214 2.33481 0.0309656
545.344 37.7286 17.0147 2.33256 0.0309237
546.089 37.3283 16.5788 2.33083 0.0310169
546.835 36.9268 16.0892 2.32891 0.0309644
547.58 36.5182 15.5261 2.32675 0.0307157
548.325 36.0374 14.9782 2.32439 0.0306272
549.071 35.3829 14.4321 2.32149 0.0309251
549.816 34.7946 13.9173 2.31873 0.0311042
550.561 34.4375 13.4137 2.31657 0.0306779
551.307 34.0861 12.934 2.31444 0.0302522
552.052 33.8659 12.4644 2.3127 0.0294657
552.797 33.6416 12.0121 2.31097 0.0286913
553.543 33.2798 11.6195 2.30891 0.0284157
554.288 32.9077 11.2506 2.30683 0.0282079
555.033 32.4891 11.0182 2.30488 0.0285755
555.779 32.0661 10.8335 2.30299 0.0291258
556.524 31.7479 10.5093 2.30107 0.0288639
557.269 31.4891 10.1089 2.29913 0.0281075
558.015 31.1747 9.85101 2.29732 0.0280227
558.76 30.8087 9.73545 2.29565 0.0286467
559.505 30.5216 9.56225 2.2941 0.0288147
560.251 30.366 9.28152 2.29279 0.0281415
560.996 30.1977 9.01373 2.29146 0.02753
561.741 29.9874 8.77255 2.28999 0.0271246
562.487 29.7767 8.54727 2.28854 0.0267676
563.232 29.5415 8.42325 2.28724 0.0269306
563.977 29.3111 8.3025 2.28595 0.0270909
564.723 28.9528 8.15399 2.28393 0.0274738
565.468 28.5981 8.00875 2.28189 0.027861
566.213 28.375 7.78875 2.28025 0.0274774
566.959 28.1826 7.55753 2.27871 0.0269191
567.704 27.994 7.3724 2.27731 0.0265671
568.449 27.8088 7.21124 2.27598 0.0263152
569.195 27.5912 7.01839 2.27435 0.0259644
569.94 27.3475 6.80238 2.27249 0.0255328
570.685 27.0935 6.56336 2.27047 0.0249656
571.431 26.8221 6.28988 2.26821 0.0242018
572.176 26.5592 6.11362 2.26624 0.0239593
572.921 26.312 6.1665 2.26499 0.0250793
573.667 26.0665 6.18318 2.26363 0.0259912
574.412 25.8086 5.99814 2.26155 0.0256646
575.157 25.5567 5.82108 2.25949 0.0253436
575.903 25.3009 5.61562 2.25728 0.0248144
576.648 25.0508 5.4197 2.2551 0.0242963
577.393 24.9027 5.30856 2.25386 0.0240372
578.139 24.7713 5.212 2.25276 0.0238193
578.884 24.6351 5.12545 2.25164 0.0236785
579.629 24.4983 5.04376 2.25052 0.0235661
580.375 24.307 4.9705 2.24901 0.0236719
581.12 24.0826 4.90344 2.24724 0.0239197
581.865 23.9009 4.85769 2.24583 0.0241988
582.611 23.765 4.83524 2.24483 0.0245169
583.356 23.6259 4.80538 2.24377 0.024789
584.101 23.4783 4.7607 2.24258 0.0249718
584.847 23.3323 4.69032 2.24131 0.0249421
585.592 23.1835 4.51319 2.23966 0.0240446
586.337 23.0392 4.34683 2.23807 0.023189
587.083 22.9561 4.25684 2.23721 0.0227595
587.828 22.8734 4.16864 2.23636 0.0223342
588.573 22.7423 4.08761 2.23511 0.0221057
589.319 22.6092 4.00921 2.23383 0.021896
590.064 22.4537 3.9392 2.23237 0.0218173
590.809 22.2949 3.87284 2.23087 0.0217732
591.555 22.13 3.82643 2.22935 0.0219205
592.3 21.964 3.79043 2.22783 0.0221646
593.045 21.8142 3.76137 2.22646 0.0224236
593.791 21.6786 3.73845 2.22523 0.0226963
594.536 21.5493 3.68277 2.22394 0.0226392
595.281 21.4276 3.57668 2.22254 0.0220659
596.027 21.2874 3.48086 2.22099 0.0216318
596.772 21.0913 3.40908 2.21893 0.021592
597.517 20.9167 3.34074 2.21707 0.0215099
598.263 20.8676 3.28024 2.21648 0.0211079
599.008 20.8186 3.2206 2.2159 0.0207087
599.753 20.6828 3.16899 2.21444 0.0206509
600.499 20.5479 3.11893 2.21298 0.0206002
601.244 20.4005 3.09254 2.21144 0.020834
601.989 20.2536 3.07051 2.20989 0.0211139
602.735 20.1472 3.02407 2.20869 0.0210013
603.48 20.0575 2.96875 2.20763 0.0207331
604.225 19.9665 2.94985 2.20667 0.0208654
604.971 19.8751 2.95678 2.20577 0.0212876
605.716 19.7804 2.91736 2.20468 0.0212015
606.461 19.6812 2.82163 2.20334 0.0204834
607.207 19.5873 2.75435 2.20215 0.0200582
607.952 19.505 2.74623 2.20127 0.0202747
608.697 19.4354 2.72544 2.20049 0.0203039
609.443 19.4224 2.64355 2.20017 0.019438
610.188 19.404 2.56518 2.19982 0.0186243
610.933 19.2686 2.56735 2.19831 0.0191098
611.679 19.136 2.56879 2.19681 0.019585
612.424 19.0279 2.53813 2.1955 0.0195987
613.169 18.9242 2.50473 2.19422 0.0195622
613.915 18.8633 2.51241 2.19358 0.0198982
614.66 18.8154 2.53218 2.19314 0.0203458
615.405 18.7453 2.48569 2.19221 0.0200379
616.151 18.6624 2.40249 2.19099 0.0192988
616.896 18.5605 2.35258 2.18963 0.0190279
617.641 18.4406 2.33491 2.18812 0.01922
618.387 18.3303 2.30597 2.18669 0.0192353
619.132 18.2343 2.25773 2.18536 0.0189474
619.878 18.1555 2.21778 2.18428 0.0187088
620.623 18.1308 2.20226 2.18399 0.0186257
621.368 18.0976 2.18719 2.18358 0.0185734
622.113 17.9805 2.17553 2.18205 0.0188239
622.859 17.8659 2.16384 2.18054 0.0190682
623.604 17.7548 2.11911 2.17895 0.0188447
624.349 17.646 2.07429 2.17738 0.0186041
625.095 17.593 2.0282 2.17657 0.0181641
625.84 17.5521 1.9823 2.17594 0.0176841
626.586 17.4961 1.96065 2.17516 0.0175898
627.331 17.4339 1.94998 2.17432 0.0176698
628.076 17.3425 1.92618 2.173 0.0176473
628.822 17.2289 1.89244 2.17132 0.017543
629.567 17.139 1.87765 2.17003 0.0176418
630.312 17.0801 1.8881 2.16927 0.0180216
631.057 17.0324 1.89231 2.16865 0.0182758
631.803 17.0124 1.88146 2.1684 0.0182186
632.548 16.9848 1.86692 2.16802 0.0181287
633.294 16.9128 1.83088 2.1669 0.0178484
634.039 16.8418 1.79594 2.16579 0.0175756
634.784 16.7701 1.78191 2.16472 0.017621
635.53 16.6995 1.76809 2.16366 0.0176653
636.275 16.6263 1.75107 2.16255 0.0176662
637.02 16.5537 1.73389 2.16143 0.0176607
637.766 16.5061 1.70341 2.16066 0.0173652
638.511 16.4671 1.66869 2.16001 0.0169716
639.256 16.423 1.6561 2.15934 0.0169436
640.002 16.3758 1.65757 2.15866 0.0171499
640.747 16.3159 1.64041 2.15772 0.0170943
641.492 16.2421 1.60318 2.15648 0.0167506
642.238 16.1856 1.58009 2.15556 0.0165802
642.983 16.1617 1.58324 2.15525 0.0167426
643.728 16.1384 1.58505 2.15494 0.0168818
644.474 16.1167 1.58175 2.15465 0.0169311
645.219 16.0907 1.57789 2.15428 0.0169842
645.964 16.0023 1.5661 2.15284 0.0170934
646.71 15.9158 1.55446 2.15142 0.0171992
647.455 15.8453 1.52929 2.15021 0.0170241
648.2 15.777 1.50374 2.14904 0.0168312
648.946 15.7447 1.46582 2.14844 0.0163113
649.691 15.7213 1.42507 2.14798 0.0157113
650.436 15.6875 1.39569 2.14738 0.0153348
651.182 15.6487 1.3723 2.14671 0.0150736
651.927 15.5788 1.36748 2.14553 0.0152248
652.672 15.4824 1.37843 2.14393 0.0157346
653.418 15.4052 1.3832 2.14263 0.0160838
654.163 15.3557 1.37948 2.14179 0.0161997
654.908 15.3107 1.37251 2.14103 0.0162434
655.654 15.2776 1.35635 2.14045 0.0160834
656.399 15.2456 1.33904 2.13988 0.0158968
657.144 15.2209 1.31216 2.13941 0.0155113
657.89 15.1961 1.28559 2.13895 0.0151286
658.635 15.097 1.27637 2.13715 0.015278
659.38 14.9995 1.26741 2.13537 0.0154283
660.126 14.9563 1.2594 2.1346 0.015437
660.871 14.9227 1.25164 2.134 0.0154217
661.616 14.8989 1.24908 2.13361 0.0154757
662.362 14.879 1.24853 2.13329 0.0155566
663.107 14.8494 1.25413 2.13281 0.0157841
663.852 14.8129 1.26395 2.1322 0.0161141
664.598 14.7741 1.25091 2.13148 0.0160113
665.343 14.7324 1.21053 2.13061 0.0153846
666.088 14.6851 1.18466 2.12968 0.0150498
666.834 14.626 1.18882 2.1286 0.0153351
667.579 14.5771 1.19123 2.1277 0.015558
668.324 14.5713 1.18677 2.12764 0.0155182
669.07 14.5652 1.18152 2.12757 0.0154633
669.815 14.5527 1.15872 2.12731 0.0150786
670.56 14.54 1.13608 2.12706 0.0146957
671.306 14.4762 1.10528 2.12576 0.0142914
672.051 14.4084 1.07463 2.12437 0.0138932
672.796 14.3524 1.0765 2.1233 0.0141171
673.542 14.3002 1.08727 2.12233 0.0145138
674.287 14.2696 1.08314 2.12175 0.0145462
675.032 14.2508 1.07091 2.12139 0.0143774
675.778 14.2349 1.06865 2.12111 0.0144053
676.523 14.2217 1.07602 2.12092 0.0146243
677.268 14.1995 1.07699 2.12052 0.0147371
678.014 14.1621 1.0673 2.11978 0.0146714
678.759 14.1166 1.05628 2.11886 0.0146002
679.504 14.0446 1.04089 2.11736 0.0145102
680.25 13.9803 1.02633 2.11601 0.0144128
680.995 13.9706 1.01569 2.11583 0.014242
681.74 13.9609 1.00511 2.11566 0.0140717
682.486 13.9513 1.00765 2.11552 0.0141807
683.231 13.9418 1.01061 2.11538 0.0142984
683.976 13.9002 0.975885 2.11445 0.013697
684.722 13.8525 0.934764 2.11337 0.0129661
685.467 13.8159 0.925013 2.1126 0.012879
686.212 13.7842 0.928271 2.11198 0.0130616
686.958 13.7362 0.934199 2.111 0.0133478
687.703 13.6763 0.941866 2.10976 0.0137073
688.448 13.6292 0.944032 2.10877 0.0139124
689.194 13.5981 0.939469 2.10812 0.0139239
689.939 13.5745 0.935642 2.10764 0.0139307
690.684 13.5676 0.933467 2.10754 0.0139272
691.43 13.5533 0.929906 2.10726 0.0139134
692.175 13.5012 0.919395 2.10611 0.0138474
692.92 13.4504 0.908796 2.10499 0.0137737
693.666 13.4155 0.888951 2.10419 0.0134433
694.411 13.3809 0.869507 2.1034 0.0131175
695.156 13.3526 0.854983 2.10276 0.0128848
695.902 13.3252 0.841208 2.10215 0.0126648
696.647 13.313 0.832459 2.1019 0.0125194
697.392 13.3055 0.825254 2.10176 0.0123969
698.138 13.2983 0.811813 2.10161 0.0121283
698.883 13.2912 0.794765 2.10145 0.0117748
699.628 13.2628 0.795557 2.10085 0.0118894
700.374 13.2134 0.813817 2.09979 0.0124679
701.119 13.1705 0.829364 2.09887 0.0129708
701.864 13.1383 0.84097 2.0982 0.0133555
702.61 13.1108 0.847424 2.09761 0.0136078
703.355 13.0977 0.837583 2.09733 0.0134336
704.1 13.0872 0.829926 2.09711 0.0133036
704.846 13.1001 0.841922 2.0975 0.0135773
705.591 13.1131 0.854047 2.09789 0.013853
706.336 13.0684 0.82662 2.0968 0.0133457
707.082 13.0222 0.798554 2.09567 0.0128205
707.827 12.9724 0.766992 2.09444 0.0122124
708.572 12.9225 0.735595 2.0932 0.0115997
709.318 12.8897 0.726977 2.09242 0.011494
710.063 12.8642 0.72786 2.09185 0.0116016
710.808 12.8611 0.737333 2.09185 0.0118642
711.554 12.8751 0.753577 2.09228 0.0122491
712.299 12.8756 0.755839 2.09235 0.0123255
713.044 12.8584 0.739746 2.09193 0.0119967
713.79 12.8312 0.728075 2.09128 0.0118004
714.535 12.7809 0.726268 2.09008 0.0119043
715.28 12.731 0.72517 2.08889 0.0120256
716.026 12.6788 0.727693 2.08763 0.0122442
716.771 12.629 0.729977 2.08643 0.0124523
717.516 12.6192 0.732041 2.08624 0.0125515
718.262 12.6094 0.734088 2.08604 0.0126503
719.007 12.6291 0.717462 2.08654 0.0121993
719.752 12.6519 0.698532 2.08712 0.0116842
720.498 12.6272 0.679704 2.08649 0.01129
721.243 12.589 0.661394 2.08553 0.0109386
721.988 12.5516 0.645767 2.08458 0.0106497
722.734 12.5148 0.631749 2.08365 0.0103973
723.479 12.4816 0.629648 2.08284 0.0104412
724.224 12.4518 0.63861 2.08213 0.0107639
724.97 12.4311 0.640881 2.08164 0.0108926
725.715 12.425 0.632477 2.08151 0.0107085
726.46 12.4177 0.631374 2.08136 0.0107171
727.206 12.4064 0.652426 2.08116 0.0113128
727.951 12.3938 0.672706 2.08093 0.0118928
728.696 12.3733 0.688071 2.08048 0.0123665
729.442 12.3528 0.703182 2.08003 0.0128355
730.187 12.3011 0.681272 2.07865 0.0124136
730.932 12.2498 0.659558 2.07728 0.0119888
731.678 12.2204 0.645662 2.07651 0.0117119
732.423 12.1948 0.633249 2.07583 0.0114625
733.168 12.1807 0.625395 2.07548 0.0113057
733.914 12.1708 0.619276 2.07524 0.0111841
734.659 12.1657 0.616361 2.07514 0.0111369
735.404 12.1637 0.615635 2.07513 0.0111408
736.15 12.1587 0.608522 2.07502 0.0109799
736.895 12.15 0.594035 2.07479 0.0106284
737.641 12.1318 0.58069 2.07431 0.0103284
738.386 12.0952 0.569657 2.07333 0.0101316
739.131 12.0608 0.565191 2.07243 0.0101068
739.876 12.0334 0.585458 2.07177 0.0107434
740.622 12.0081 0.604457 2.07116 0.0113442
741.367 12.0082 0.613179 2.07123 0.0116016
742.112 12.0084 0.621917 2.07129 0.0118594
742.858 12.0098 0.621193 2.07137 0.0118539
743.603 12.0113 0.619893 2.07145 0.0118322
744.349 11.993 0.606469 2.07096 0.0115257
745.094 11.9702 0.590526 2.07033 0.0111585
745.839 11.9416 0.561949 2.06951 0.0104516
746.584 11.9103 0.528235 2.0686 0.0096013
747.33 11.8798 0.520268 2.06777 0.00946271
748.075 11.8503 0.532128 2.06701 0.0098783
748.82 11.8305 0.535404 2.0665 0.0100323
749.566 11.8234 0.527532 2.06632 0.00984291
750.311 11.8226 0.522547 2.06633 0.00972066
751.057 11.8367 0.524283 2.06677 0.00975514
751.802 11.8441 0.526061 2.06702 0.00980546
752.547 11.8187 0.527908 2.06635 0.00993089
753.293 11.7931 0.529189 2.06567 0.0100412
754.038 11.7575 0.519324 2.06467 0.00985726
754.783 11.7224 0.50971 2.06369 0.00967695
755.529 11.7024 0.500138 2.06313 0.00946262
756.274 11.6839 0.490696 2.06262 0.00924733
757.019 11.6652 0.489632 2.06211 0.00927288
757.765 11.6466 0.490784 2.06162 0.00936229
758.51 11.6316 0.500528 2.06124 0.00969323
759.255 11.6185 0.514588 2.06093 0.0101466
760.001 11.6131 0.51009 2.0608 0.0100437
760.746 11.6146 0.489375 2.06084 0.00945392
761.491 11.6009 0.483793 2.06046 0.00933677
762.237 11.5654 0.499981 2.0595 0.00990279
762.982 11.5331 0.507004 2.05861 0.0101969
763.727 11.5085 0.491913 2.05789 0.00982332
764.473 11.4843 0.479136 2.05718 0.00951436
765.218 11.4614 0.477485 2.05654 0.00953039
765.963 11.4395 0.475564 2.05592 0.00953627
766.709 11.44 0.463754 2.05594 0.00919843
767.454 11.4404 0.45194 2.05596 0.00886046
768.199 11.4455 0.445411 2.05614 0.00867027
768.945 11.4511 0.439426 2.05633 0.00849541
769.69 11.4461 0.443111 2.05623 0.00862987
770.435 11.4382 0.449545 2.05604 0.00885272
771.181 11.4177 0.447659 2.05546 0.00885358
771.926 11.3908 0.441442 2.05467 0.00873753
772.671 11.3592 0.437683 2.05375 0.0087038
773.417 11.3238 0.436039 2.05272 0.00874146
774.162 11.303 0.437692 2.05212 0.00884911
774.907 11.3029 0.444263 2.05217 0.00906305
775.653 11.3028 0.444041 2.0522 0.00907081
776.398 11.3023 0.426189 2.05218 0.0085434
777.143 11.3018 0.411419 2.05217 0.00810915
777.889 11.3029 0.413438 2.05225 0.00818239
778.634 11.3038 0.41557 2.05231 0.00825929
779.379 11.3 0.420996 2.05224 0.00844579
780.125 11.2961 0.426406 2.05217 0.00863197
780.87 11.2608 0.415206 2.0511 0.008375
781.615 11.223 0.402739 2.04995 0.00808096
782.361 11.1897 0.403796 2.04896 0.00819255
783.106 11.158 0.408288 2.04802 0.00840823
783.851 11.1485 0.393153 2.04773 0.00797031
784.597 11.1499 0.368098 2.04776 0.0072022
785.342 11.1471 0.379285 2.04773 0.00756846
786.087 11.1402 0.421063 2.04763 0.00889478
786.833 11.1382 0.439095 2.04764 0.00947328
787.578 11.1439 0.424453 2.04782 0.00901879
788.323 11.1428 0.413952 2.0478 0.00870756
789.069 11.1258 0.413363 2.0473 0.0087368
789.814 11.1049 0.41304 2.04668 0.00878243
790.559 11.0652 0.413894 2.04547 0.00890334
791.305 11.0277 0.413528 2.04432 0.00898211
792.05 11.0115 0.39529 2.0438 0.00845041
792.795 10.9953 0.377373 2.04328 0.00792614
793.541 10.9954 0.368087 2.0433 0.00764353
794.286 10.9965 0.359358 2.04335 0.00737653
795.031 11.004 0.370283 2.04364 0.00772208
795.777 11.0128 0.385756 2.04398 0.00820847
796.522 11.0135 0.37886 2.04402 0.00800089
797.267 11.0106 0.362304 2.04393 0.00749359
798.013 10.9831 0.360312 2.04308 0.00749345
798.758 10.9385 0.368429 2.04171 0.00784846
799.503 10.9082 0.370023 2.04077 0.00796964
800.249 10.8937 0.364515 2.04032 0.00783196
800.994 10.8766 0.363732 2.0398 0.00785129
801.739 10.8543 0.371701 2.03912 0.00816406
802.485 10.8367 0.372332 2.03858 0.00823088
803.23 10.8338 0.348584 2.03848 0.00747556
803.975 10.8324 0.327934 2.03842 0.00681768
804.721 10.8452 0.331876 2.03888 0.00693521
805.466 10.858 0.335879 2.03933 0.00705412
806.211 10.8481 0.366725 2.0391 0.0080855
806.957 10.8375 0.397462 2.03884 0.00911737
807.702 10.8137 0.391734 2.03809 0.00899124
808.447 10.7885 0.38116 2.03727 0.00870821
809.193 10.7687 0.367078 2.03662 0.00829696
809.938 10.7505 0.352117 2.03603 0.00785089
810.683 10.7368 0.349697 2.0356 0.00780835
811.429 10.7254 0.353989 2.03526 0.00798293
812.174 10.7161 0.354286 2.03498 0.00802178
812.919 10.7086 0.351119 2.03476 0.00794237
813.665 10.7031 0.344653 2.03459 0.00774926
814.41 10.7006 0.333575 2.03452 0.00739738
815.155 10.6965 0.326127 2.0344 0.00716837
815.901 10.6891 0.32693 2.03418 0.00721926
816.646 10.6789 0.328541 2.03387 0.00730212
817.391 10.6569 0.333533 2.03318 0.00751936
818.137 10.6346 0.337553 2.03247 0.0077058
818.882 10.606 0.332026 2.03152 0.00758373
819.627 10.5778 0.326642 2.03059 0.00746429
820.373 10.5643 0.330442 2.03017 0.00762838
821.118 10.5513 0.334486 2.02977 0.0078002
821.863 10.5532 0.332276 2.02985 0.00773234
822.609 10.5576 0.328994 2.03002 0.00762344
823.354 10.5624 0.320532 2.0302 0.0073383
824.099 10.5674 0.310233 2.03038 0.00699104
824.845 10.5702 0.305186 2.03049 0.00682562
825.59 10.5718 0.303199 2.03057 0.00676592
826.335 10.5717 0.304116 2.0306 0.00680752
827.081 10.5699 0.307673 2.03057 0.00694124
827.826 10.5581 0.31024 2.0302 0.00705899
828.571 10.5324 0.311358 2.02936 0.00715224
829.317 10.508 0.309967 2.02855 0.00715767
830.062 10.4863 0.303151 2.02783 0.00697232
830.807 10.4662 0.295798 2.02715 0.00676438
831.553 10.4514 0.285794 2.02665 0.00645463
832.298 10.4382 0.278084 2.02621 0.0062202
833.043 10.4393 0.291552 2.0263 0.00669343
833.789 10.4402 0.305059 2.02638 0.00716807
834.534 10.4367 0.298233 2.02627 0.00694816
835.279 10.4332 0.291118 2.02616 0.0067181
836.025 10.4359 0.29132 2.02629 0.00673026
836.77 10.4395 0.292538 2.02644 0.00677603
837.515 10.4294 0.301724 2.02613 0.00712044
838.261 10.4154 0.313056 2.02569 0.00754725
839.006 10.3978 0.314074 2.02511 0.007624
839.751 10.3786 0.310113 2.02446 0.00753036
840.497 10.3603 0.309305 2.02385 0.00754451
841.242 10.3428 0.310842 2.02326 0.00763937
841.987 10.3337 0.322123 2.02299 0.00806111
842.733 10.334 0.344893 2.02307 0.0088687
843.478 10.3292 0.344327 2.02293 0.0088678
844.223 10.3152 0.302511 2.02238 0.00743396
844.969 10.3028 0.274051 2.02192 0.00646198
845.714 10.2972 0.281998 2.02176 0.00676076
846.459 10.2906 0.289023 2.02157 0.00702915
847.205 10.2788 0.291285 2.02118 0.00713868
847.95 10.2676 0.294454 2.02081 0.00727943
848.695 10.267 0.314076 2.02085 0.00798508
849.441 10.2661 0.33372 2.02088 0.00869205
850.186 10.246 0.324697 2.02018 0.00841978
850.931 10.2252 0.314591 2.01944 0.00810824
851.677 10.214 0.27926 2.01901 0.00687578
852.422 10.2034 0.240252 2.01859 0.00550593
853.167 10.2028 0.251118 2.01861 0.00590474
853.913 10.2051 0.277942 2.01876 0.00687012
854.658 10.2 0.289801 2.01862 0.00731224
855.403 10.1913 0.293857 2.01834 0.00748169
856.149 10.1808 0.289895 2.01798 0.00736668
856.894 10.169 0.27988 2.01756 0.00703565
857.639 10.1626 0.28073 2.01736 0.00708573
858.385 10.1624 0.293836 2.0174 0.00756685
859.13 10.1595 0.292413 2.01732 0.00752934
859.875 10.152 0.266683 2.01702 0.0066227
860.621 10.1441 0.2528 2.01674 0.00614233
861.366 10.1362 0.268894 2.01651 0.00674543
862.112 10.1266 0.280776 2.0162 0.00720022
862.857 10.1104 0.274799 2.01563 0.00701937
863.602 10.0957 0.269785 2.01511 0.00687018
864.347 10.0938 0.273161 2.01507 0.00700467
865.093 10.0918 0.276531 2.01502 0.00713899
865.838 10.0907 0.260472 2.01498 0.00656403
866.583 10.0894 0.244447 2.01493 0.00599022
867.329 10.0928 0.250976 2.01509 0.00623106
868.074 10.0966 0.259823 2.01527 0.00655536
868.82 10.0885 0.261076 2.01499 0.00662229
869.565 10.0778 0.260639 2.01463 0.00663181
870.31 10.069 0.261538 2.01433 0.00668701
871.056 10.061 0.262915 2.01406 0.00675855
871.801 10.0507 0.259942 2.0137 0.00667443
872.546 10.0392 0.254613 2.01329 0.00650535
873.292 10.0285 0.24956 2.01291 0.00634441
874.037 10.0185 0.244731 2.01256 0.00619014
874.782 10.0143 0.242077 2.01242 0.0061066
875.528 10.0166 0.241842 2.01253 0.00610206
876.273 10.0162 0.244071 2.01254 0.00619268
877.018 10.0112 0.250254 2.01239 0.00643643
877.764 10.0064 0.252607 2.01224 0.00653863
878.509 10.0022 0.246024 2.0121 0.00630971
879.254 9.99779 0.240346 2.01195 0.00611432
880 9.99243 0.237876 2.01177 0.00603874
880.745 9.98841 0.234739 2.01164 0.00593622
881.49 9.99322 0.227032 2.01183 0.00565128
882.236 9.99656 0.22006 2.01196 0.00539594
882.981 9.97229 0.228164 2.01109 0.0057389
883.726 9.94839 0.235933 2.01024 0.00607112
884.472 9.93282 0.232354 2.00967 0.00596854
885.217 9.91769 0.228491 2.00912 0.00585407
885.962 9.91264 0.220868 2.00894 0.00558324
886.708 9.90879 0.212816 2.00881 0.00529412
887.453 9.90779 0.208838 2.00879 0.00515358
888.198 9.90745 0.205807 2.00879 0.00504758
888.944 9.9112 0.20439 2.00895 0.00499657
889.689 9.91645 0.203554 2.00917 0.00496535
890.434 9.91317 0.207024 2.00907 0.00510703
891.18 9.90542 0.212692 2.00881 0.00533753
891.925 9.89464 0.21247 2.00843 0.00535139
892.67 9.88176 0.208096 2.00796 0.00521177
893.416 9.86845 0.207891 2.00748 0.00522943
894.161 9.85474 0.211617 2.00698 0.00539637
894.906 9.84106 0.213984 2.00649 0.00551236
895.652 9.82741 0.21465 2.00599 0.00556406
896.397 9.81685 0.218928 2.00562 0.0057489
897.142 9.81147 0.229581 2.00545 0.00616936
897.888 9.80971 0.233096 2.00541 0.00631289
898.633 9.8169 0.2192 2.00568 0.00577995
899.378 9.82242 0.211893 2.0059 0.00550095
900.124 9.82228 0.228485 2.00594 0.00613894
900.869 9.82186 0.239386 2.00596 0.006561
901.614 9.82092 0.218275 2.00592 0.00576629
902.36 9.81917 0.1987 2.00584 0.00503069
903.105 9.81254 0.195378 2.00561 0.00491968
903.85 9.80579 0.192125 2.00537 0.00481123
904.596 9.79127 0.191053 2.00483 0.00479582
905.341 9.77692 0.189993 2.0043 0.00478048
906.086 9.76955 0.187681 2.00403 0.00470795
906.832 9.76257 0.185329 2.00378 0.00463318
907.577 9.74767 0.188345 2.00323 0.00477476
908.322 9.73196 0.191928 2.00265 0.00493985
909.068 9.72858 0.191068 2.00254 0.00491762
909.813 9.72778 0.189284 2.00253 0.00485626
910.558 9.72721 0.18316 2.00252 0.00462697
911.304 9.72668 0.175699 2.00251 0.00434593
912.049 9.72595 0.183073 2.00251 0.00463804
912.794 9.725 0.196694 2.00251 0.00517179
913.54 9.72305 0.201816 2.00246 0.00537874
914.285 9.72062 0.202253 2.00238 0.00540533
915.03 9.71641 0.197824 2.00223 0.00524614
915.776 9.71093 0.190028 2.00203 0.004958
916.521 9.70167 0.186337 2.00169 0.00483328
917.266 9.68918 0.186227 2.00122 0.00485136
918.012 9.67598 0.188786 2.00073 0.00497424
918.757 9.662 0.194187 2.00021 0.00520948
919.502 9.65115 0.199623 1.99981 0.00544272
920.248 9.64444 0.205216 1.99958 0.00567694
920.993 9.6354 0.205806 1.99924 0.00571897
921.738 9.62247 0.198064 1.99875 0.00543955
922.484 9.61414 0.197868 1.99844 0.00544941
923.229 9.61535 0.213572 1.99852 0.00607102
923.974 9.61758 0.219883 1.99864 0.00632176
924.72 9.62294 0.20037 1.99884 0.00555373
925.465 9.62588 0.181782 1.99895 0.00482611
926.21 9.6212 0.167083 1.99877 0.00426063
926.956 9.61678 0.153979 1.9986 0.0037566
927.701 9.61431 0.147907 1.99851 0.0035264
928.446 9.61055 0.145236 1.99838 0.00343117
929.192 9.59809 0.165262 1.99793 0.0042399
929.937 9.5859 0.183278 1.99749 0.00497184
930.682 9.57929 0.184081 1.99725 0.00501798
931.428 9.57282 0.184253 1.99701 0.00503906
932.173 9.56832 0.170403 1.99683 0.00450204
932.918 9.56366 0.156698 1.99665 0.00397007
933.664 9.5532 0.166908 1.99626 0.00439317
934.409 9.54273 0.176922 1.99588 0.00480977
935.154 9.52797 0.168537 1.9953 0.00449986
935.9 9.51317 0.159659 1.99471 0.00416872
936.645 9.51141 0.162598 1.99466 0.00429389
937.39 9.5107 0.166501 1.99466 0.00445639
938.136 9.52268 0.16777 1.99516 0.00449823
938.881 9.53645 0.168721 1.99572 0.00452506
939.626 9.54278 0.178199 1.996 0.00490007
940.372 9.54773 0.18926 1.99623 0.00533915
941.117 9.53001 0.183245 1.99554 0.00512862
941.862 9.50767 0.17379 1.99465 0.00478501
942.608 9.49845 0.166756 1.99429 0.00452023
943.353 9.49268 0.160377 1.99407 0.0042768
944.098 9.48278 0.182647 1.99372 0.00518843
944.844 9.47077 0.213515 1.99329 0.00645166
945.589 9.47647 0.193517 1.99351 0.00564463
946.334 9.48771 0.154064 1.99393 0.00405085
947.08 9.48152 0.15061 1.99369 0.00392439
947.825 9.46834 0.162369 1.9932 0.00441791
948.57 9.46003 0.169937 1.99289 0.00473829
949.316 9.45403 0.17555 1.99267 0.00497755
950.061 9.45168 0.186687 1.99261 0.00543549
950.806 9.4511 0.20078 1.99262 0.00601062
951.552 9.44678 0.189748 1.99245 0.00557636
952.297 9.4399 0.164394 1.99215 0.00456536
953.042 9.43125 0.174905 1.99183 0.00500682
953.788 9.42088 0.207511 1.99147 0.00634813
954.533 9.42512 0.187043 1.99163 0.00551727
955.278 9.43729 0.129501 1.99207 0.00317673
956.024 9.42545 0.12238 1.9916 0.00290463
956.769 9.3976 0.151457 1.99052 0.00412058
957.514 9.38688 0.157328 1.9901 0.00437735
958.26 9.38947 0.146018 1.99021 0.00391807
959.005 9.39311 0.136813 1.99037 0.00354383
959.75 9.39766 0.129311 1.99056 0.00323845
960.496 9.394 0.148852 1.99045 0.00404374
961.241 9.38195 0.190948 1.99003 0.00578139
961.986 9.38114 0.208575 1.99004 0.00650742
962.732 9.39151 0.204984 1.99047 0.00635064
963.477 9.39461 0.201009 1.99061 0.00618912
964.222 9.39098 0.196761 1.99047 0.00602616
964.968 9.3919 0.182549 1.9905 0.00545029
965.713 9.39667 0.158825 1.99068 0.00448202
966.458 9.39037 0.153558 1.99044 0.00427946
967.204 9.37399 0.16566 1.9898 0.00479808
967.949 9.35411 0.177131 1.98901 0.00529799
968.694 9.33108 0.187867 1.9881 0.00577492
969.44 9.32364 0.185915 1.9878 0.00570954
970.185 9.33071 0.172062 1.98809 0.00513428
970.93 9.32063 0.165592 1.98768 0.00488504
971.676 9.29493 0.166195 1.98664 0.00494656
972.421 9.2804 0.160526 1.98604 0.00473403
973.166 9.27575 0.149154 1.98585 0.0042719
973.912 9.27564 0.144654 1.98586 0.00408974
974.657 9.27975 0.146339 1.98605 0.00415986
975.402 9.28339 0.147031 1.98621 0.0041892
976.148 9.28662 0.146837 1.98636 0.00418222
976.893 9.28612 0.146518 1.98636 0.00417419
977.638 9.28247 0.146095 1.98622 0.00416535
978.384 9.28073 0.143542 1.98616 0.00406587
979.129 9.28051 0.139275 1.98616 0.00389348
979.874 9.28274 0.139689 1.98627 0.00391286
980.62 9.28682 0.143683 1.98646 0.00407882
981.365 9.27169 0.14799 1.98585 0.00427913
982.11 9.24359 0.152238 1.9847 0.0044929
982.856 9.22784 0.157526 1.98406 0.00473722
983.601 9.21985 0.163554 1.98375 0.00500417
984.346 9.20708 0.161087 1.98322 0.00492087
985.092 9.19161 0.153747 1.98258 0.00463511
985.837 9.18656 0.141849 1.98237 0.00414389
986.583 9.18691 0.127376 1.98238 0.00353763
987.328 9.18643 0.128117 1.98238 0.00357376
988.073 9.18555 0.136271 1.98236 0.003923
988.818 9.18999 0.147333 1.98258 0.00438893
989.564 9.19665 0.159823 1.98289 0.00491162
990.309 9.20131 0.169988 1.98311 0.00533804
991.055 9.20518 0.179322 1.9833 0.00572996
991.8 9.20444 0.170216 1.98327 0.00535241
992.545 9.20206 0.155371 1.98317 0.00473525
993.291 9.20275 0.154628 1.98321 0.00470753
994.036 9.20427 0.157523 1.98329 0.00483186
994.781 9.20463 0.155692 1.98332 0.00475871
995.527 9.20475 0.152897 1.98334 0.00464531
996.272 9.20066 0.146933 1.98317 0.00440332
997.017 9.19592 0.140556 1.98298 0.0041443
997.763 9.18371 0.133772 1.98247 0.00387543
998.508 9.17091 0.12712 1.98194 0.00361165
999.253 9.1771 0.160327 1.98225 0.00501295
999.999 9.18287 0.196081 1.98256 0.00651943
