255.408 0.890942 1.87634 1.26497 0.598516
256.154 0.930494 1.9265 1.28584 0.597419
256.899 0.970338 1.97573 1.30594 0.595814
257.644 0.942521 1.93585 1.28993 0.595788
258.39 0.904739 1.88157 1.26782 0.595396
259.135 0.920294 1.95865 1.29124 0.605808
259.88 0.957808 2.08084 1.33029 0.617028
260.626 0.978451 2.10199 1.33894 0.61494
261.371 0.986969 2.0587 1.32858 0.605489
262.116 1.00367 2.03912 1.32597 0.597765
262.862 1.02894 2.04559 1.33159 0.59231
263.607 1.0463 2.04905 1.33506 0.588438
264.353 1.04871 2.04692 1.3346 0.587431
265.098 1.05371 2.05397 1.33689 0.587317
265.843 1.06857 2.09499 1.34931 0.590309
266.589 1.08229 2.1281 1.35944 0.592136
267.334 1.07878 2.07297 1.34484 0.584113
268.079 1.07603 2.01765 1.33037 0.575452
268.825 1.07423 2.1245 1.35628 0.593515
269.57 1.07584 2.24053 1.38526 0.610586
270.315 1.10801 2.20154 1.3799 0.596901
271.061 1.14749 2.12879 1.3679 0.576234
271.806 1.16894 2.10431 1.36514 0.567269
272.551 1.18174 2.10175 1.36628 0.563849
273.297 1.2009 2.11 1.37094 0.560689
274.042 1.22522 2.12689 1.37834 0.557724
274.787 1.23374 2.13974 1.38231 0.557769
275.533 1.22028 2.14724 1.38167 0.562022
276.278 1.21888 2.14016 1.37954 0.561272
277.023 1.24789 2.0969 1.37393 0.547925
277.769 1.27533 2.06997 1.37203 0.53752
278.514 1.29329 2.13034 1.38792 0.543058
279.259 1.31199 2.18824 1.4032 0.547662
280.005 1.3217 2.14728 1.39541 0.539472
280.75 1.3318 2.10646 1.38786 0.531064
281.495 1.3421 2.06174 1.37966 0.521834
282.241 1.35286 2.01668 1.37164 0.512274
282.986 1.36208 2.02008 1.37363 0.510932
283.731 1.37079 2.03922 1.3788 0.512263
284.477 1.38195 2.01177 1.3747 0.505506
285.222 1.39516 1.95611 1.36532 0.493535
285.967 1.41211 1.93876 1.3645 0.487197
286.713 1.43246 1.9613 1.37222 0.486998
287.458 1.44723 1.97192 1.37658 0.485889
288.203 1.45167 1.96109 1.37498 0.483245
288.949 1.45941 1.94672 1.37326 0.479353
289.694 1.47885 1.91991 1.37118 0.47109
290.439 1.49843 1.89572 1.36974 0.46326
291.185 1.51878 1.89685 1.37326 0.459681
291.93 1.53903 1.89795 1.37674 0.456156
292.675 1.54818 1.82656 1.36512 0.442139
293.421 1.55815 1.75187 1.35345 0.426964
294.166 1.55905 1.72618 1.34896 0.422109
294.911 1.55778 1.71127 1.34598 0.419588
295.657 1.56532 1.67668 1.3413 0.411813
296.402 1.57727 1.63323 1.33611 0.401516
297.147 1.59501 1.59633 1.33333 0.391463
297.893 1.61733 1.5649 1.33251 0.381751
298.638 1.62319 1.53726 1.32918 0.375402
299.383 1.60587 1.51439 1.32201 0.373573
300.129 1.59047 1.48317 1.31388 0.369657
300.874 1.58029 1.43096 1.3036 0.360407
301.619 1.5714 1.38164 1.29414 0.351289
302.365 1.56651 1.35054 1.28835 0.345307
303.11 1.5618 1.31904 1.28259 0.339108
303.855 1.5549 1.26584 1.27331 0.328244
304.601 1.5487 1.21241 1.26434 0.31695
305.346 1.51472 1.16977 1.25048 0.311671
306.091 1.47689 1.12783 1.23563 0.306768
306.837 1.44401 1.06747 1.21936 0.296264
307.582 1.41357 0.99999 1.20277 0.283015
308.327 1.37847 0.971491 1.18989 0.280014
309.073 1.33966 0.968369 1.17907 0.284147
309.818 1.30737 0.938365 1.16636 0.280133
310.563 1.28314 0.878155 1.15198 0.266383
311.309 1.25659 0.831801 1.13873 0.256343
312.054 1.2242 0.81331 1.12704 0.254794
312.799 1.18629 0.792135 1.1132 0.252989
313.545 1.12742 0.761129 1.09146 0.250489
314.29 1.06897 0.728582 1.06907 0.247112
315.035 1.0248 0.687106 1.04977 0.238713
315.781 0.980516 0.644688 1.03003 0.229458
316.526 0.933097 0.60752 1.00948 0.221794
317.271 0.885194 0.569883 0.988318 0.213476
318.017 0.826882 0.532875 0.962935 0.205886
318.762 0.765448 0.495159 0.935611 0.197663
319.507 0.702023 0.467246 0.907681 0.192839
320.253 0.637034 0.444031 0.878657 0.189613
320.998 0.575703 0.421738 0.850321 0.186016
321.743 0.517639 0.400277 0.822612 0.182065
322.489 0.460032 0.38 0.794368 0.17821
323.234 0.403529 0.361914 0.765976 0.174904
323.979 0.346321 0.344899 0.736442 0.171839
324.725 0.288418 0.331863 0.705959 0.170541
325.47 0.229558 0.319044 0.673956 0.169218
326.215 0.168743 0.309829 0.64009 0.169831
326.961 0.107035 0.300358 0.604437 0.170273
327.706 0.0452103 0.298177 0.568069 0.174956
328.451 -0.0175435 0.296005 0.52973 0.179941
329.197 -0.0754722 0.29803 0.493437 0.187335
329.942 -0.13324 0.300834 0.456025 0.195631
330.687 -0.190496 0.304791 0.417743 0.205127
331.433 -0.248032 0.309277 0.377939 0.215592
332.178 -0.303853 0.318439 0.338609 0.229922
332.923 -0.358607 0.331093 0.299305 0.247671
333.669 -0.412473 0.343561 0.259435 0.266247
334.414 -0.465065 0.355706 0.21931 0.285487
335.159 -0.515674 0.368201 0.179717 0.30581
335.905 -0.56112 0.381073 0.143588 0.326535
336.65 -0.605744 0.393624 0.10724 0.347901
337.395 -0.6449 0.403653 0.074415 0.366672
338.141 -0.684461 0.41389 0.0405535 0.386631
338.886 -0.725307 0.424597 0.00484521 0.408372
339.631 -0.766545 0.435527 -0.0319814 0.431534
340.377 -0.811126 0.446638 -0.0729961 0.457172
341.122 -0.856469 0.458008 -0.115745 0.484759
341.867 -0.898351 0.46778 -0.156443 0.510802
342.613 -0.939496 0.477225 -0.197433 0.537517
343.358 -0.972931 0.482898 -0.232238 0.557907
344.103 -1.00205 0.486418 -0.263725 0.57466
344.849 -1.03683 0.489186 -0.302937 0.593764
345.594 -1.07734 0.491224 -0.350515 0.615578
346.339 -1.11937 0.495211 -0.400479 0.641701
347.085 -1.16374 0.502562 -0.453197 0.674872
347.83 -1.20878 0.510219 -0.508223 0.710715
348.575 -1.25493 0.518372 -0.566189 0.750023
349.321 -1.30077 0.525174 -0.626461 0.789507
350.066 -1.33976 0.517099 -0.688971 0.804046
350.811 -1.37916 0.50895 -0.754546 0.819081
351.557 -1.41791 0.517069 -0.809437 0.860363
352.302 -1.45692 0.526078 -0.865561 0.905508
353.047 -1.5044 0.527163 -0.944728 0.946655
353.793 -1.55413 0.52678 -1.03298 0.989588
354.538 -1.61153 0.532765 -1.13444 1.0549
355.283 -1.67265 0.542059 -1.24583 1.13641
356.029 -1.72419 0.549315 -1.34551 1.20982
356.774 -1.76801 0.5548 -1.43517 1.27542
357.519 -1.80944 0.557396 -1.52735 1.33563
358.265 -1.84752 0.555831 -1.62175 1.38466
359.01 -1.88663 0.555839 -1.72152 1.4424
359.755 -1.92809 0.559568 -1.82716 1.51846
360.501 -1.97226 0.565584 -1.94235 1.61259
361.246 -2.03132 0.58383 -2.08499 1.78531
361.991 -2.0905 0.602189 -2.23206 1.98255
362.737 -2.15162 0.620088 -2.38954 2.21176
363.482 -2.21304 0.637993 -2.54849 2.47598
364.227 -2.26251 0.649618 -2.68462 2.70636
364.973 -2.31061 0.66035 -2.81734 2.95474
365.718 -2.35458 0.661291 -2.98061 3.17212
366.463 -2.39726 0.658758 -3.16366 3.39339
367.209 -2.43896 0.667442 -3.2782 3.68254
367.954 -2.48017 0.683405 -3.32801 4.02659
368.699 -2.53015 0.697388 -3.39866 4.46203
369.445 -2.59 0.709108 -3.48186 5.02874
370.19 -2.65144 0.720715 -3.50801 5.68535
370.935 -2.7154 0.732125 -3.4476 6.44995
371.681 -2.7767 0.743213 -3.26357 7.25211
372.426 -2.82525 0.753038 -2.99121 7.91436
373.171 -2.87312 0.762243 -2.61697 8.5745
373.917 -2.90611 0.762626 -2.37876 9.06102
374.662 -2.93931 0.76295 -2.07871 9.55511
375.407 -2.9818 0.765597 -1.56234 10.1568
376.153 -3.02528 0.768362 -0.914931 10.7256
376.898 -3.08844 0.781927 0.3334 11.2326
377.643 -3.15729 0.798414 1.82271 11.4021
378.389 -3.22974 0.816148 3.34741 11.1587
379.134 -3.30455 0.834691 4.71449 10.5349
379.879 -3.36866 0.85202 5.63113 9.78385
380.625 -3.42295 0.868224 6.20316 9.06709
381.37 -3.47528 0.881079 6.63364 8.40189
382.116 -3.5242 0.888534 6.97175 7.82756
382.861 -3.56866 0.893464 7.21737 7.32672
383.606 -3.59929 0.890975 7.40463 7.02324
384.352 -3.63373 0.890595 7.55706 6.66825
385.097 -3.6946 0.905733 7.59955 6.00802
385.842 -3.75613 0.921099 7.57531 5.4158
386.587 -3.837 0.934587 7.5306 4.7439
387.333 -3.91926 0.948279 7.42298 4.1597
388.078 -3.99725 0.969234 7.23952 3.69476
388.824 -4.07532 0.991839 7.04191 3.30385
389.569 -4.14889 1.00689 6.88626 2.98404
390.314 -4.2212 1.01901 6.7435 2.7084
391.06 -4.27734 1.02461 6.64598 2.51539
391.805 -4.32174 1.02543 6.57995 2.37231
392.55 -4.36863 1.03179 6.49189 2.23961
393.296 -4.41856 1.04514 6.38126 2.11861
394.041 -4.47184 1.06025 6.26635 2.00177
394.786 -4.53206 1.07914 6.13907 1.88378
395.532 -4.59741 1.09621 6.01685 1.76399
396.277 -4.68468 1.10368 5.89346 1.60227
397.022 -4.77298 1.11206 5.7719 1.45973
397.768 -4.85728 1.13956 5.63166 1.362
398.513 -4.94267 1.16767 5.50062 1.27455
399.258 -5.01494 1.17961 5.41265 1.19721
400.004 -5.08659 1.19002 5.33136 1.1262
400.749 -5.14528 1.20302 5.26293 1.07759
401.494 -5.20045 1.21693 5.19976 1.03678
402.24 -5.25091 1.23164 5.14256 1.00379
402.985 -5.29881 1.24689 5.08934 0.975475
403.73 -5.35977 1.25586 5.03338 0.932474
404.476 -5.43399 1.25848 4.97452 0.876985
405.221 -5.51301 1.26797 4.90919 0.827444
405.966 -5.59978 1.28957 4.83331 0.785221
406.712 -5.69251 1.31399 4.7564 0.744788
407.457 -5.80254 1.34694 4.66906 0.703279
408.202 -5.91153 1.37882 4.58941 0.665763
408.948 -5.99628 1.39327 4.53662 0.634072
409.693 -6.0821 1.40797 4.48569 0.604402
410.438 -6.16483 1.42864 4.43619 0.581152
411.184 -6.2484 1.44991 4.3885 0.559419
411.929 -6.31686 1.47184 4.34964 0.545104
412.674 -6.38262 1.49418 4.31342 0.53265
413.42 -6.44897 1.5074 4.28157 0.516779
414.165 -6.51595 1.51659 4.25191 0.499885
414.91 -6.60028 1.53435 4.21378 0.481753
415.656 -6.69894 1.5592 4.1699 0.463141
416.401 -6.80333 1.58089 4.12712 0.443102
417.146 -6.91526 1.59796 4.08518 0.421022
417.892 -7.03165 1.62319 4.04196 0.402163
418.637 -7.15657 1.66854 3.99403 0.38882
419.382 -7.28013 1.7126 3.94974 0.376242
420.128 -7.38711 1.74344 3.91511 0.364236
420.873 -7.49523 1.77491 3.88175 0.352882
421.618 -7.58753 1.80368 3.85431 0.344374
422.364 -7.68094 1.83301 3.82765 0.336206
423.109 -7.76524 1.8445 3.80708 0.325896
423.854 -7.84915 1.85372 3.7876 0.315647
424.6 -7.93549 1.88114 3.7654 0.309403
425.345 -8.02325 1.91512 3.74274 0.304539
426.09 -8.13255 1.94381 3.71744 0.295731
426.836 -8.25637 1.96938 3.69087 0.284856
427.581 -8.38302 2.00269 3.664 0.275684
428.326 -8.51259 2.04465 3.63684 0.268172
429.072 -8.65314 2.08815 3.60901 0.260042
429.817 -8.81317 2.13371 3.57936 0.250591
430.562 -8.97169 2.18289 3.55118 0.242431
431.308 -9.11593 2.24179 3.52555 0.237477
432.053 -9.25921 2.30119 3.50128 0.232854
432.798 -9.36598 2.34743 3.48396 0.229993
433.544 -9.47399 2.39468 3.46703 0.227201
434.289 -9.59675 2.41388 3.45133 0.219927
435.034 -9.72209 2.43163 3.43597 0.212645
435.78 -9.8426 2.46559 3.42042 0.207891
436.525 -9.96317 2.50405 3.40508 0.203811
437.27 -10.0884 2.54328 3.38975 0.199634
438.016 -10.2169 2.58335 3.3746 0.195483
438.761 -10.3652 2.63531 3.35731 0.191316
439.506 -10.5316 2.69823 3.33842 0.187176
440.252 -10.7037 2.7639 3.31974 0.183095
440.997 -10.883 2.83291 3.30115 0.179032
441.742 -11.0667 2.90332 3.28302 0.174995
442.488 -11.2572 2.97384 3.26524 0.170778
443.233 -11.4511 3.04684 3.24795 0.16675
443.978 -11.6471 3.12335 3.23117 0.16303
444.724 -11.8466 3.20231 3.21485 0.159451
445.469 -11.9764 3.25641 3.20471 0.157582
446.214 -12.1078 3.31169 3.19474 0.155752
446.96 -12.2726 3.35204 3.18376 0.151682
447.705 -12.4449 3.3908 3.1728 0.147397
448.45 -12.6289 3.44079 3.16114 0.143472
449.196 -12.8194 3.49589 3.14939 0.139753
449.941 -13.0059 3.57352 3.13749 0.137485
450.686 -13.1904 3.6677 3.12559 0.136147
451.432 -13.3922 3.76338 3.11332 0.134288
452.177 -13.6145 3.86067 3.1006 0.131865
452.922 -13.8489 3.96251 3.08781 0.129326
453.668 -14.1043 4.07055 3.07459 0.126495
454.413 -14.356 4.18211 3.06204 0.124003
455.158 -14.5746 4.29514 3.05124 0.12255
455.904 -14.7975 4.41309 3.04061 0.121157
456.649 -15.0316 4.55238 3.02951 0.120186
457.394 -15.2698 4.6967 3.01864 0.119228
458.14 -15.5063 4.77902 3.00978 0.116408
458.885 -15.7472 4.85855 3.0012 0.113525
459.63 -15.9746 4.91096 2.99392 0.110302
460.376 -16.2016 4.95678 2.98704 0.107051
461.121 -16.4431 5.07737 2.97845 0.105624
461.866 -16.6941 5.24083 2.9691 0.105109
462.612 -16.9188 5.37612 2.96131 0.104372
463.357 -17.1194 5.48433 2.95489 0.103447
464.102 -17.3833 5.61132 2.94691 0.101777
464.848 -17.7486 5.76842 2.93656 0.0990007
465.593 -18.0957 5.93098 2.92701 0.0967642
466.338 -18.3681 6.09542 2.91933 0.0958511
467.084 -18.6457 6.26141 2.91184 0.0948725
467.829 -18.9302 6.40222 2.90492 0.0933404
468.574 -19.2205 6.5478 2.89809 0.091843
469.32 -19.604 6.77797 2.88882 0.0904221
470.065 -19.9981 7.01992 2.87972 0.0890397
470.81 -20.3432 7.28458 2.87148 0.0886239
471.556 -20.6846 7.56269 2.86351 0.0883627
472.301 -21.0333 7.80559 2.85625 0.0874765
473.046 -21.3899 8.03991 2.84931 0.0863712
473.792 -21.7309 8.25083 2.84314 0.0851752
474.537 -22.0626 8.44589 2.8375 0.0839241
475.282 -22.4145 8.66949 2.83156 0.0827819
476.028 -22.7904 8.92851 2.82525 0.0817628
476.773 -23.1859 9.22677 2.81864 0.0809198
477.518 -23.6144 9.6011 2.81129 0.080418
478.264 -24.0544 9.97649 2.80421 0.0797428
479.009 -24.5197 10.2913 2.79783 0.0783055
479.754 -24.9942 10.6173 2.79161 0.0769009
480.5 -25.4256 10.8896 2.78644 0.0754954
481.245 -25.8676 11.173 2.78134 0.0741192
481.99 -26.3086 11.6368 2.77507 0.0739503
482.736 -26.7543 12.1389 2.76879 0.073882
483.481 -27.2907 12.6644 2.76214 0.0731773
484.226 -27.8625 13.2194 2.75548 0.0723146
484.972 -28.3423 13.7006 2.75013 0.0716628
485.717 -28.7733 14.1453 2.74549 0.0711247
486.462 -29.2786 14.5984 2.74069 0.0701239
487.208 -29.8609 15.063 2.73575 0.068706
487.953 -30.4294 15.6194 2.73058 0.0677448
488.698 -30.9579 16.3193 2.72503 0.067485
489.444 -31.4832 16.9991 2.71989 0.0670809
490.189 -31.9945 17.5319 2.71582 0.0662453
490.934 -32.5237 18.1237 2.71159 0.0654761
491.68 -33.1278 19.0287 2.70589 0.0651253
492.425 -33.7327 19.9884 2.70027 0.0647776
493.17 -34.4064 20.8818 2.69514 0.0638795
493.916 -35.0905 21.8273 2.69009 0.0629886
494.661 -35.7208 22.769 2.68545 0.0622577
495.406 -36.3434 23.7529 2.68094 0.0615659
496.152 -37.1722 24.9182 2.67577 0.0603123
496.897 -38.0998 26.2224 2.67038 0.0588599
497.642 -38.7445 27.6017 2.66545 0.0583688
498.388 -39.1449 29.0405 2.66085 0.0585549
499.133 -39.4341 30.4725 2.65659 0.0588869
499.878 -39.5894 31.8605 2.65273 0.0594013
500.624 -39.923 33.2554 2.64894 0.0592598
501.369 -40.7573 34.628 2.64526 0.0577004
502.115 -41.5442 36.1748 2.64143 0.0563324
502.86 -42.0246 38.2305 2.63676 0.0557416
503.605 -42.438 40.3805 2.63223 0.0551507
504.35 -42.9202 41.7696 2.62958 0.0543101
505.096 -43.3863 43.2253 2.62694 0.0534813
505.841 -43.4225 45.6702 2.62258 0.0532903
506.587 -43.2681 48.3292 2.6181 0.0531624
507.332 -43.0755 50.7113 2.61436 0.0529445
508.077 -42.7913 53.0649 2.61085 0.0527024
508.823 -42.5575 55.7333 2.60713 0.0520954
509.568 -42.2639 58.6627 2.60332 0.0512942
510.313 -41.5582 61.6206 2.59957 0.0508187
511.059 -40.4089 64.5424 2.59587 0.0506513
511.804 -39.0723 68.1076 2.59166 0.0500422
512.549 -37.3881 72.8588 2.58657 0.0487089
513.294 -35.1638 77.116 2.58206 0.0477814
514.04 -32.8179 79.2696 2.57922 0.0480525
514.785 -30.1626 81.3828 2.57626 0.0483181
515.531 -26.1571 84.0653 2.5721 0.0485886
516.276 -21.8202 86.3465 2.568 0.0488471
517.021 -19.8114 88.8637 2.56576 0.0477545
517.767 -17.6607 91.376 2.5636 0.0466338
518.512 -13.9437 94.822 2.56029 0.0450923
519.257 -9.41464 98.2243 2.55678 0.0434986
520.003 -5.67751 99.286 2.55432 0.0432093
520.748 -2.45473 99.2632 2.5523 0.0434637
521.493 1.95871 97.9997 2.5494 0.0443831
522.239 6.91043 95.5816 2.54584 0.0457843
522.984 11.044 94.1796 2.54282 0.0462409
523.729 14.6542 94.2553 2.54047 0.0455039
524.475 18.6015 94.0239 2.53792 0.0447
525.22 23.2775 93.3195 2.53486 0.0437299
525.965 27.9677 91.9357 2.53166 0.0428555
526.711 32.9205 88.9466 2.52768 0.0423877
527.456 37.272 85.5756 2.52379 0.0419365
528.201 39.7929 83.1218 2.5213 0.0417363
528.947 42.0591 80.5826 2.51882 0.0415379
529.692 45.4639 77.592 2.51556 0.0405012
530.437 48.6101 74.3254 2.51223 0.0393906
531.183 49.6272 70.1029 2.50872 0.0399025
531.928 49.8099 65.9338 2.50518 0.0408905
532.673 50.5371 63.0372 2.50247 0.0409121
533.419 51.5502 60.7673 2.50023 0.0403789
534.164 52.7412 57.975 2.49742 0.0395444
534.909 53.9762 54.6636 2.49403 0.038415
535.655 54.5696 51.9166 2.49119 0.0377168
536.4 54.4596 50.1185 2.4893 0.0377481
537.145 54.2663 48.2539 2.48725 0.0377913
537.891 53.9006 46.0172 2.48461 0.037878
538.636 53.496 43.938 2.48204 0.0379388
539.381 53.2593 42.1798 2.47983 0.0377771
540.127 52.9743 40.5059 2.47764 0.0376168
540.872 52.4067 38.9765 2.47544 0.0378242
541.617 51.819 37.535 2.47327 0.038043
542.363 52.0815 36.2339 2.47169 0.0370411
543.108 52.4704 34.9558 2.47025 0.0357899
543.853 52.0627 33.1538 2.46751 0.0352309
544.599 51.2874 31.2472 2.46423 0.0349839
545.344 50.5988 29.8758 2.46168 0.034933
546.089 49.9975 28.8888 2.45973 0.0350355
546.835 49.4132 27.8104 2.45757 0.0349732
547.58 48.8388 26.6033 2.45513 0.034689
548.325 48.1169 25.4156 2.45246 0.0345855
549.071 47.0673 24.1936 2.44918 0.0349173
549.816 46.1338 23.0741 2.44607 0.0351152
550.561 45.622 22.0615 2.44363 0.0346306
551.307 45.1101 21.1053 2.44122 0.0341468
552.052 44.8297 20.2112 2.43926 0.0332564
552.797 44.5323 19.3537 2.43731 0.0323799
553.543 43.9702 18.579 2.43499 0.0320659
554.288 43.3842 17.8533 2.43264 0.0318284
555.033 42.6891 17.3679 2.43044 0.0322404
555.779 41.9811 16.9708 2.42831 0.0328585
556.524 41.4874 16.3553 2.42614 0.0325603
557.269 41.1104 15.6244 2.42395 0.0317042
558.015 40.6114 15.136 2.42191 0.031606
558.76 40.0021 14.8877 2.42002 0.0323074
559.505 39.5405 14.556 2.41828 0.0324947
560.251 39.3205 14.0649 2.41681 0.0317336
560.996 39.0757 13.5963 2.4153 0.0310422
561.741 38.7555 13.1692 2.41365 0.0305831
562.487 38.4325 12.7714 2.41202 0.0301786
563.232 38.0556 12.5423 2.41055 0.0303606
563.977 37.6876 12.3207 2.40909 0.0305395
564.723 37.1126 12.0383 2.40682 0.0309684
565.468 36.5466 11.7643 2.40451 0.0314019
566.213 36.2076 11.3857 2.40266 0.0309673
566.959 35.9205 10.9948 2.40093 0.030336
567.704 35.6344 10.6814 2.39935 0.0299375
568.449 35.3518 10.4089 2.39785 0.0296519
569.195 35.0204 10.0835 2.39602 0.0292545
569.94 34.6498 9.72065 2.39393 0.0287658
570.685 34.2653 9.32276 2.39165 0.0281242
571.431 33.8565 8.87179 2.3891 0.027261
572.176 33.4546 8.57908 2.38689 0.0269855
572.921 33.0619 8.65055 2.38548 0.0282454
573.667 32.6763 8.66424 2.38394 0.0292707
574.412 32.2882 8.36133 2.3816 0.0289002
575.157 31.9101 8.07347 2.37928 0.0285361
575.903 31.529 7.74351 2.3768 0.0279375
576.648 31.1569 7.43107 2.37435 0.0273514
577.393 30.9373 7.25678 2.37294 0.0270583
578.139 30.7431 7.10642 2.37171 0.0268117
578.884 30.5411 6.97157 2.37045 0.0266518
579.629 30.3384 6.84453 2.36919 0.0265241
580.375 30.0528 6.72789 2.36749 0.0266413
581.12 29.7177 6.61941 2.3655 0.0269181
581.865 29.447 6.54568 2.36391 0.0272305
582.611 29.245 6.50948 2.36279 0.0275871
583.356 29.039 6.46197 2.36159 0.027892
584.101 28.8214 6.39187 2.36025 0.0280962
584.847 28.6081 6.2836 2.35882 0.0280612
585.592 28.396 6.01651 2.35697 0.0270494
586.337 28.19 5.7668 2.35518 0.026085
587.083 28.072 5.63378 2.35421 0.025601
587.828 27.9544 5.50367 2.35325 0.0251215
588.573 27.765 5.38269 2.35185 0.0248633
589.319 27.5729 5.2659 2.35041 0.0246259
590.064 27.3479 5.16106 2.34877 0.0245358
590.809 27.1185 5.06184 2.34708 0.0244845
591.555 26.8802 4.99193 2.34538 0.0246485
592.3 26.6405 4.93735 2.34367 0.0249214
593.045 26.4247 4.89348 2.34213 0.025211
593.791 26.23 4.85903 2.34074 0.0255162
594.536 26.0458 4.77735 2.33929 0.0254505
595.281 25.8744 4.62329 2.33772 0.0248045
596.027 25.6763 4.48403 2.33597 0.0243148
596.772 25.3976 4.37841 2.33366 0.0242679
597.517 25.1503 4.2787 2.33157 0.0241736
598.263 25.083 4.19365 2.33091 0.0237212
599.008 25.0157 4.10991 2.33026 0.0232719
599.753 24.8244 4.03579 2.32862 0.0232055
600.499 24.6348 3.96409 2.32697 0.023147
601.244 24.4273 3.92591 2.32524 0.0234081
601.989 24.2209 3.89397 2.32351 0.0237209
602.735 24.0727 3.82843 2.32216 0.0235933
603.48 23.9485 3.75082 2.32097 0.0232908
604.225 23.8219 3.72466 2.31988 0.0234384
604.971 23.6943 3.73483 2.31887 0.0239117
605.716 23.5633 3.67973 2.31764 0.0238138
606.461 23.4271 3.54566 2.31615 0.0230058
607.207 23.2981 3.45188 2.31481 0.0225272
607.952 23.1843 3.44121 2.31382 0.0227693
608.697 23.0887 3.41304 2.31294 0.0228013
609.443 23.0731 3.30054 2.31259 0.0218287
610.188 23.0499 3.1929 2.31219 0.0209145
610.933 22.8623 3.19598 2.3105 0.0214584
611.679 22.679 3.19796 2.30882 0.0219904
612.424 22.5307 3.15568 2.30734 0.0220046
613.169 22.3886 3.10975 2.3059 0.0219623
613.915 22.3054 3.12133 2.30519 0.0223389
614.66 22.2399 3.14976 2.30469 0.0228409
615.405 22.1449 3.08625 2.30364 0.0224944
616.151 22.0329 2.97204 2.30228 0.0216635
616.896 21.8942 2.90368 2.30075 0.021358
617.641 21.7307 2.87954 2.29906 0.0215723
618.387 21.5808 2.84009 2.29745 0.021588
619.132 21.451 2.77446 2.29596 0.0212637
619.878 21.3448 2.72051 2.29475 0.0209949
620.623 21.3122 2.70058 2.29442 0.0209013
621.368 21.2681 2.68119 2.29397 0.0208423
622.113 21.1095 2.66551 2.29225 0.021122
622.859 20.9546 2.64981 2.29055 0.0213946
623.604 20.805 2.58925 2.28877 0.0211424
624.349 20.6588 2.52874 2.287 0.020871
625.095 20.5885 2.46719 2.2861 0.0203767
625.84 20.5345 2.40606 2.28539 0.0198376
626.586 20.4599 2.37767 2.28451 0.0197311
627.331 20.3769 2.36409 2.28357 0.0198202
628.076 20.2547 2.33254 2.2821 0.0197938
628.822 20.1028 2.28746 2.28022 0.0196752
629.567 19.983 2.26816 2.27877 0.019785
630.312 19.9046 2.28297 2.27791 0.0202101
631.057 19.8415 2.28947 2.27722 0.0204947
631.803 19.8156 2.27596 2.27693 0.0204303
632.548 19.7796 2.25744 2.27651 0.0203291
633.294 19.6843 2.20975 2.27525 0.0200138
634.039 19.5903 2.16361 2.274 0.0197069
634.784 19.4955 2.14547 2.27281 0.019757
635.53 19.4021 2.12763 2.27162 0.0198056
636.275 19.3054 2.10552 2.27037 0.0198057
637.02 19.2097 2.0832 2.26912 0.0197985
637.766 19.1474 2.04338 2.26826 0.0194666
638.511 19.0966 1.99802 2.26753 0.0190248
639.256 19.0388 1.98207 2.26678 0.0189929
640.002 18.977 1.98477 2.26602 0.0192236
640.747 18.8984 1.96265 2.26496 0.0191604
641.492 18.8015 1.91387 2.26357 0.0187741
642.238 18.7276 1.88398 2.26254 0.0185824
642.983 18.6968 1.889 2.26219 0.0187642
643.728 18.6667 1.89225 2.26185 0.0189199
644.474 18.6388 1.88871 2.26152 0.0189749
645.219 18.6052 1.88443 2.26111 0.0190341
645.964 18.4893 1.86927 2.25949 0.0191553
646.71 18.3759 1.85432 2.2579 0.0192726
647.455 18.2839 1.82166 2.25655 0.0190754
648.2 18.1949 1.78854 2.25523 0.0188582
648.946 18.1534 1.7394 2.25456 0.0182753
649.691 18.1235 1.6866 2.25405 0.0176026
650.436 18.08 1.64874 2.25338 0.0171804
651.182 18.0299 1.61874 2.25262 0.0168872
651.927 17.9389 1.61303 2.25131 0.0170557
652.672 17.8132 1.62786 2.24951 0.0176255
653.418 17.7129 1.63462 2.24805 0.0180156
654.163 17.6489 1.63034 2.24712 0.0181448
654.908 17.5909 1.62184 2.24626 0.0181931
655.654 17.5483 1.60138 2.24561 0.0180134
656.399 17.5074 1.57944 2.24497 0.0178041
657.144 17.4759 1.54505 2.24445 0.0173719
657.89 17.4444 1.51109 2.24393 0.016943
658.635 17.3161 1.49952 2.24192 0.0171089
659.38 17.1899 1.48829 2.23992 0.0172758
660.126 17.1345 1.47847 2.23906 0.017285
660.871 17.0915 1.469 2.23839 0.0172674
661.616 17.0613 1.46629 2.23795 0.0173275
662.362 17.0362 1.46621 2.2376 0.0174179
663.107 16.9983 1.47406 2.23705 0.0176722
663.852 16.9516 1.48733 2.23638 0.0180412
664.598 16.9021 1.47096 2.23557 0.0179255
665.343 16.8488 1.41921 2.2346 0.0172233
666.088 16.7883 1.38626 2.23356 0.0168478
666.834 16.7125 1.39211 2.23234 0.0171663
667.579 16.6499 1.39571 2.23134 0.0174151
668.324 16.6431 1.39057 2.23127 0.0173705
669.07 16.6359 1.3844 2.23119 0.017309
669.815 16.6203 1.35556 2.2309 0.0168782
670.56 16.6046 1.32693 2.23062 0.0164494
671.306 16.523 1.28768 2.22917 0.0159959
672.051 16.4363 1.24867 2.22761 0.0155493
672.796 16.3648 1.25158 2.22641 0.0157991
673.542 16.2982 1.26589 2.22532 0.0162424
674.287 16.2594 1.26109 2.22468 0.0162782
675.032 16.2359 1.24591 2.22427 0.016089
675.778 16.216 1.24354 2.22397 0.0161201
676.523 16.1996 1.25353 2.22375 0.016365
677.268 16.1716 1.25528 2.22331 0.0164909
678.014 16.1243 1.24329 2.22248 0.0164169
678.759 16.0665 1.22961 2.22144 0.0163366
679.504 15.9748 1.21025 2.21977 0.0162347
680.25 15.8931 1.19201 2.21826 0.0161248
680.995 15.8812 1.1789 2.21806 0.0159336
681.74 15.8693 1.16587 2.21786 0.015743
682.486 15.8576 1.16962 2.21771 0.0158648
683.231 15.846 1.17389 2.21755 0.0159964
683.976 15.7934 1.12994 2.21651 0.0153229
684.722 15.733 1.07788 2.2153 0.0145045
685.467 15.6868 1.06589 2.21445 0.0144067
686.212 15.6469 1.0705 2.21375 0.0146105
686.958 15.5862 1.07849 2.21265 0.0149299
687.703 15.5104 1.08864 2.21126 0.0153312
688.448 15.4509 1.09178 2.21016 0.01556
689.194 15.4119 1.08639 2.20944 0.0155724
689.939 15.3823 1.08193 2.20889 0.0155797
690.684 15.3741 1.07961 2.20878 0.0155757
691.43 15.3563 1.07551 2.20847 0.0155601
692.175 15.2906 1.06251 2.20719 0.0154854
692.92 15.2267 1.04941 2.20593 0.0154023
693.666 15.1829 1.02463 2.20504 0.0150322
694.411 15.1395 1.00038 2.20415 0.0146674
695.156 15.1041 0.982373 2.20344 0.0144068
695.902 15.0699 0.965327 2.20275 0.0141604
696.647 15.0549 0.954657 2.20247 0.0139977
697.392 15.0458 0.945943 2.20232 0.0138606
698.138 15.0371 0.929336 2.20215 0.0135602
698.883 15.0286 0.908164 2.20198 0.0131649
699.628 14.9932 0.909563 2.2013 0.0132926
700.374 14.9311 0.933025 2.20012 0.0139388
701.119 14.8773 0.953021 2.19909 0.0145005
701.864 14.8371 0.968022 2.19834 0.0149301
702.61 14.8027 0.976508 2.19768 0.0152117
703.355 14.7867 0.964451 2.19736 0.0150168
704.1 14.7738 0.955155 2.19712 0.0148713
704.846 14.7906 0.970686 2.19756 0.0151775
705.591 14.8073 0.98639 2.19799 0.015486
706.336 14.7514 0.952077 2.19678 0.0149182
707.082 14.6935 0.916998 2.19551 0.0143304
707.827 14.6313 0.877559 2.19413 0.0136499
708.572 14.5689 0.838381 2.19275 0.0129644
709.318 14.528 0.827892 2.19188 0.0128458
710.063 14.4963 0.829347 2.19124 0.0129657
710.808 14.4928 0.841596 2.19124 0.0132592
711.554 14.5108 0.862364 2.19172 0.0136896
712.299 14.5118 0.865551 2.1918 0.013775
713.044 14.4906 0.845645 2.19134 0.0134073
713.79 14.4567 0.831299 2.19061 0.0131875
714.535 14.394 0.829341 2.18927 0.0133029
715.28 14.3317 0.828265 2.18793 0.0134378
716.026 14.2666 0.831718 2.18653 0.0136813
716.771 14.2046 0.834857 2.18519 0.0139131
717.516 14.1927 0.837748 2.18497 0.0140238
718.262 14.1808 0.840614 2.18475 0.0141341
719.007 14.2058 0.820123 2.18531 0.0136305
719.752 14.2347 0.796729 2.18595 0.0130553
720.498 14.2042 0.773441 2.18526 0.0126145
721.243 14.1567 0.750819 2.18418 0.0122213
721.988 14.1102 0.731574 2.18312 0.0118981
722.734 14.0646 0.714356 2.18208 0.0116156
723.479 14.0234 0.712042 2.18117 0.0116642
724.224 13.9865 0.723543 2.18038 0.0120244
724.97 13.961 0.726672 2.17984 0.0121678
725.715 13.9537 0.716464 2.17969 0.0119621
726.46 13.9449 0.715371 2.17953 0.0119716
727.206 13.9311 0.741936 2.1793 0.0126369
727.951 13.9158 0.767527 2.17904 0.0132847
728.696 13.8905 0.786966 2.17854 0.0138135
729.442 13.8652 0.806071 2.17803 0.0143372
730.187 13.8011 0.778953 2.1765 0.0138651
730.932 13.7376 0.752118 2.17497 0.0133898
731.678 13.7013 0.735062 2.1741 0.0130801
732.423 13.6698 0.719864 2.17335 0.0128012
733.168 13.6525 0.710349 2.17295 0.0126258
733.914 13.6405 0.702993 2.17269 0.0124899
734.659 13.6344 0.699623 2.17257 0.0124372
735.404 13.6324 0.698975 2.17256 0.0124415
736.15 13.6264 0.690381 2.17244 0.0122618
736.895 13.6158 0.672616 2.17219 0.0118691
737.641 13.5936 0.656276 2.17165 0.0115338
738.386 13.5484 0.642823 2.17056 0.0113136
739.131 13.506 0.637536 2.16955 0.0112854
739.876 13.4723 0.662946 2.16881 0.0119959
740.622 13.4411 0.686757 2.16813 0.0126664
741.367 13.4416 0.69782 2.16821 0.0129538
742.112 13.442 0.708902 2.16828 0.0132418
742.858 13.4441 0.708244 2.16837 0.0132356
743.603 13.4462 0.70687 2.16846 0.0132114
744.349 13.4238 0.69043 2.1679 0.012869
745.094 13.3959 0.670869 2.16721 0.0124586
745.839 13.3608 0.635654 2.16629 0.0116689
746.584 13.3222 0.594106 2.16528 0.0107191
747.33 13.2847 0.58448 2.16435 0.010564
748.075 13.2485 0.599402 2.1635 0.0110276
748.82 13.2242 0.603683 2.16293 0.0111993
749.566 13.2158 0.594161 2.16273 0.0109878
750.311 13.2151 0.588207 2.16274 0.0108513
751.057 13.2327 0.590564 2.16323 0.01089
751.802 13.2422 0.592978 2.16351 0.0109463
752.547 13.211 0.595485 2.16276 0.011086
753.293 13.1797 0.597286 2.162 0.0112088
754.038 13.1358 0.585303 2.16089 0.011003
754.783 13.0927 0.573639 2.15979 0.0108012
755.529 13.0682 0.562027 2.15917 0.0105617
756.274 13.0457 0.55058 2.15859 0.0103212
757.019 13.0229 0.549479 2.15803 0.0103495
757.765 13.0002 0.55111 2.15748 0.0104491
758.51 12.982 0.563339 2.15706 0.0108182
759.255 12.966 0.580884 2.15671 0.0113241
760.001 12.9597 0.57553 2.15657 0.0112092
760.746 12.9617 0.55017 2.15661 0.010551
761.491 12.9451 0.543484 2.15619 0.01042
762.237 12.9016 0.563645 2.15512 0.0110513
762.982 12.8621 0.572489 2.15412 0.011379
763.727 12.832 0.554086 2.15332 0.0109618
764.473 12.8024 0.538543 2.15253 0.0106167
765.218 12.7745 0.536702 2.15181 0.0106343
765.963 12.7478 0.534526 2.15112 0.0106405
766.709 12.7486 0.520178 2.15115 0.0102636
767.454 12.7494 0.505821 2.15117 0.0098865
768.199 12.7558 0.497962 2.15137 0.00967435
768.945 12.763 0.49077 2.15158 0.00947932
769.69 12.7572 0.495485 2.15146 0.00962932
770.435 12.7476 0.503584 2.15125 0.00987789
771.181 12.7226 0.501451 2.15061 0.00987859
771.926 12.6898 0.493996 2.14973 0.00974877
772.671 12.6512 0.489567 2.14871 0.00971074
773.417 12.608 0.487741 2.14755 0.0097523
774.162 12.5826 0.489951 2.14688 0.00987214
774.907 12.5828 0.498186 2.14694 0.0101108
775.653 12.5828 0.498079 2.14697 0.0101195
776.398 12.5824 0.476324 2.14695 0.00953111
777.143 12.5821 0.458352 2.14694 0.00904665
777.889 12.5836 0.460993 2.14702 0.00912839
778.634 12.585 0.463772 2.1471 0.00921421
779.379 12.5805 0.4706 2.14702 0.00942224
780.125 12.576 0.477407 2.14694 0.00962992
780.87 12.5329 0.463839 2.14575 0.0093428
781.615 12.4867 0.448733 2.14447 0.00901432
782.361 12.4461 0.450214 2.14336 0.00913839
783.106 12.4074 0.455896 2.14231 0.00937858
783.851 12.396 0.437515 2.14199 0.00889001
784.597 12.3979 0.406971 2.14202 0.00803328
785.342 12.3947 0.420829 2.14198 0.00844179
786.087 12.3865 0.472163 2.14187 0.00992111
786.833 12.3842 0.494404 2.14188 0.0105664
787.578 12.3915 0.476616 2.14209 0.0100595
788.323 12.3904 0.463901 2.14206 0.00971236
789.069 12.3698 0.463333 2.14151 0.00974476
789.814 12.3443 0.463089 2.14081 0.00979538
790.559 12.296 0.464288 2.13946 0.0099297
791.305 12.2503 0.463989 2.13818 0.010017
792.05 12.2307 0.441837 2.1376 0.00942386
792.795 12.2111 0.420085 2.13703 0.008839
793.541 12.2114 0.408876 2.13705 0.00852384
794.286 12.2129 0.398343 2.1371 0.00822611
795.031 12.2223 0.411828 2.13743 0.00861157
795.777 12.2333 0.430877 2.13781 0.00915413
796.522 12.2344 0.422583 2.13785 0.00892265
797.267 12.231 0.402477 2.13775 0.00835687
798.013 12.1975 0.400203 2.13681 0.00835639
798.758 12.1433 0.410291 2.13527 0.00875175
799.503 12.1065 0.412391 2.13422 0.00888651
800.249 12.089 0.405809 2.13372 0.00873281
800.994 12.0682 0.404996 2.13314 0.00875416
801.739 12.0413 0.414858 2.13239 0.00910264
802.485 12.02 0.415764 2.13178 0.00917692
803.23 12.0167 0.386937 2.13167 0.00833474
803.975 12.0151 0.361887 2.13161 0.00760123
804.721 12.0309 0.366803 2.13211 0.00773242
805.466 12.0467 0.371796 2.13262 0.00786516
806.211 12.0348 0.409557 2.13236 0.00901503
806.957 12.022 0.447174 2.13207 0.0101654
807.702 11.9933 0.440309 2.13123 0.0100244
808.447 11.9627 0.42754 2.13032 0.00970853
809.193 11.9387 0.410506 2.1296 0.00924978
809.938 11.9168 0.392411 2.12894 0.00875225
810.683 11.9002 0.389591 2.12846 0.00870467
811.429 11.8866 0.394941 2.12808 0.00889915
812.174 11.8754 0.395425 2.12777 0.00894235
812.919 11.8664 0.39169 2.12752 0.00885373
813.665 11.86 0.38394 2.12734 0.0086384
814.41 11.8571 0.370576 2.12725 0.00824612
815.155 11.8523 0.36163 2.12712 0.00799079
815.901 11.8434 0.362727 2.12688 0.00804744
816.646 11.8312 0.36481 2.12654 0.0081397
817.391 11.8046 0.371009 2.12576 0.0083816
818.137 11.7777 0.376022 2.12497 0.00858915
818.882 11.743 0.369428 2.12392 0.00845272
819.627 11.709 0.363013 2.12288 0.00831925
820.373 11.6927 0.367744 2.12241 0.00850198
821.118 11.6771 0.372769 2.12196 0.00869333
821.863 11.6796 0.370193 2.12205 0.00861772
822.609 11.6851 0.366313 2.12225 0.00849642
823.354 11.6911 0.356142 2.12244 0.00817869
824.099 11.6973 0.343736 2.12264 0.00779173
824.845 11.7009 0.33771 2.12277 0.0076074
825.59 11.703 0.3354 2.12286 0.00754089
826.335 11.703 0.336619 2.12289 0.00758726
827.081 11.7011 0.341047 2.12286 0.00773628
827.826 11.6869 0.344277 2.12245 0.0078674
828.571 11.6558 0.345755 2.1215 0.00797102
829.317 11.6264 0.344183 2.12061 0.0079768
830.062 11.6002 0.33603 2.1198 0.00776998
830.807 11.576 0.327226 2.11904 0.00753803
831.553 11.5582 0.315208 2.11849 0.00719269
832.298 11.5424 0.305974 2.118 0.00693132
833.043 11.5438 0.322397 2.11809 0.00745868
833.789 11.5451 0.338869 2.11818 0.00798761
834.534 11.541 0.330693 2.11806 0.00774252
835.279 11.5369 0.322168 2.11794 0.00748612
836.025 11.5403 0.322507 2.11808 0.00749972
836.77 11.5448 0.324079 2.11825 0.00755077
837.515 11.5328 0.335318 2.11791 0.00793445
838.261 11.516 0.349154 2.11742 0.00840989
839.006 11.4948 0.350486 2.11677 0.00849518
839.751 11.4717 0.345786 2.11605 0.0083906
840.497 11.4497 0.344904 2.11536 0.00840614
841.242 11.4286 0.34686 2.11471 0.00851162
841.987 11.4178 0.360609 2.11441 0.0089814
842.733 11.4182 0.388264 2.1145 0.00988123
843.478 11.4126 0.387668 2.11434 0.00988016
844.223 11.3958 0.337148 2.11373 0.00828243
844.969 11.3809 0.302807 2.11322 0.00719937
845.714 11.3743 0.312515 2.11304 0.00753218
846.459 11.3665 0.321106 2.11282 0.00783114
847.205 11.3523 0.323934 2.11239 0.00795302
847.95 11.3389 0.327857 2.11198 0.0081097
848.695 11.3384 0.351674 2.11203 0.00889585
849.441 11.3374 0.375517 2.11206 0.00968347
850.186 11.3132 0.364684 2.11127 0.00937985
850.931 11.2883 0.352547 2.11046 0.00903249
851.677 11.2748 0.309941 2.10997 0.0076594
852.422 11.2622 0.262907 2.10951 0.00613331
853.167 11.2616 0.276117 2.10953 0.00657757
853.913 11.2645 0.308605 2.10969 0.007653
854.658 11.2585 0.323016 2.10954 0.00814545
855.403 11.2481 0.328 2.10923 0.00833412
856.149 11.2356 0.323298 2.10883 0.00820586
856.894 11.2214 0.311287 2.10836 0.00783698
857.639 11.2139 0.312398 2.10813 0.00789269
858.385 11.2138 0.328303 2.10818 0.00842863
859.13 11.2104 0.326666 2.10808 0.0083868
859.875 11.2015 0.295685 2.10776 0.00737682
860.621 11.1921 0.279009 2.10745 0.00684167
861.366 11.1827 0.298518 2.10718 0.00751336
862.112 11.1712 0.31294 2.10685 0.00801981
862.857 11.1518 0.305808 2.10621 0.00781818
863.602 11.1342 0.299841 2.10563 0.00765183
864.347 11.132 0.303991 2.10558 0.00780161
865.093 11.1297 0.308133 2.10553 0.0079512
865.838 11.1286 0.288841 2.10549 0.00731081
866.583 11.1271 0.269589 2.10543 0.0066717
867.329 11.1313 0.277538 2.10561 0.00693999
868.074 11.1361 0.288284 2.1058 0.00730124
868.82 11.1264 0.289874 2.1055 0.0073757
869.565 11.1136 0.289425 2.10509 0.00738619
870.31 11.1031 0.290587 2.10476 0.00744756
871.056 11.0936 0.292323 2.10446 0.00752715
871.801 11.0813 0.288816 2.10406 0.00743335
872.546 11.0675 0.282469 2.10361 0.00724491
873.292 11.0548 0.276454 2.10318 0.00706556
874.037 11.0428 0.270713 2.10279 0.00689363
874.782 11.0379 0.267588 2.10264 0.00680056
875.528 11.0409 0.267376 2.10276 0.00679554
876.273 11.0405 0.270133 2.10277 0.00689647
877.018 11.0346 0.277657 2.1026 0.00716786
877.764 11.0289 0.280564 2.10243 0.00728163
878.509 11.024 0.272704 2.10228 0.00702665
879.254 11.0188 0.265936 2.10211 0.00680902
880 11.0124 0.263033 2.10191 0.0067248
880.745 11.0077 0.259325 2.10176 0.00661059
881.49 11.0136 0.250107 2.10197 0.00629333
882.236 11.0178 0.241774 2.10212 0.00600902
882.981 10.9887 0.251621 2.10116 0.0063907
883.726 10.96 0.261055 2.1002 0.00676039
884.472 10.9414 0.256821 2.09958 0.006646
885.217 10.9233 0.252247 2.09896 0.00651838
885.962 10.9173 0.243145 2.09876 0.00621677
886.708 10.9128 0.233526 2.09861 0.00589481
887.453 10.9117 0.228806 2.09859 0.00573832
888.198 10.9114 0.225225 2.0986 0.00562029
888.944 10.916 0.223581 2.09877 0.00556352
889.689 10.9225 0.222635 2.09902 0.00552882
890.434 10.9186 0.226877 2.09891 0.00568656
891.18 10.9094 0.233767 2.09862 0.00594314
891.925 10.8966 0.233571 2.09819 0.00595848
892.67 10.8812 0.228384 2.09766 0.00580289
893.416 10.8653 0.22821 2.09713 0.00582243
894.161 10.8489 0.232763 2.09658 0.00600817
894.906 10.8326 0.235679 2.09603 0.00613717
895.652 10.8163 0.236549 2.09548 0.0061946
896.397 10.8037 0.241755 2.09506 0.00640028
897.142 10.7974 0.254616 2.09487 0.00686833
897.888 10.7954 0.258901 2.09483 0.00702811
898.633 10.8041 0.242265 2.09513 0.00643486
899.378 10.8109 0.233544 2.09538 0.00612431
900.124 10.8108 0.253541 2.09542 0.00683461
900.869 10.8104 0.266702 2.09544 0.0073045
901.614 10.8094 0.241393 2.09539 0.00641973
902.36 10.8074 0.217932 2.09531 0.00560075
903.105 10.7995 0.214004 2.09505 0.0054771
903.85 10.7915 0.21016 2.09478 0.0053563
904.596 10.7742 0.208943 2.09418 0.00533902
905.341 10.757 0.20774 2.09359 0.00532182
906.086 10.7483 0.205028 2.0933 0.00524101
906.832 10.74 0.202268 2.09302 0.00515772
907.577 10.7223 0.205959 2.09241 0.0053152
908.322 10.7035 0.210328 2.09176 0.00549884
909.068 10.6995 0.209355 2.09163 0.00547406
909.813 10.6987 0.207271 2.09162 0.00540575
910.558 10.6981 0.199978 2.09161 0.00515052
911.304 10.6976 0.191082 2.0916 0.00483767
912.049 10.6968 0.199986 2.0916 0.00516283
912.794 10.6958 0.216386 2.0916 0.00575699
913.54 10.6935 0.222589 2.09154 0.00598734
914.285 10.6907 0.223169 2.09146 0.00601692
915.03 10.6858 0.217911 2.09129 0.00583967
915.776 10.6793 0.208615 2.09107 0.00551888
916.521 10.6683 0.204248 2.09068 0.00537998
917.266 10.6534 0.204178 2.09017 0.00539999
918.012 10.6377 0.207309 2.08962 0.00553664
918.757 10.621 0.213845 2.08904 0.00579835
919.502 10.6081 0.220419 2.0886 0.00605784
920.248 10.6002 0.227176 2.08834 0.00631847
920.993 10.5894 0.227937 2.08796 0.00636516
921.738 10.574 0.218716 2.08741 0.00605403
922.484 10.5641 0.218535 2.08707 0.00606491
923.229 10.5657 0.237399 2.08716 0.00675676
923.974 10.5685 0.245012 2.08729 0.00703586
924.72 10.575 0.221685 2.08752 0.00618113
925.465 10.5786 0.199462 2.08764 0.00537134
926.21 10.5731 0.181904 2.08743 0.00474194
926.956 10.5678 0.166258 2.08724 0.00418094
927.701 10.565 0.159036 2.08715 0.00392472
928.446 10.5606 0.155891 2.087 0.00381871
929.192 10.5457 0.179942 2.0865 0.00471868
929.937 10.5313 0.201576 2.08601 0.00553318
930.682 10.5234 0.202589 2.08574 0.00558446
931.428 10.5158 0.202848 2.08548 0.00560786
932.173 10.5105 0.186317 2.08528 0.00501019
932.918 10.505 0.169962 2.08508 0.00441814
933.664 10.4926 0.18224 2.08465 0.00488891
934.409 10.4801 0.194279 2.08422 0.00535242
935.154 10.4625 0.184303 2.08357 0.00500742
935.9 10.4449 0.173741 2.08292 0.00463881
936.645 10.4429 0.177304 2.08287 0.00477809
937.39 10.4422 0.182019 2.08286 0.00495891
938.136 10.4566 0.183576 2.08341 0.00500558
938.881 10.4731 0.184751 2.08405 0.00503555
939.626 10.4808 0.196137 2.08436 0.00545295
940.372 10.4868 0.209422 2.08461 0.00594163
941.117 10.4657 0.202273 2.08384 0.00570716
941.862 10.4391 0.191015 2.08285 0.00532458
942.608 10.4281 0.182653 2.08245 0.00502986
943.353 10.4213 0.175072 2.0822 0.00475894
944.098 10.4096 0.201753 2.08181 0.00577325
944.844 10.3953 0.238702 2.08134 0.00717874
945.589 10.4022 0.21484 2.08158 0.00628081
946.334 10.4157 0.167705 2.08205 0.00450749
947.08 10.4084 0.163623 2.08179 0.00436672
947.825 10.3927 0.177736 2.08123 0.00491577
948.57 10.3829 0.186832 2.08089 0.00527218
949.316 10.3758 0.193587 2.08065 0.00553835
950.061 10.3731 0.206942 2.08058 0.00604786
950.806 10.3725 0.22383 2.08059 0.00668779
951.552 10.3674 0.210687 2.0804 0.00620456
952.297 10.3592 0.180432 2.08007 0.0050796
953.042 10.349 0.193037 2.07971 0.0055707
953.788 10.3367 0.232035 2.07931 0.00706297
954.533 10.3418 0.207626 2.07949 0.00613859
955.278 10.3564 0.138905 2.07999 0.00353454
956.024 10.3424 0.130452 2.07946 0.00323172
956.769 10.3092 0.165254 2.07825 0.00458439
957.514 10.2965 0.172312 2.07779 0.00486997
958.26 10.2997 0.158847 2.07792 0.00435902
959.005 10.3041 0.147892 2.07809 0.00394269
959.75 10.3096 0.138969 2.0783 0.00360297
960.496 10.3053 0.162349 2.07818 0.00449889
961.241 10.291 0.212661 2.07771 0.00643199
961.986 10.2901 0.233748 2.07772 0.00723973
962.732 10.3026 0.229509 2.0782 0.00706544
963.477 10.3064 0.224803 2.07835 0.00688578
964.222 10.3021 0.219769 2.0782 0.00670444
964.968 10.3033 0.202836 2.07824 0.00606376
965.713 10.3091 0.174539 2.07844 0.00498654
966.458 10.3016 0.168292 2.07816 0.00476113
967.204 10.2821 0.182788 2.07745 0.00533798
967.949 10.2585 0.196524 2.07658 0.00589393
968.694 10.2311 0.209371 2.07556 0.00642424
969.44 10.2223 0.207078 2.07523 0.00635143
970.185 10.2308 0.190591 2.07556 0.00571157
970.93 10.2188 0.182912 2.0751 0.0054342
971.676 10.1883 0.183673 2.07394 0.00550239
972.421 10.171 0.176953 2.07328 0.00526584
973.166 10.1656 0.163437 2.07307 0.00475175
973.912 10.1655 0.15811 2.07307 0.00454913
974.657 10.1705 0.160154 2.07328 0.00462717
975.402 10.1749 0.161014 2.07347 0.00465984
976.148 10.1788 0.160818 2.07363 0.0046521
976.893 10.1783 0.160474 2.07363 0.00464318
977.638 10.174 0.160009 2.07347 0.00463331
978.384 10.172 0.157002 2.07341 0.00452264
979.129 10.1718 0.151951 2.07341 0.00433089
979.874 10.1745 0.152479 2.07353 0.00435247
980.62 10.1795 0.157275 2.07374 0.00453711
981.365 10.1615 0.162453 2.07306 0.0047598
982.11 10.1281 0.167561 2.07178 0.00499733
982.856 10.1094 0.173899 2.07107 0.00526893
983.601 10.1 0.181116 2.07072 0.00556576
984.346 10.0848 0.178213 2.07014 0.00547298
985.092 10.0665 0.169509 2.06942 0.00515501
985.837 10.0605 0.155383 2.06919 0.00460865
986.583 10.061 0.138188 2.0692 0.00393439
987.328 10.0605 0.139104 2.0692 0.00397458
988.073 10.0596 0.148846 2.06918 0.00436298
988.818 10.0649 0.162047 2.06942 0.00488121
989.564 10.0729 0.17695 2.06977 0.00546262
990.309 10.0785 0.18909 2.07001 0.00593692
991.055 10.0832 0.200242 2.07023 0.00637287
991.8 10.0824 0.189431 2.07019 0.00595296
992.545 10.0796 0.171785 2.07008 0.00526653
993.291 10.0805 0.170935 2.07013 0.0052357
994.036 10.0824 0.174417 2.07022 0.00537401
994.781 10.0829 0.172269 2.07025 0.00529265
995.527 10.0831 0.168974 2.07027 0.00516653
996.272 10.0783 0.161904 2.07008 0.00489735
997.017 10.0727 0.154345 2.06987 0.00460924
997.763 10.0583 0.146303 2.0693 0.0043101
998.508 10.0431 0.138423 2.06871 0.00401664
999.253 10.0505 0.177986 2.06906 0.00557516
999.999 10.0575 0.220592 2.0694 0.00725068
