255.408 1.24674 1.03045 1.31173 0.916191
256.154 1.28095 1.04142 1.34357 0.920182
256.899 1.31462 1.05127 1.37456 0.92322
257.644 1.2893 1.04146 1.35021 0.918818
258.39 1.25468 1.0276 1.31686 0.912253
259.135 1.28608 1.05846 1.34946 0.934386
259.88 1.34236 1.10129 1.40588 0.962475
260.626 1.35825 1.10355 1.41975 0.961742
261.371 1.34786 1.08149 1.40652 0.944293
262.116 1.34889 1.06726 1.40466 0.931715
262.862 1.36193 1.06186 1.4148 0.92489
263.607 1.37048 1.05767 1.4212 0.919888
264.353 1.37075 1.05573 1.42077 0.918212
265.098 1.375 1.05698 1.42433 0.918663
265.843 1.39413 1.06971 1.44267 0.926692
266.589 1.41027 1.07917 1.45784 0.93233
267.334 1.39136 1.05661 1.43746 0.915893
268.079 1.37301 1.03338 1.4175 0.898635
268.825 1.40534 1.07944 1.45256 0.933585
269.57 1.44325 1.12683 1.49272 0.968346
270.315 1.44362 1.10021 1.48829 0.945478
271.061 1.43687 1.05763 1.47534 0.909967
271.806 1.43812 1.04072 1.47348 0.895278
272.551 1.44249 1.03557 1.47616 0.890261
273.297 1.4527 1.03299 1.48425 0.886578
274.042 1.46752 1.03238 1.4966 0.883913
274.787 1.47465 1.03481 1.50278 0.885035
275.533 1.47132 1.04167 1.50066 0.891517
276.278 1.46847 1.03902 1.49752 0.889776
277.023 1.46723 1.01269 1.49228 0.86745
277.769 1.47039 0.993621 1.49198 0.850709
278.514 1.49491 1.01248 1.51543 0.863462
279.259 1.51905 1.02961 1.53825 0.874691
280.005 1.51072 1.01056 1.52813 0.859769
280.75 1.50283 0.991388 1.51842 0.844623
281.495 1.49416 0.970531 1.50787 0.828086
282.241 1.48588 0.949335 1.49767 0.811145
282.986 1.49036 0.948031 1.50111 0.809527
283.731 1.49891 0.95315 1.50889 0.812872
284.477 1.49575 0.939016 1.50409 0.801287
285.222 1.48609 0.912996 1.49224 0.780324
285.967 1.48825 0.901434 1.49243 0.770223
286.713 1.50213 0.905071 1.50457 0.771696
287.458 1.51061 0.905342 1.51167 0.770966
288.203 1.50942 0.899769 1.50976 0.766446
288.949 1.50867 0.89195 1.50796 0.759947
289.694 1.50947 0.87625 1.50656 0.746513
290.439 1.5111 0.861635 1.50605 0.733909
291.185 1.51931 0.856982 1.51235 0.729063
291.93 1.52743 0.852374 1.51858 0.724281
292.675 1.51384 0.821791 1.50333 0.699781
293.421 1.50045 0.78942 1.48817 0.673604
294.166 1.49489 0.778737 1.48213 0.665112
294.911 1.49092 0.772885 1.47797 0.660583
295.657 1.48625 0.757042 1.47219 0.647529
296.402 1.48167 0.736592 1.46606 0.630478
297.147 1.48111 0.717632 1.4636 0.614292
297.893 1.48375 0.700074 1.46408 0.599005
298.638 1.48051 0.687457 1.46001 0.58852
299.383 1.4687 0.681362 1.44917 0.584419
300.129 1.45603 0.671284 1.43722 0.576929
300.874 1.4416 0.651157 1.42286 0.560858
301.619 1.42848 0.63174 1.40974 0.54521
302.365 1.4206 0.619224 1.40177 0.535054
303.11 1.41282 0.60641 1.39388 0.524602
303.855 1.40043 0.584403 1.38127 0.506479
304.601 1.3886 0.561929 1.36918 0.487833
305.346 1.36642 0.548508 1.34874 0.47778
306.091 1.34251 0.535626 1.32679 0.468238
306.837 1.31792 0.513037 1.30353 0.450106
307.582 1.29355 0.486088 1.28019 0.427957
308.327 1.27276 0.477664 1.2612 0.421839
309.073 1.25367 0.481761 1.24446 0.426689
309.818 1.23364 0.471845 1.22596 0.419123
310.563 1.21331 0.445621 1.20621 0.396946
311.309 1.19391 0.426068 1.18769 0.380557
312.054 1.1752 0.420933 1.17058 0.376981
312.799 1.15315 0.414982 1.15039 0.372817
313.545 1.11872 0.406339 1.11882 0.366828
314.29 1.08378 0.396364 1.08657 0.359565
315.035 1.05499 0.379325 1.05948 0.345451
315.781 1.02585 0.361185 1.03196 0.330212
316.526 0.995329 0.345701 1.00324 0.317334
317.271 0.964201 0.329422 0.973848 0.303619
318.017 0.926781 0.313926 0.93858 0.290736
318.762 0.886907 0.297584 0.900867 0.276991
319.507 0.846097 0.286599 0.862311 0.26812
320.253 0.803974 0.278096 0.822419 0.2615
320.998 0.763418 0.269382 0.783807 0.254518
321.743 0.72429 0.260475 0.746366 0.247202
322.489 0.68486 0.251877 0.708476 0.240084
323.234 0.645636 0.244252 0.670637 0.233792
323.979 0.6053 0.237046 0.63156 0.227838
324.725 0.564019 0.23233 0.591436 0.224235
325.47 0.521262 0.227577 0.549666 0.220559
326.215 0.476478 0.22534 0.505738 0.219328
326.961 0.430056 0.222804 0.459938 0.217785
327.706 0.383073 0.225677 0.413424 0.221586
328.451 0.334329 0.228682 0.364871 0.225563
329.197 0.288678 0.234732 0.319201 0.232558
329.942 0.24228 0.241596 0.272528 0.240443
330.687 0.195448 0.249601 0.225167 0.249562
331.433 0.147468 0.25835 0.176368 0.259545
332.178 0.100425 0.2713 0.128346 0.273936
332.923 0.0537663 0.287697 0.0805442 0.292042
333.669 0.00704493 0.304421 0.032432 0.310675
334.414 -0.039375 0.321296 -0.015611 0.329648
335.159 -0.0847069 0.338841 -0.0627282 0.349487
335.905 -0.125834 0.356664 -0.105588 0.369676
336.65 -0.166802 0.374601 -0.148451 0.390164
337.395 -0.203357 0.389815 -0.186847 0.407738
338.141 -0.240747 0.405686 -0.226259 0.426191
338.886 -0.279835 0.422638 -0.267616 0.446036
339.631 -0.319804 0.440331 -0.31006 0.466895
340.377 -0.363741 0.459257 -0.35697 0.489468
341.122 -0.409081 0.479133 -0.405588 0.513369
341.867 -0.451694 0.497224 -0.451488 0.535378
342.613 -0.494173 0.515294 -0.497433 0.557553
343.358 -0.529515 0.528128 -0.535853 0.573655
344.103 -0.560917 0.537944 -0.570143 0.586248
344.849 -0.599191 0.548256 -0.612279 0.599866
345.594 -0.644656 0.559139 -0.662727 0.614647
346.339 -0.692182 0.572834 -0.715621 0.632883
347.085 -0.742489 0.591328 -0.771695 0.656975
347.83 -0.794359 0.610806 -0.829817 0.682544
348.575 -0.848356 0.631641 -0.890649 0.710099
349.321 -0.903258 0.651243 -0.952984 0.73656
350.066 -0.954148 0.650749 -1.01236 0.739238
350.811 -1.00638 0.650029 -1.0737 0.741689
351.557 -1.05463 0.67017 -1.12921 0.768799
352.302 -1.10378 0.69197 -1.18596 0.798227
353.047 -1.16725 0.705677 -1.26102 0.819178
353.793 -1.23555 0.718031 -1.34271 0.839023
354.538 -1.31471 0.74139 -1.43775 0.873502
355.283 -1.4007 0.770995 -1.5419 0.916868
356.029 -1.47552 0.795709 -1.63345 0.953845
356.774 -1.54098 0.816131 -1.71432 0.985089
357.519 -1.6051 0.831704 -1.79459 1.01037
358.265 -1.66648 0.839802 -1.87269 1.02595
359.01 -1.73059 0.850649 -1.95485 1.04559
359.755 -1.79929 0.868448 -2.04328 1.07524
360.501 -1.874 0.891363 -2.14019 1.11296
361.246 -1.97438 0.941537 -2.27024 1.19174
361.991 -2.07873 0.995001 -2.40666 1.27797
362.737 -2.19094 1.05174 -2.55494 1.37256
363.482 -2.30802 1.11259 -2.71092 1.47679
364.227 -2.40669 1.15903 -2.84396 1.55996
364.973 -2.50579 1.20559 -2.97867 1.64546
365.718 -2.60346 1.23051 -3.11667 1.70041
366.463 -2.703 1.24785 -3.26057 1.74549
367.209 -2.79703 1.29238 -3.3919 1.83213
367.954 -2.88775 1.35689 -3.51442 1.95097
368.699 -3.00359 1.42567 -3.67557 2.0855
369.445 -3.15012 1.50014 -3.88537 2.2415
370.19 -3.30627 1.58115 -4.1114 2.4168
370.935 -3.47553 1.67006 -4.35945 2.61658
371.681 -3.64367 1.76247 -4.60747 2.83042
372.426 -3.77993 1.84433 -4.80683 3.02191
373.171 -3.91852 1.92844 -5.01055 3.22487
373.917 -4.02317 1.97076 -5.17368 3.34368
374.662 -4.13105 2.01484 -5.34335 3.47015
375.407 -4.27022 2.08081 -5.56147 3.6562
376.153 -4.41686 2.1521 -5.79301 3.86276
376.898 -4.62391 2.2967 -6.09956 4.25478
377.643 -4.85522 2.47447 -6.4299 4.75018
378.389 -5.10695 2.68076 -6.77289 5.34888
379.134 -5.37603 2.91614 -7.11231 6.06129
379.879 -5.61022 3.1441 -7.36412 6.76505
380.625 -5.80855 3.36056 -7.52788 7.43591
381.37 -6.0105 3.57178 -7.67941 8.12507
382.116 -6.21707 3.76157 -7.84398 8.80021
382.861 -6.4153 3.93677 -7.98909 9.45632
383.606 -6.57444 4.03538 -8.15883 9.90653
384.352 -6.75007 4.16362 -8.30286 10.4629
385.097 -7.01106 4.48917 -8.22213 11.6123
385.842 -7.27778 4.84858 -7.98557 12.8598
386.587 -7.6681 5.33101 -7.54326 14.6273
387.333 -8.07474 5.88492 -6.69402 16.5251
388.078 -8.40923 6.52779 -5.23814 18.1882
388.824 -8.71433 7.258 -3.30704 19.5521
389.569 -9.02959 7.98469 -1.28633 20.5928
390.314 -9.34255 8.76304 0.89759 21.2647
391.06 -9.60567 9.40593 2.64574 21.5681
391.805 -9.84295 9.93491 4.03436 21.7106
392.55 -10.0147 10.5681 5.50994 21.4876
393.296 -10.0797 11.3257 6.96568 20.8412
394.041 -10.0841 12.1877 8.32742 19.9582
394.786 -9.98082 13.2258 9.59573 18.7811
395.532 -9.81247 14.404 10.7188 17.5021
396.277 -9.68782 16.0807 12.058 15.9848
397.022 -9.29286 17.9339 12.9839 14.3753
397.768 -8.15434 19.6635 13.2095 12.7496
398.513 -6.62345 21.2793 13.2231 11.3136
399.258 -5.29558 22.6442 13.2782 10.2919
400.004 -3.74568 23.8707 13.2586 9.37885
400.749 -2.21678 24.6062 13.1354 8.70163
401.494 -0.657216 25.068 12.9766 8.12484
402.24 0.834483 25.2567 12.7986 7.64671
402.985 2.2575 25.2357 12.6132 7.23329
403.73 3.97648 25.2887 12.4661 6.73808
404.476 6.04374 25.2841 12.3351 6.17611
405.221 8.16589 24.7345 12.1247 5.64799
405.966 10.172 23.4995 11.8164 5.15521
406.712 11.8934 21.9215 11.492 4.69962
407.457 13.3492 19.8691 11.1105 4.24105
408.202 14.2978 17.8951 10.7635 3.85356
408.948 14.897 16.5399 10.5487 3.57499
409.693 15.3023 15.2295 10.3393 3.32241
410.438 15.4509 14.0151 10.1263 3.11561
411.184 15.4835 12.8944 9.92172 2.92791
411.929 15.3906 12.0466 9.75145 2.79726
412.674 15.2529 11.3008 9.5932 2.68369
413.42 15.1815 10.6233 9.46226 2.56328
414.165 15.1186 9.9921 9.34374 2.44411
414.91 14.9532 9.25857 9.18764 2.31192
415.656 14.7005 8.49039 9.00718 2.17538
416.401 14.4484 7.76875 8.83535 2.03866
417.146 14.2011 7.07889 8.67096 1.89869
417.892 13.8884 6.4572 8.49961 1.77647
418.637 13.469 5.90228 8.30585 1.67822
419.382 13.0851 5.42719 8.1302 1.5899
420.128 12.8002 5.05662 7.9965 1.51422
420.873 12.5249 4.72259 7.86908 1.44425
421.618 12.2941 4.46917 7.76488 1.39146
422.364 12.0711 4.23553 7.66454 1.34171
423.109 11.9194 4.02267 7.59031 1.28843
423.854 11.777 3.82307 7.52062 1.23693
424.6 11.5909 3.65581 7.4386 1.20013
425.345 11.3971 3.50609 7.35477 1.16899
426.09 11.1982 3.31666 7.26384 1.12221
426.836 10.998 3.11289 7.17007 1.06809
427.581 10.7911 2.93221 7.07517 1.02128
428.326 10.5793 2.77313 6.97936 0.981389
429.072 10.3676 2.6146 6.88246 0.939882
429.817 10.1485 2.44804 6.7806 0.893885
430.562 9.94167 2.3039 6.68452 0.854076
431.308 9.7506 2.19753 6.59711 0.827202
432.053 9.57295 2.10149 6.51516 0.802489
432.798 9.44628 2.03768 6.45702 0.786635
433.544 9.32418 1.97716 6.40058 0.77136
434.289 9.22181 1.88867 6.35012 0.741652
435.034 9.1226 1.8032 6.30105 0.712403
435.78 9.01808 1.73743 6.2508 0.691832
436.525 8.91497 1.67852 6.20134 0.673803
437.27 8.8133 1.62054 6.15222 0.655675
438.016 8.71393 1.56458 6.10395 0.637902
438.761 8.6015 1.50667 6.04907 0.619723
439.506 8.48 1.44827 5.9894 0.601466
440.252 8.36161 1.39241 5.93084 0.583717
440.997 8.24548 1.33853 5.87298 0.566307
441.742 8.13386 1.28708 5.81695 0.549334
442.488 8.02627 1.23652 5.76247 0.532124
443.233 7.92284 1.18917 5.70981 0.515837
443.978 7.82353 1.14561 5.65901 0.500822
444.724 7.72804 1.10458 5.60988 0.486524
445.469 7.66812 1.08114 5.57945 0.478805
446.214 7.60963 1.05852 5.54964 0.471298
446.96 7.54811 1.02239 5.51735 0.456922
447.705 7.48731 0.985727 5.48525 0.442029
448.45 7.4227 0.951132 5.45115 0.428212
449.196 7.35791 0.918287 5.41687 0.415116
449.941 7.29161 0.894001 5.38206 0.406396
450.686 7.22517 0.875305 5.34725 0.400489
451.432 7.15777 0.853841 5.31158 0.393049
452.177 7.08916 0.829439 5.2749 0.383972
452.922 7.0209 0.804864 5.23818 0.374633
453.668 6.95128 0.778951 5.20046 0.364481
454.413 6.88567 0.755834 5.1648 0.355499
455.158 6.82902 0.739759 5.13417 0.349811
455.904 6.77368 0.724387 5.10412 0.344361
456.649 6.71616 0.71111 5.0728 0.340081
457.394 6.66031 0.698291 5.04227 0.335906
458.14 6.6162 0.677677 5.01776 0.326808
458.885 6.57378 0.657216 4.99411 0.317629
459.63 6.53826 0.636137 4.97421 0.307725
460.376 6.50482 0.615398 4.95543 0.297845
461.121 6.46221 0.60285 4.93176 0.292877
461.866 6.41573 0.594473 4.90596 0.290369
462.612 6.37727 0.585999 4.8846 0.287446
463.357 6.34565 0.577454 4.86706 0.284176
464.102 6.30717 0.564662 4.84536 0.27871
464.848 6.25833 0.545651 4.81739 0.270008
465.593 6.21337 0.529857 4.79166 0.262922
466.338 6.17677 0.52132 4.77094 0.259657
467.084 6.14131 0.512677 4.75079 0.256253
467.829 6.10891 0.501857 4.73228 0.251433
468.574 6.07713 0.491363 4.71407 0.246741
469.32 6.03441 0.480285 4.68937 0.242048
470.065 5.9927 0.46961 4.66518 0.237503
470.81 5.95479 0.463771 4.6433 0.235637
471.556 5.91825 0.458806 4.62218 0.234216
472.301 5.88533 0.451427 4.60304 0.231214
473.046 5.85414 0.443305 4.58485 0.227681
473.792 5.82649 0.435168 4.56871 0.223994
474.537 5.80133 0.427077 4.55402 0.220224
475.282 5.77492 0.419422 4.53855 0.21673
476.028 5.74701 0.412242 4.52215 0.213542
476.773 5.71786 0.405784 4.50498 0.210803
477.518 5.68562 0.400597 4.48592 0.208904
478.264 5.65475 0.394827 4.4676 0.206587
479.009 5.6273 0.386142 4.45122 0.202369
479.754 5.6006 0.377732 4.43526 0.198266
480.5 5.57848 0.369746 4.42208 0.194259
481.245 5.55671 0.361969 4.40907 0.190347
481.99 5.52978 0.358911 4.39301 0.189458
482.736 5.5029 0.356299 4.37694 0.18883
483.481 5.47486 0.350986 4.36002 0.186555
484.226 5.44694 0.345079 4.34312 0.183889
484.972 5.42447 0.340479 4.32958 0.181861
485.717 5.40496 0.336588 4.31787 0.180178
486.462 5.385 0.330809 4.3058 0.17732
487.208 5.36464 0.323354 4.2934 0.17341
487.953 5.34334 0.317732 4.28044 0.17065
488.698 5.32041 0.314861 4.2665 0.169639
489.444 5.29926 0.311552 4.25363 0.168296
490.189 5.28254 0.306838 4.24348 0.165944
490.934 5.26524 0.30238 4.23295 0.163756
491.68 5.24207 0.299227 4.21872 0.162529
492.425 5.21935 0.296139 4.20474 0.161319
493.17 5.19876 0.291049 4.19203 0.158776
493.916 5.17857 0.286047 4.17954 0.156264
494.661 5.16003 0.281807 4.1681 0.154183
495.406 5.14203 0.277779 4.15698 0.152212
496.152 5.12168 0.271463 4.14428 0.148824
496.897 5.10063 0.264386 4.13109 0.144948
497.642 5.08117 0.261144 4.11897 0.143473
498.388 5.06293 0.260585 4.10767 0.143683
499.133 5.04601 0.260662 4.09721 0.144267
499.878 5.03062 0.261519 4.08773 0.145317
500.624 5.0157 0.259911 4.07848 0.144766
501.369 5.00155 0.252994 4.06959 0.140764
502.115 4.98681 0.246805 4.06032 0.137231
502.86 4.96882 0.243395 4.04899 0.135556
503.605 4.95142 0.240039 4.03802 0.133894
504.35 4.9411 0.236149 4.03161 0.131723
505.096 4.93087 0.232325 4.02526 0.129586
505.841 4.91416 0.230552 4.01472 0.128914
506.587 4.89706 0.229004 4.00391 0.128392
507.332 4.88272 0.227275 3.99488 0.127688
508.077 4.86931 0.225513 3.98643 0.126939
508.823 4.85525 0.222387 3.97752 0.125304
509.568 4.84092 0.218553 3.9684 0.123204
510.313 4.82677 0.21594 3.95942 0.121892
511.059 4.81282 0.214473 3.95056 0.121325
511.804 4.79711 0.211324 3.9405 0.119679
512.549 4.77841 0.205429 3.9284 0.116272
513.294 4.76181 0.201136 3.91769 0.113869
514.04 4.75106 0.201454 3.91092 0.114395
514.785 4.73991 0.201733 3.90387 0.114902
515.531 4.72449 0.201829 3.89397 0.115368
516.276 4.70931 0.201894 3.88422 0.115807
517.021 4.70106 0.197462 3.87897 0.113124
517.767 4.69308 0.192958 3.8739 0.110382
518.512 4.68111 0.186801 3.86613 0.106604
519.257 4.66849 0.18046 3.85791 0.102704
520.003 4.65938 0.178909 3.85211 0.101929
520.748 4.65178 0.179346 3.84735 0.102454
521.493 4.64099 0.18199 3.84048 0.104509
522.239 4.62784 0.186215 3.83205 0.107668
522.984 4.61674 0.187197 3.82493 0.108621
523.729 4.60821 0.18411 3.81945 0.106798
524.475 4.59898 0.180771 3.81348 0.104814
525.22 4.58805 0.176795 3.80635 0.102424
525.965 4.57665 0.173151 3.79891 0.10026
526.711 4.56249 0.170823 3.78961 0.0990212
527.456 4.5487 0.16858 3.78055 0.0978284
528.201 4.53972 0.167405 3.77474 0.0972727
528.947 4.53083 0.166245 3.76899 0.0967232
529.692 4.51934 0.162106 3.76143 0.0941972
530.437 4.5077 0.157728 3.75374 0.0915037
531.183 4.49524 0.158891 3.74557 0.0925744
531.928 4.48265 0.161668 3.73734 0.0947443
532.673 4.47301 0.161255 3.73104 0.0947007
533.419 4.4651 0.159023 3.72588 0.0933906
534.164 4.45529 0.155706 3.71941 0.0913675
534.909 4.4436 0.151334 3.71162 0.0886489
535.655 4.43374 0.148506 3.70511 0.0869485
536.4 4.42699 0.148261 3.70075 0.0869608
537.145 4.4197 0.148038 3.69601 0.0869957
537.891 4.41048 0.147894 3.68995 0.087112
538.636 4.40149 0.147672 3.68403 0.0871704
539.381 4.39376 0.146751 3.67897 0.0867296
540.127 4.38611 0.14584 3.67395 0.0862933
540.872 4.37841 0.14616 3.66891 0.0867001
541.617 4.37078 0.14652 3.66391 0.0871329
542.363 4.36532 0.142889 3.66034 0.08479
543.108 4.36033 0.138453 3.65707 0.0818836
543.853 4.35097 0.136184 3.65083 0.0805251
544.599 4.33977 0.134897 3.64333 0.0798657
545.344 4.33104 0.134345 3.63753 0.0796763
546.089 4.32424 0.134367 3.63306 0.0798538
546.835 4.3168 0.133824 3.62814 0.0796497
547.58 4.30849 0.132524 3.6226 0.078933
548.325 4.29941 0.131798 3.61653 0.0786219
549.071 4.28833 0.132439 3.60909 0.0792826
549.816 4.2778 0.132657 3.60201 0.0796426
550.561 4.26958 0.13072 3.5965 0.0784747
551.307 4.26148 0.128795 3.59106 0.0773115
552.052 4.25488 0.1256 3.58664 0.0752427
552.797 4.24833 0.122462 3.58226 0.0732084
553.543 4.24053 0.121121 3.57702 0.072438
554.288 4.23264 0.120032 3.57172 0.071841
555.033 4.22521 0.121061 3.56675 0.0727134
555.779 4.21797 0.122761 3.56193 0.0740509
556.524 4.21071 0.121497 3.55705 0.0733216
557.269 4.20346 0.118441 3.55215 0.0713381
558.015 4.19663 0.117845 3.54756 0.0710651
558.76 4.19022 0.119833 3.5433 0.072593
559.505 4.18434 0.120183 3.53939 0.0729683
560.251 4.17941 0.117519 3.53609 0.0712218
560.996 4.17438 0.115081 3.53273 0.0696325
561.741 4.16886 0.113379 3.52903 0.0685621
562.487 4.16343 0.111858 3.52539 0.0676159
563.232 4.15846 0.112227 3.5221 0.0679881
563.977 4.15354 0.112586 3.51883 0.0683531
564.723 4.14599 0.113667 3.51373 0.0692566
565.468 4.13837 0.114758 3.50857 0.0701683
566.213 4.13229 0.113134 3.50445 0.0691516
566.959 4.12661 0.110901 3.50061 0.0677001
567.704 4.12139 0.109425 3.49709 0.0667732
568.449 4.11641 0.108316 3.49375 0.0661007
569.195 4.11042 0.106829 3.48968 0.0651724
569.94 4.10359 0.105037 3.48502 0.0640359
570.685 4.09622 0.102754 3.47997 0.0625569
571.431 4.08805 0.0997609 3.47433 0.060582
572.176 4.08086 0.0986481 3.46941 0.0599223
572.921 4.0761 0.102417 3.46625 0.0626885
573.667 4.07096 0.105433 3.46282 0.0649283
574.412 4.06344 0.104011 3.45764 0.0640532
575.157 4.056 0.102616 3.45252 0.0631942
575.903 4.04807 0.100482 3.44704 0.0618141
576.648 4.04024 0.0983967 3.44162 0.0604647
577.393 4.03567 0.0973095 3.43852 0.0597868
578.139 4.03162 0.0963826 3.4358 0.0592161
578.884 4.02751 0.0957251 3.43302 0.0588367
579.629 4.02339 0.0951688 3.43025 0.0585285
580.375 4.01788 0.0953401 3.42649 0.0587518
581.12 4.01149 0.0959833 3.4221 0.0593203
581.865 4.00635 0.0967658 3.41861 0.0599749
582.611 4.00263 0.0977185 3.41612 0.0607361
583.356 3.9987 0.0985055 3.41348 0.0613813
584.101 3.99435 0.09897 3.41053 0.0618013
584.847 3.98973 0.0986909 3.40738 0.061693
585.592 3.98389 0.0953776 3.40333 0.0594297
586.337 3.97825 0.092223 3.39942 0.0572746
587.083 3.97512 0.0906084 3.39731 0.0561927
587.828 3.972 0.0890109 3.39521 0.0551216
588.573 3.9675 0.0880629 3.39213 0.0545278
589.319 3.96292 0.0871795 3.38899 0.0539799
590.064 3.9577 0.0867342 3.38539 0.053751
590.809 3.95234 0.0864063 3.38169 0.0536068
591.555 3.94693 0.0867349 3.37796 0.0539333
592.3 3.94151 0.087395 3.37422 0.0544974
593.045 3.93661 0.0881165 3.37085 0.0551008
593.791 3.93217 0.0888949 3.36781 0.0557405
594.536 3.92756 0.0885406 3.36464 0.0555684
595.281 3.92266 0.0864188 3.36123 0.054128
596.027 3.9172 0.0847639 3.35743 0.0530268
596.772 3.91002 0.0844173 3.35239 0.0528814
597.517 3.9035 0.0839428 3.34783 0.052637
598.263 3.90136 0.0824812 3.34641 0.0516399
599.008 3.89922 0.0810311 3.34499 0.0506503
599.753 3.8941 0.0806766 3.34143 0.0504767
600.499 3.88897 0.0803468 3.33786 0.0503203
601.244 3.88355 0.0809744 3.33409 0.0508568
601.989 3.87813 0.0817565 3.33031 0.0515049
602.735 3.87391 0.0812386 3.32739 0.0512034
603.48 3.87018 0.0802075 3.32481 0.0505259
604.225 3.86674 0.0805345 3.32245 0.0508267
604.971 3.8635 0.0818419 3.32025 0.0518346
605.716 3.85966 0.081424 3.3176 0.0516001
606.461 3.85506 0.0788663 3.31437 0.0498232
607.207 3.85092 0.0773076 3.31148 0.0487637
607.952 3.84777 0.0779251 3.30933 0.0492706
608.697 3.84498 0.0779217 3.30743 0.0493246
609.443 3.84383 0.0749526 3.30669 0.0472149
610.188 3.84251 0.0721572 3.30584 0.0452313
610.933 3.83727 0.0736375 3.30217 0.0463797
611.679 3.83207 0.0750809 3.29853 0.0475017
612.424 3.82752 0.0749934 3.29535 0.0475077
613.169 3.82308 0.0747408 3.29224 0.0473923
613.915 3.82077 0.075774 3.29069 0.0481929
614.66 3.8191 0.0771915 3.28961 0.0492673
615.405 3.81586 0.0760592 3.28736 0.0485021
616.151 3.81172 0.0734756 3.28444 0.0466883
616.896 3.80705 0.0724431 3.28115 0.0460053
617.641 3.80187 0.0729407 3.2775 0.0464393
618.387 3.79695 0.0728557 3.27403 0.0464469
619.132 3.79242 0.0717749 3.27084 0.0457253
619.878 3.7887 0.0708749 3.26823 0.0451282
620.623 3.78759 0.0705406 3.26753 0.0449218
621.368 3.78611 0.0703018 3.26656 0.0447879
622.113 3.78089 0.0709928 3.26287 0.0453616
622.859 3.77572 0.0716628 3.25921 0.0459197
623.604 3.77035 0.070786 3.2554 0.0453502
624.349 3.76503 0.0698559 3.25161 0.0447403
625.095 3.76227 0.0683201 3.24969 0.0436669
625.84 3.76006 0.0666648 3.24817 0.042501
626.586 3.75736 0.0662705 3.2463 0.0422601
627.331 3.75444 0.0664455 3.24427 0.0424368
628.076 3.75 0.0662563 3.24113 0.0423585
628.822 3.74436 0.0657779 3.2371 0.0420771
629.567 3.73999 0.0659888 3.234 0.0422904
630.312 3.73733 0.067149 3.23216 0.0431863
631.057 3.73515 0.0679066 3.23068 0.0437836
631.803 3.73418 0.0676681 3.23007 0.0436418
632.548 3.7328 0.0673154 3.22916 0.0434192
633.294 3.72902 0.0662983 3.22648 0.042727
634.039 3.72528 0.0653082 3.22383 0.0420536
634.784 3.72167 0.0653596 3.22128 0.0421428
635.53 3.71809 0.0654074 3.21875 0.0422291
636.275 3.71432 0.0653115 3.21608 0.0422109
637.02 3.71055 0.0651948 3.21341 0.0421771
637.766 3.70794 0.0641567 3.21158 0.0414575
638.511 3.70572 0.0628086 3.21004 0.0405065
639.256 3.70342 0.0626472 3.20844 0.040428
640.002 3.70108 0.0632451 3.20682 0.0409081
640.747 3.69789 0.0629789 3.20457 0.0407586
641.492 3.69377 0.0617647 3.20162 0.0399175
642.238 3.69067 0.061131 3.19943 0.0394958
642.983 3.68953 0.0616071 3.19869 0.0398773
643.728 3.68841 0.062008 3.19796 0.0402034
644.474 3.68733 0.0621191 3.19726 0.0403156
645.219 3.686 0.0622385 3.19637 0.0404355
645.964 3.68122 0.0624809 3.19295 0.0406702
646.71 3.67651 0.0627127 3.18956 0.0408965
647.455 3.67251 0.0620518 3.1867 0.0404591
648.2 3.66861 0.0613362 3.18391 0.03998
648.946 3.66659 0.0596015 3.18249 0.0387352
649.691 3.66504 0.0576183 3.18142 0.037303
650.436 3.663 0.0563479 3.18 0.0363997
651.182 3.66073 0.0554455 3.17841 0.0357691
651.927 3.65684 0.0558434 3.17563 0.0361095
652.672 3.65154 0.0573683 3.1718 0.0372925
653.418 3.64725 0.0583918 3.16872 0.0380987
654.163 3.64445 0.0586911 3.16675 0.0383594
654.908 3.64188 0.0587627 3.16493 0.0384501
655.654 3.63991 0.0581926 3.16355 0.0380617
656.399 3.638 0.0575394 3.16222 0.037611
657.144 3.63642 0.0562564 3.16112 0.0366914
657.89 3.63484 0.0549839 3.16003 0.0357791
658.635 3.62899 0.0553457 3.15578 0.0361043
659.38 3.62317 0.0557101 3.15156 0.0364313
660.126 3.62061 0.0556729 3.14974 0.0364396
660.871 3.61861 0.0555681 3.14834 0.0363941
661.616 3.61724 0.0556936 3.1474 0.0365153
662.362 3.61612 0.0559086 3.14666 0.0367013
663.107 3.61446 0.0565809 3.14551 0.0372301
663.852 3.61241 0.0575724 3.14408 0.0379983
664.598 3.61001 0.0571838 3.14238 0.0377442
665.343 3.60719 0.0551272 3.14035 0.0362534
666.088 3.60414 0.0539955 3.13816 0.0354502
666.834 3.60059 0.0548223 3.1356 0.0361052
667.579 3.59764 0.0554595 3.13349 0.0366158
668.324 3.59733 0.0553048 3.13334 0.0365211
669.07 3.597 0.055102 3.13317 0.0363907
669.815 3.59611 0.0538479 3.13258 0.0354817
670.56 3.59522 0.0526001 3.13199 0.0345769
671.306 3.59103 0.0512384 3.12894 0.0336067
672.051 3.58656 0.0498951 3.12568 0.0326508
672.796 3.58307 0.0505301 3.12316 0.0331616
673.542 3.57988 0.0517132 3.12087 0.0340791
674.287 3.57795 0.051765 3.11951 0.0341466
675.032 3.57673 0.0511933 3.11866 0.033745
675.778 3.57576 0.0512452 3.11802 0.0338067
676.523 3.57505 0.0519022 3.11757 0.0343178
677.268 3.57369 0.0522155 3.11663 0.0345764
678.014 3.57126 0.0519522 3.11489 0.0344114
678.759 3.56826 0.0516638 3.11273 0.0342307
679.504 3.56346 0.0512916 3.10922 0.0339977
680.25 3.55915 0.0509039 3.10607 0.0337498
680.995 3.5585 0.0503376 3.10565 0.0333473
681.74 3.55785 0.0497735 3.10523 0.0329461
682.486 3.55731 0.0500865 3.10491 0.0331993
683.231 3.55678 0.0504269 3.10459 0.0334729
683.976 3.5538 0.0484809 3.10241 0.0320521
684.722 3.55034 0.0461265 3.09989 0.0303276
685.467 3.54786 0.0458018 3.09811 0.0301141
686.212 3.54581 0.0463258 3.09664 0.0305327
686.958 3.54264 0.0471588 3.09435 0.0311885
687.703 3.53866 0.0482087 3.09144 0.0320115
688.448 3.53549 0.0487864 3.08915 0.0324768
689.194 3.53338 0.0487739 3.08763 0.0324945
689.939 3.53178 0.0487536 3.0865 0.0325036
690.684 3.53136 0.0487174 3.08626 0.032494
691.43 3.53041 0.0486419 3.08561 0.0324579
692.175 3.52675 0.0483681 3.08294 0.032288
692.92 3.52316 0.0480721 3.08032 0.0321006
693.666 3.52061 0.0469921 3.07847 0.0313198
694.411 3.51808 0.0459284 3.07663 0.0305505
695.156 3.51603 0.0451609 3.07515 0.0300003
695.902 3.51404 0.0444343 3.07372 0.0294802
696.647 3.51317 0.0439538 3.07313 0.0291385
697.392 3.51266 0.0435488 3.07281 0.0288517
698.138 3.51212 0.0426908 3.07247 0.0282248
698.883 3.51157 0.0415696 3.07211 0.0274003
699.628 3.5096 0.0418835 3.0707 0.0276597
700.374 3.50622 0.0436172 3.06823 0.0289924
701.119 3.50328 0.04512 3.0661 0.0301501
701.864 3.50109 0.0462647 3.06452 0.0310353
702.61 3.49919 0.0470025 3.06316 0.0316135
703.355 3.49822 0.0464337 3.0625 0.031205
704.1 3.49747 0.0460045 3.06199 0.0309002
704.846 3.49858 0.0468466 3.0629 0.0315411
705.591 3.4997 0.0476955 3.0638 0.0321871
706.336 3.49628 0.0460666 3.06128 0.030994
707.082 3.49272 0.044383 3.05866 0.0297596
707.827 3.48886 0.0424433 3.05581 0.0283331
708.572 3.48497 0.0404929 3.05294 0.0268975
709.318 3.48251 0.0401224 3.05114 0.0266433
710.063 3.48067 0.0404161 3.04982 0.0268863
710.808 3.48057 0.0412065 3.04981 0.0274948
711.554 3.48181 0.0423889 3.05081 0.028392
712.299 3.48193 0.0426088 3.05096 0.0285699
713.044 3.48059 0.0415646 3.05001 0.0278029
713.79 3.47852 0.0409202 3.0485 0.0273402
714.535 3.47475 0.0411804 3.04572 0.0275667
715.28 3.47099 0.0414936 3.04295 0.0278333
716.026 3.46706 0.0421032 3.04004 0.0283242
716.771 3.46329 0.0426813 3.03726 0.0287907
717.516 3.46261 0.0429614 3.03681 0.0290176
718.262 3.46193 0.0432401 3.03636 0.0292436
719.007 3.46341 0.0418594 3.03752 0.0282072
719.752 3.46511 0.0402839 3.03886 0.0270228
720.498 3.46314 0.0390381 3.03742 0.0261042
721.243 3.46012 0.0379133 3.03519 0.0252811
721.988 3.45716 0.0369825 3.03301 0.0246036
722.734 3.45424 0.0361649 3.03086 0.0240108
723.479 3.45168 0.0362577 3.02898 0.0241039
724.224 3.44944 0.0372055 3.02735 0.0248413
724.97 3.44788 0.0375671 3.02622 0.025133
725.715 3.44741 0.0369851 3.02592 0.0247068
726.46 3.44688 0.036991 3.02558 0.0247251
727.206 3.44618 0.0387871 3.02511 0.0260971
727.951 3.44538 0.0405336 3.02457 0.0274324
728.696 3.44391 0.0419474 3.02352 0.0285195
729.442 3.44244 0.0433462 3.02247 0.0295955
730.187 3.4382 0.0419964 3.01931 0.0286058
730.932 3.43397 0.0406407 3.01615 0.0276108
731.678 3.43155 0.039757 3.01437 0.0269641
732.423 3.42944 0.0389614 3.01283 0.0263823
733.168 3.4283 0.0384582 3.01201 0.0260174
733.914 3.42751 0.0380662 3.01147 0.025735
734.659 3.42713 0.0379049 3.01123 0.0256254
735.404 3.42703 0.0379015 3.01121 0.0256341
736.15 3.42663 0.0373947 3.01095 0.0252628
736.895 3.42589 0.0363055 3.01044 0.0244516
737.641 3.42437 0.0353656 3.00934 0.0237566
738.386 3.42135 0.034725 3.00709 0.0232943
739.131 3.41853 0.0346087 3.00501 0.0232282
739.876 3.41645 0.0365042 3.00349 0.0246843
740.622 3.41452 0.0382912 3.00208 0.0260579
741.367 3.41465 0.0390588 3.00224 0.02665
742.112 3.41478 0.0398278 3.00239 0.027243
742.858 3.41495 0.0397994 3.00257 0.0272312
743.603 3.41512 0.0397221 3.00275 0.0271822
744.349 3.41356 0.0387641 3.00161 0.0264726
745.094 3.41162 0.0376188 3.00018 0.0256222
745.839 3.40909 0.0354414 2.99831 0.0239906
746.584 3.40631 0.0328309 2.99623 0.0220304
747.33 3.40374 0.0323756 2.99433 0.0217047
748.075 3.40136 0.033596 2.99258 0.0226506
748.82 3.39975 0.034033 2.9914 0.0229987
749.566 3.39916 0.0334433 2.991 0.0225629
750.311 3.39912 0.0330616 2.99102 0.0222827
751.057 3.40039 0.0331649 2.99203 0.0223659
751.802 3.40108 0.0333109 2.9926 0.0224837
752.547 3.39899 0.0336574 2.99106 0.0227648
753.293 3.39686 0.0339579 2.9895 0.023011
754.038 3.3938 0.0333623 2.98721 0.0225798
754.783 3.39078 0.032779 2.98496 0.0221575
755.529 3.38905 0.0321059 2.98369 0.0216616
756.274 3.38745 0.0314316 2.98251 0.0211641
757.019 3.38588 0.0314826 2.98137 0.0212181
757.765 3.38432 0.0317258 2.98023 0.0214181
758.51 3.38313 0.0326981 2.97937 0.0221717
759.255 3.38211 0.0340397 2.97865 0.0232056
760.001 3.38167 0.0337145 2.97836 0.022969
760.746 3.38173 0.0319313 2.97844 0.0216205
761.491 3.38055 0.0315572 2.97759 0.0213492
762.237 3.37759 0.0332185 2.97538 0.0226342
762.982 3.37484 0.034064 2.97334 0.0232975
763.727 3.37263 0.0329116 2.97169 0.0224371
764.473 3.37046 0.0319545 2.97008 0.0217249
765.218 3.36847 0.0319735 2.96861 0.0217555
765.963 3.36656 0.0319629 2.9672 0.0217632
766.709 3.36658 0.0309404 2.96726 0.0209924
767.454 3.36661 0.0299177 2.96732 0.0202213
768.199 3.36707 0.0293412 2.96771 0.0197887
768.945 3.36759 0.028811 2.96815 0.0193912
769.69 3.36722 0.0291998 2.96791 0.0196973
770.435 3.3666 0.0298508 2.96748 0.0202043
771.181 3.36481 0.0298275 2.96616 0.0202013
771.926 3.36241 0.0294495 2.96437 0.0199298
772.671 3.3596 0.0293146 2.96228 0.0198451
773.417 3.35644 0.0293903 2.95991 0.0199222
774.162 3.35461 0.0296859 2.95855 0.0201624
774.907 3.35469 0.0303147 2.95866 0.0206503
775.653 3.35473 0.0303277 2.95873 0.0206682
776.398 3.35463 0.0287422 2.95869 0.0194664
777.143 3.35457 0.0274352 2.95868 0.0184769
777.889 3.35472 0.0276447 2.95884 0.0186443
778.634 3.35486 0.0278651 2.95899 0.0188201
779.379 3.35459 0.0284094 2.95883 0.0192445
780.125 3.35432 0.0289526 2.95866 0.0196681
780.87 3.3511 0.0281499 2.95624 0.0190739
781.615 3.34762 0.0272359 2.95362 0.0183953
782.361 3.34462 0.0275348 2.95137 0.0186414
783.106 3.34176 0.0281443 2.94923 0.0191245
783.851 3.34085 0.0268244 2.94857 0.0181263
784.597 3.3409 0.0245299 2.94864 0.0163796
785.342 3.34075 0.0256086 2.94856 0.0172124
786.087 3.34037 0.0295412 2.94833 0.0202278
786.833 3.34033 0.0312517 2.94834 0.0215435
787.578 3.34083 0.0298943 2.94876 0.0205115
788.323 3.34072 0.028958 2.94871 0.0198035
789.069 3.33919 0.0290229 2.94758 0.0198658
789.814 3.33728 0.0291334 2.94616 0.0199642
790.559 3.33364 0.0294533 2.94341 0.0202287
791.305 3.33016 0.0296492 2.9408 0.0203977
792.05 3.32859 0.0280497 2.93963 0.019186
792.795 3.32702 0.0264735 2.93846 0.0179918
793.541 3.32703 0.0256264 2.9385 0.0173504
794.286 3.32714 0.0248264 2.93862 0.0167447
795.031 3.32794 0.0258477 2.93927 0.0175313
795.777 3.32889 0.0272881 2.94005 0.0186382
796.522 3.32897 0.0266639 2.94014 0.0181672
797.267 3.32866 0.0251481 2.93994 0.0170146
798.013 3.3261 0.0251202 2.93801 0.0170082
798.758 3.32196 0.0261326 2.93489 0.0178035
799.503 3.31913 0.0264613 2.93276 0.0180712
800.249 3.31776 0.0260349 2.93174 0.0177557
800.994 3.31616 0.0260714 2.93055 0.0177955
801.739 3.31412 0.0269719 2.92903 0.0184992
802.485 3.31247 0.0271481 2.9278 0.0186463
803.23 3.31212 0.0249054 2.92756 0.0169344
803.975 3.31193 0.022952 2.92745 0.0154438
804.721 3.31322 0.0232994 2.92847 0.015713
805.466 3.31451 0.023651 2.9295 0.0159855
806.211 3.31375 0.0266848 2.92896 0.0183209
806.957 3.31293 0.0297184 2.92838 0.0206568
807.702 3.31065 0.0293188 2.92667 0.0203645
808.447 3.3082 0.0284554 2.92482 0.0197166
809.193 3.30625 0.0272185 2.92336 0.0187804
809.938 3.30446 0.0258813 2.92201 0.0177662
810.683 3.30316 0.0257381 2.92105 0.0176667
811.429 3.30211 0.0262367 2.92028 0.0180591
812.174 3.30124 0.0263365 2.91965 0.0181449
812.919 3.30053 0.0260891 2.91914 0.0179635
813.665 3.30001 0.0255084 2.91877 0.0175256
814.41 3.29975 0.0244621 2.9186 0.0167292
815.155 3.29936 0.0237769 2.91833 0.0162105
815.901 3.29868 0.0239141 2.91784 0.0163241
816.646 3.29772 0.0241435 2.91715 0.0165093
817.391 3.29563 0.0247602 2.91557 0.0169954
818.137 3.29349 0.0252855 2.91397 0.0174116
818.882 3.29068 0.0248989 2.91184 0.0171289
819.627 3.2879 0.0245208 2.90974 0.0168525
820.373 3.28661 0.0249859 2.90878 0.0172199
821.118 3.28538 0.0254737 2.90787 0.0176047
821.863 3.28559 0.0252683 2.90806 0.0174522
822.609 3.28605 0.0249441 2.90845 0.0172077
823.354 3.28654 0.0241028 2.90885 0.0165653
824.099 3.28702 0.023079 2.90926 0.0157826
824.845 3.28732 0.0225877 2.90952 0.0154099
825.59 3.28751 0.0224061 2.9097 0.0152756
826.335 3.28754 0.0225209 2.90975 0.0153697
827.081 3.28742 0.0229051 2.9097 0.0156714
827.826 3.28629 0.0232359 2.90886 0.0159348
828.571 3.28377 0.0234852 2.90695 0.0161395
829.317 3.28136 0.0234778 2.90514 0.0161463
830.062 3.27919 0.0229129 2.9035 0.0157233
830.807 3.27717 0.0222834 2.90197 0.01525
831.553 3.27568 0.0213598 2.90085 0.0145487
832.298 3.27435 0.0206582 2.89986 0.0140176
833.043 3.27455 0.0220373 2.90005 0.0150846
833.789 3.27474 0.0234205 2.90023 0.0161549
834.534 3.2744 0.0227675 2.89999 0.0156586
835.279 3.27404 0.0220848 2.89975 0.0151394
836.025 3.27436 0.0221153 2.90002 0.0151676
836.77 3.27476 0.0222447 2.90037 0.0152717
837.515 3.27382 0.0232393 2.89968 0.0160459
838.261 3.27249 0.0244719 2.89868 0.0170045
839.006 3.27074 0.0246774 2.89737 0.0171732
839.751 3.2688 0.0243834 2.89591 0.0169576
840.497 3.26697 0.0244054 2.89453 0.0169851
841.242 3.26523 0.0246636 2.89321 0.0171944
841.987 3.26438 0.0258821 2.8926 0.0181415
842.733 3.26455 0.0282341 2.89277 0.0199597
843.478 3.2641 0.028221 2.89244 0.0199564
844.223 3.2625 0.0240181 2.89123 0.0167258
844.969 3.26113 0.0211669 2.8902 0.0145361
845.714 3.26063 0.0220285 2.88984 0.0152072
846.459 3.26002 0.0228007 2.8894 0.0158096
847.205 3.25884 0.0231058 2.88852 0.0160533
847.95 3.25773 0.0235023 2.8877 0.0163673
848.695 3.2578 0.0255526 2.88779 0.0179542
849.441 3.25783 0.0276067 2.88785 0.019544
850.186 3.25574 0.0267913 2.88627 0.0189262
850.931 3.25357 0.0258619 2.88462 0.0182203
851.677 3.25228 0.0222588 2.88364 0.0154479
852.422 3.25106 0.0182585 2.88272 0.0123681
853.167 3.25107 0.0194128 2.88276 0.0132641
853.913 3.25145 0.0222178 2.88309 0.0154336
854.658 3.251 0.023495 2.88277 0.0164258
855.403 3.25015 0.023976 2.88214 0.0168045
856.149 3.24907 0.023628 2.88134 0.0165437
856.894 3.24782 0.0226511 2.8804 0.0157975
857.639 3.24719 0.0227864 2.87994 0.0159085
858.385 3.24726 0.0241791 2.88003 0.016989
859.13 3.24698 0.0240619 2.87984 0.0169042
859.875 3.24612 0.0214152 2.8792 0.0148669
860.621 3.24527 0.0200082 2.87857 0.0137869
861.366 3.24454 0.0217498 2.87803 0.0151391
862.112 3.24361 0.0230589 2.87735 0.0161577
862.857 3.24191 0.0225169 2.87606 0.0157481
863.602 3.24037 0.0220682 2.87489 0.01541
864.347 3.24021 0.0224514 2.8748 0.0157113
865.093 3.24005 0.0228341 2.8747 0.0160123
865.838 3.2399 0.0211589 2.87461 0.0147225
866.583 3.23973 0.0194871 2.87451 0.0134352
867.329 3.24015 0.0201823 2.87486 0.0139763
868.074 3.24062 0.0211201 2.87525 0.0147048
868.82 3.23979 0.0213035 2.87464 0.0148532
869.565 3.23869 0.0213186 2.87381 0.0148723
870.31 3.23779 0.0214675 2.87315 0.0149942
871.056 3.23698 0.0216641 2.87254 0.0151529
871.801 3.2359 0.021408 2.87174 0.014962
872.546 3.23469 0.020905 2.87083 0.0145805
873.292 3.23356 0.0204265 2.86998 0.0142175
874.037 3.2325 0.0199679 2.86919 0.0138697
874.782 3.23208 0.0197178 2.86888 0.0136817
875.528 3.23236 0.0197006 2.86913 0.0136722
876.273 3.23235 0.0199573 2.86915 0.0138753
877.018 3.23187 0.0206547 2.86881 0.0144205
877.764 3.2314 0.0209422 2.86847 0.0146485
878.509 3.23096 0.0202714 2.86815 0.0141348
879.254 3.23049 0.0196976 2.86781 0.0136963
880 3.22994 0.0194703 2.86741 0.013526
880.745 3.22953 0.0191658 2.86712 0.0132956
881.49 3.23004 0.0183386 2.86754 0.0126584
882.236 3.23041 0.0175961 2.86785 0.0120872
882.981 3.22786 0.0185697 2.8659 0.0128507
883.726 3.22535 0.0195113 2.86399 0.0135897
884.472 3.22369 0.0192003 2.86272 0.0133569
885.217 3.22207 0.0188555 2.86149 0.0130977
885.962 3.22152 0.0180651 2.86109 0.0124908
886.708 3.2211 0.0172227 2.8608 0.0118433
887.453 3.22101 0.0168111 2.86075 0.0115288
888.198 3.22099 0.0164997 2.86076 0.0112917
888.944 3.22142 0.0163492 2.86112 0.0111784
889.689 3.22202 0.0162567 2.8616 0.0111095
890.434 3.2217 0.0166592 2.86138 0.0114261
891.18 3.22091 0.0173157 2.8608 0.0119404
891.925 3.21977 0.0173448 2.85994 0.0119695
892.67 3.21839 0.0169299 2.85889 0.0116549
893.416 3.21697 0.0169688 2.85781 0.011692
894.161 3.21551 0.0174379 2.85671 0.0120628
894.906 3.21406 0.0177599 2.85561 0.0123195
895.652 3.21259 0.0178965 2.8545 0.0124325
896.397 3.21148 0.0184183 2.85366 0.0128434
897.142 3.21096 0.0196217 2.85328 0.0137818
897.888 3.21081 0.0200292 2.85319 0.0141022
898.633 3.21157 0.0184931 2.8538 0.0129131
899.378 3.21218 0.0176874 2.8543 0.012291
900.124 3.21225 0.019521 2.85438 0.0137167
900.869 3.21227 0.020732 2.85442 0.0146598
901.614 3.21212 0.0184367 2.85432 0.0128839
902.36 3.21189 0.0163116 2.85416 0.01124
903.105 3.21118 0.0159837 2.85363 0.0109908
903.85 3.21045 0.0156632 2.8531 0.0107475
904.596 3.20888 0.0156068 2.8519 0.0107106
905.341 3.20732 0.0155508 2.85071 0.010674
906.086 3.20653 0.0153337 2.85012 0.0105108
906.832 3.20578 0.0151105 2.84956 0.0103428
907.577 3.20417 0.0155058 2.84834 0.0106564
908.322 3.20247 0.0159679 2.84704 0.0110222
909.068 3.20211 0.0158977 2.84679 0.0109721
909.813 3.20205 0.0157163 2.84676 0.0108351
910.558 3.20199 0.0150525 2.84674 0.0103235
911.304 3.20194 0.01424 2.84672 0.00969638
912.049 3.2019 0.0150747 2.84672 0.0103481
912.794 3.20187 0.0166037 2.84671 0.011539
913.54 3.2017 0.0171929 2.8466 0.0120005
914.285 3.20145 0.0172635 2.84644 0.0120594
915.03 3.201 0.0167994 2.84611 0.0117035
915.776 3.20039 0.0159642 2.84565 0.0110598
916.521 3.19937 0.0155969 2.84489 0.01078
917.266 3.19801 0.0156381 2.84385 0.0108182
918.012 3.19657 0.0159798 2.84275 0.0110899
918.757 3.19505 0.0166432 2.84159 0.0116119
919.502 3.19387 0.0173021 2.84071 0.0121297
920.248 3.19317 0.0179659 2.84018 0.0126505
920.993 3.19218 0.018077 2.83944 0.0127423
921.738 3.19072 0.0172644 2.83833 0.0121172
922.484 3.18981 0.0172838 2.83764 0.0121376
923.229 3.19003 0.0190616 2.83783 0.0135226
923.974 3.19033 0.0197773 2.83809 0.0140818
924.72 3.19089 0.0175748 2.83854 0.0123721
925.465 3.19118 0.0154866 2.83879 0.0107516
926.21 3.19063 0.0138595 2.83838 0.00949112
926.956 3.19012 0.012409 2.838 0.00836774
927.701 3.18985 0.0117443 2.83781 0.00785469
928.446 3.18945 0.0114658 2.83752 0.00764215
929.192 3.18812 0.0137729 2.83651 0.00944161
929.937 3.18683 0.0158589 2.83553 0.0110695
930.682 3.18611 0.0159835 2.83499 0.0111711
931.428 3.1854 0.0160364 2.83446 0.0112169
932.173 3.18487 0.0144931 2.83407 0.0100207
932.918 3.18432 0.0129647 2.83366 0.00883599
933.664 3.18319 0.0141664 2.8328 0.00977608
934.409 3.18206 0.0153489 2.83194 0.0107014
935.154 3.18037 0.0144515 2.83065 0.0100094
935.9 3.17868 0.0134941 2.82936 0.00927057
936.645 3.17851 0.0138471 2.82925 0.00954874
937.39 3.17847 0.0143071 2.82923 0.00991008
938.136 3.17986 0.0144285 2.83034 0.0100052
938.881 3.18146 0.0145078 2.8316 0.0100673
939.626 3.18223 0.0155793 2.83223 0.0109029
940.372 3.18286 0.0168336 2.83273 0.011881
941.117 3.18084 0.0162184 2.83119 0.0114092
941.862 3.17829 0.0152212 2.82921 0.0106408
942.608 3.17723 0.0144564 2.82841 0.0100505
943.353 3.17658 0.0137546 2.82792 0.00950834
944.098 3.17553 0.0163491 2.82713 0.0115334
944.844 3.17429 0.0199447 2.82619 0.0143389
945.589 3.17489 0.0176404 2.82668 0.0125464
946.334 3.17608 0.013092 2.82762 0.00900548
947.08 3.17539 0.0127245 2.82709 0.00872348
947.825 3.17393 0.0141234 2.82598 0.00981847
948.57 3.17302 0.0150299 2.82529 0.0105291
949.316 3.17237 0.0157058 2.82481 0.0110598
950.061 3.17216 0.0170072 2.82467 0.012077
950.806 3.17216 0.0186438 2.82469 0.0133549
951.552 3.17165 0.0173989 2.82431 0.0123891
952.297 3.1708 0.0145083 2.82366 0.0101417
953.042 3.16985 0.0157591 2.82295 0.0111209
953.788 3.16879 0.0195733 2.82214 0.014098
954.533 3.16923 0.0172037 2.8225 0.0122536
955.278 3.17049 0.0105332 2.82349 0.00705672
956.024 3.16913 0.00974962 2.82245 0.006451
956.769 3.166 0.0131994 2.82004 0.00914738
957.514 3.1648 0.0139221 2.81912 0.0097157
958.26 3.16509 0.0126119 2.81936 0.00869672
959.005 3.16551 0.0115442 2.81971 0.00786654
959.75 3.16604 0.0106728 2.82014 0.00718926
960.496 3.16569 0.0129612 2.81989 0.00897656
961.241 3.16444 0.0178995 2.81894 0.0128316
961.986 3.16443 0.0199626 2.81895 0.014443
962.732 3.16564 0.0195188 2.81992 0.0140976
963.477 3.16601 0.0190571 2.82022 0.0137399
964.222 3.16559 0.0185874 2.81992 0.0133773
964.968 3.16567 0.0169445 2.82 0.0120992
965.713 3.16618 0.0141861 2.8204 0.00995044
966.458 3.16545 0.0136029 2.81985 0.00949975
967.204 3.1636 0.0150681 2.81843 0.0106482
967.949 3.16134 0.016477 2.81669 0.0117537
968.694 3.15871 0.0178173 2.81466 0.0128069
969.44 3.15785 0.0176239 2.81401 0.0126603
970.185 3.15866 0.0159889 2.81465 0.0113861
970.93 3.15748 0.0152719 2.81374 0.0108315
971.676 3.15448 0.0154305 2.81143 0.0109631
972.421 3.15277 0.0148164 2.81011 0.0104895
973.166 3.15221 0.0134989 2.80969 0.00946475
973.912 3.15221 0.0129785 2.8097 0.00906118
974.657 3.15272 0.0131761 2.81012 0.00921727
975.402 3.15317 0.0132577 2.81049 0.00928292
976.148 3.15357 0.0132361 2.81082 0.00926804
976.893 3.15353 0.0132098 2.81081 0.00925023
977.638 3.15312 0.0131798 2.8105 0.0092301
978.384 3.15293 0.0128934 2.81037 0.00900943
979.129 3.15291 0.0124007 2.81038 0.00862746
979.874 3.1532 0.0124534 2.81062 0.0086708
980.62 3.15371 0.0129231 2.81103 0.00903927
981.365 3.15196 0.0134818 2.80968 0.00948077
982.11 3.14867 0.0140721 2.80713 0.00994959
982.856 3.14683 0.0147541 2.80572 0.0104878
983.601 3.14592 0.0155037 2.80503 0.0110774
984.346 3.14442 0.015258 2.80387 0.0108906
985.092 3.14257 0.0144378 2.80244 0.0102554
985.837 3.14195 0.0130413 2.80197 0.00916773
986.583 3.14198 0.0113216 2.80201 0.00782651
987.328 3.14194 0.0114207 2.802 0.00790643
988.073 3.14188 0.0124061 2.80197 0.00867902
988.818 3.14246 0.0137243 2.80244 0.00971069
989.564 3.14331 0.0152047 2.80312 0.0108686
990.309 3.14391 0.0164117 2.80361 0.0118133
991.055 3.14442 0.0175209 2.80403 0.0126816
991.8 3.14433 0.0164479 2.80397 0.0118459
992.545 3.14402 0.0146954 2.80374 0.0104795
993.291 3.14412 0.0146142 2.80384 0.0104184
994.036 3.14433 0.0149641 2.80402 0.0106939
994.781 3.14438 0.014754 2.80408 0.0105321
995.527 3.14441 0.0144298 2.80411 0.0102812
996.272 3.14392 0.0137395 2.80375 0.00974496
997.017 3.14336 0.0130009 2.80333 0.00917099
997.763 3.1419 0.0122314 2.8022 0.00857418
998.508 3.14038 0.0114767 2.80102 0.00798879
999.253 3.14122 0.0154422 2.80171 0.0110898
999.999 3.14205 0.0197067 2.80238 0.0144244
