255.408 0.548173 2.15648 1.26497 0.598516
256.154 0.57407 2.22385 1.28584 0.597419
256.899 0.600061 2.29084 1.30594 0.595814
257.644 0.583564 2.23871 1.28993 0.595788
258.39 0.560711 2.16796 1.26782 0.595396
259.135 0.551613 2.25643 1.29124 0.605808
259.88 0.548799 2.40064 1.33029 0.617028
260.626 0.562953 2.4311 1.33894 0.61494
261.371 0.587635 2.38828 1.32858 0.605489
262.116 0.612498 2.37366 1.32597 0.597765
262.862 0.637282 2.39018 1.33159 0.59231
263.607 0.654654 2.40067 1.33506 0.588438
264.353 0.657915 2.39965 1.3346 0.587431
265.098 0.66061 2.40953 1.33689 0.587317
265.843 0.661282 2.45991 1.34931 0.590309
266.589 0.66341 2.50134 1.35944 0.592136
267.334 0.68037 2.44068 1.34484 0.584113
268.079 0.697769 2.37979 1.33037 0.575452
268.825 0.655681 2.49561 1.35628 0.593515
269.57 0.611955 2.62133 1.38526 0.610586
270.315 0.661831 2.59276 1.3799 0.596901
271.061 0.733221 2.52988 1.3679 0.576234
271.806 0.766176 2.5119 1.36514 0.567269
272.551 0.781155 2.51452 1.36628 0.563849
273.297 0.798915 2.53156 1.37094 0.560689
274.042 0.81894 2.56031 1.37834 0.557724
274.787 0.823092 2.57836 1.38231 0.557769
275.533 0.80514 2.58162 1.38167 0.562022
276.278 0.806374 2.57368 1.37954 0.561272
277.023 0.855816 2.53785 1.37393 0.547925
277.769 0.897156 2.51919 1.37203 0.53752
278.514 0.892708 2.59435 1.38792 0.543058
279.259 0.889363 2.66706 1.4032 0.547662
280.005 0.91734 2.6259 1.39541 0.539472
280.75 0.945576 2.58474 1.38786 0.531064
281.495 0.97553 2.5389 1.37966 0.521834
282.241 1.00597 2.49246 1.37164 0.512274
282.986 1.01512 2.50044 1.37363 0.510932
283.731 1.01729 2.52619 1.3788 0.512263
284.477 1.04121 2.49974 1.3747 0.505506
285.222 1.07876 2.4414 1.36532 0.493535
285.967 1.10531 2.42842 1.3645 0.487197
286.713 1.11994 2.46309 1.37222 0.486998
287.458 1.13282 2.48178 1.37658 0.485889
288.203 1.14244 2.47135 1.37498 0.483245
288.949 1.15734 2.45809 1.37326 0.479353
289.694 1.19098 2.43489 1.37118 0.47109
290.439 1.22385 2.41461 1.36974 0.46326
291.185 1.24753 2.42449 1.37326 0.459681
291.93 1.2712 2.43435 1.37674 0.456156
292.675 1.31085 2.35313 1.36512 0.442139
293.421 1.35208 2.26736 1.35345 0.426964
294.166 1.36308 2.23685 1.34896 0.422109
294.911 1.36729 2.21855 1.34598 0.419588
295.657 1.38952 2.1795 1.3413 0.411813
296.402 1.42027 2.13093 1.33611 0.401516
297.147 1.45565 2.09214 1.33333 0.391463
297.893 1.49473 2.0614 1.33251 0.381751
298.638 1.51197 2.02924 1.32918 0.375402
299.383 1.49846 1.99485 1.32201 0.373573
300.129 1.49004 1.95077 1.31388 0.369657
300.874 1.49481 1.88224 1.3036 0.360407
301.619 1.49966 1.81765 1.29414 0.351289
302.365 1.50337 1.77714 1.28835 0.345307
303.11 1.50722 1.73614 1.28259 0.339108
303.855 1.51446 1.66697 1.27331 0.328244
304.601 1.52202 1.59757 1.26434 0.31695
305.346 1.49074 1.53422 1.25048 0.311671
306.091 1.45398 1.47128 1.23563 0.306768
306.837 1.4276 1.3869 1.21936 0.296264
307.582 1.40505 1.29467 1.20277 0.283015
308.327 1.36722 1.25105 1.18989 0.280014
309.073 1.3193 1.23884 1.17907 0.284147
309.818 1.28534 1.19469 1.16636 0.280133
310.563 1.26717 1.11494 1.15198 0.266383
311.309 1.2428 1.05237 1.13873 0.256343
312.054 1.20594 1.02373 1.12704 0.254794
312.799 1.16278 0.991123 1.1132 0.252989
313.545 1.09561 0.9435 1.09146 0.250489
314.29 1.02946 0.894928 1.06907 0.247112
315.035 0.981993 0.838446 1.04977 0.238713
315.781 0.934363 0.781533 1.03003 0.229458
316.526 0.882209 0.731236 1.00948 0.221794
317.271 0.829532 0.681036 0.988318 0.213476
318.017 0.764545 0.631245 0.962935 0.205886
318.762 0.696185 0.581224 0.935611 0.197663
319.507 0.624974 0.543306 0.907681 0.192839
320.253 0.552077 0.511394 0.878657 0.189613
320.998 0.483825 0.48144 0.850321 0.186016
321.743 0.419687 0.45321 0.822612 0.182065
322.489 0.356423 0.426837 0.794368 0.17821
323.234 0.294695 0.403419 0.765976 0.174904
323.979 0.232574 0.381546 0.736442 0.171839
324.725 0.169955 0.364352 0.705959 0.170541
325.47 0.106786 0.347654 0.673956 0.169218
326.215 0.0418754 0.335025 0.64009 0.169831
326.961 -0.0234159 0.322321 0.604437 0.170273
327.706 -0.0885561 0.317501 0.568069 0.174956
328.451 -0.154082 0.312747 0.52973 0.179941
329.197 -0.214205 0.312594 0.493437 0.187335
329.942 -0.273696 0.31325 0.456025 0.195631
330.687 -0.332225 0.315084 0.417743 0.205127
331.433 -0.390586 0.317411 0.377939 0.215592
332.178 -0.446948 0.324433 0.338609 0.229922
332.923 -0.501966 0.334847 0.299305 0.247671
333.669 -0.555705 0.344956 0.259435 0.266247
334.414 -0.607808 0.354654 0.21931 0.285487
335.159 -0.657651 0.364638 0.179717 0.30581
335.905 -0.702218 0.375077 0.143588 0.326535
336.65 -0.74573 0.385121 0.10724 0.347901
337.395 -0.78368 0.392896 0.074415 0.366672
338.141 -0.82184 0.400772 0.0405535 0.386631
338.886 -0.861048 0.40895 0.00484521 0.408372
339.631 -0.90044 0.417236 -0.0319814 0.431534
340.377 -0.942765 0.425444 -0.0729961 0.457172
341.122 -0.985581 0.433767 -0.115745 0.484759
341.867 -1.02489 0.440703 -0.156443 0.510802
342.613 -1.06332 0.447311 -0.197433 0.537517
343.358 -1.09432 0.450803 -0.232238 0.557907
344.103 -1.12116 0.452527 -0.263725 0.57466
344.849 -1.15301 0.453279 -0.302937 0.593764
345.594 -1.18986 0.453094 -0.350515 0.615578
346.339 -1.22801 0.4546 -0.400479 0.641701
347.085 -1.26824 0.459003 -0.453197 0.674872
347.83 -1.30886 0.463624 -0.508223 0.710715
348.575 -1.35029 0.468611 -0.566189 0.750023
349.321 -1.39116 0.472404 -0.626461 0.789507
350.066 -1.42512 0.46347 -0.688971 0.804046
350.811 -1.45933 0.454555 -0.754546 0.819081
351.557 -1.49354 0.459924 -0.809437 0.860363
352.302 -1.52786 0.466043 -0.865561 0.905508
353.047 -1.569 0.464974 -0.944728 0.946655
353.793 -1.6118 0.46264 -1.03298 0.989588
354.538 -1.66114 0.465564 -1.13444 1.0549
355.283 -1.71341 0.471254 -1.24583 1.13641
356.029 -1.75716 0.475616 -1.34551 1.20982
356.774 -1.79412 0.478795 -1.43517 1.27542
357.519 -1.82878 0.479696 -1.52735 1.33563
358.265 -1.86036 0.477315 -1.62175 1.38466
359.01 -1.89268 0.4763 -1.72152 1.4424
359.755 -1.92682 0.478367 -1.82716 1.51846
360.501 -1.96299 0.482296 -1.94235 1.61259
361.246 -2.01108 0.495837 -2.08499 1.78531
361.991 -2.05876 0.509343 -2.23206 1.98255
362.737 -2.10744 0.522302 -2.38954 2.21176
363.482 -2.15583 0.535096 -2.54849 2.47598
364.227 -2.19437 0.543086 -2.68462 2.70636
364.973 -2.23152 0.550324 -2.81734 2.95474
365.718 -2.26505 0.550122 -2.98061 3.17212
366.463 -2.29731 0.547345 -3.16366 3.39339
367.209 -2.32878 0.553023 -3.2782 3.68254
367.954 -2.35981 0.564042 -3.32801 4.02659
368.699 -2.39707 0.57328 -3.39866 4.46203
369.445 -2.4412 0.580513 -3.48186 5.02874
370.19 -2.48607 0.58749 -3.50801 5.68535
370.935 -2.53232 0.594125 -3.4476 6.44995
371.681 -2.57624 0.600446 -3.26357 7.25211
372.426 -2.61078 0.606044 -2.99121 7.91436
373.171 -2.64459 0.611125 -2.61697 8.5745
373.917 -2.66762 0.610357 -2.37876 9.06102
374.662 -2.69068 0.609535 -2.07871 9.55511
375.407 -2.72008 0.610077 -1.56234 10.1568
376.153 -2.74999 0.610646 -0.914931 10.7256
376.898 -2.79335 0.618008 0.3334 11.2326
377.643 -2.84026 0.627014 1.82271 11.4021
378.389 -2.88918 0.636536 3.34741 11.1587
379.134 -2.93925 0.646288 4.71449 10.5349
379.879 -2.98183 0.655351 5.63113 9.78385
380.625 -3.01769 0.663818 6.20316 9.06709
381.37 -3.05195 0.670047 6.63364 8.40189
382.116 -3.08364 0.672826 6.97175 7.82756
382.861 -3.11221 0.674093 7.21737 7.32672
383.606 -3.1316 0.671105 7.40463 7.02324
384.352 -3.15341 0.669323 7.55706 6.66825
385.097 -3.19224 0.676347 7.59955 6.00802
385.842 -3.23122 0.683346 7.57531 5.4158
386.587 -3.28178 0.688323 7.5306 4.7439
387.333 -3.33271 0.693222 7.42298 4.1597
388.078 -3.38087 0.702519 7.23952 3.69476
388.824 -3.42872 0.712578 7.04191 3.30385
389.569 -3.4732 0.718115 6.88626 2.98404
390.314 -3.51645 0.721842 6.7435 2.7084
391.06 -3.54966 0.722334 6.64598 2.51539
391.805 -3.57564 0.720499 6.57995 2.37231
392.55 -3.60316 0.72176 6.49189 2.23961
393.296 -3.63259 0.72687 6.38126 2.11861
394.041 -3.66385 0.732763 6.26635 2.00177
394.786 -3.69905 0.740391 6.13907 1.88378
395.532 -3.73684 0.746632 6.01685 1.76399
396.277 -3.78618 0.746399 5.89346 1.60227
397.022 -3.83567 0.746578 5.7719 1.45973
397.768 -3.88336 0.757337 5.63166 1.362
398.513 -3.93128 0.768133 5.50062 1.27455
399.258 -3.97098 0.770625 5.41265 1.19721
400.004 -4.00998 0.772247 5.33136 1.1262
400.749 -4.04196 0.775802 5.26293 1.07759
401.494 -4.07194 0.779926 5.19976 1.03678
402.24 -4.09933 0.784627 5.14256 1.00379
402.985 -4.12529 0.78966 5.08934 0.975475
403.73 -4.15758 0.790727 5.03338 0.932474
404.476 -4.19619 0.787837 4.97452 0.876985
405.221 -4.23728 0.788222 4.90919 0.827444
405.966 -4.28256 0.794306 4.83331 0.785221
406.712 -4.33058 0.801356 4.7564 0.744788
407.457 -4.38714 0.81157 4.66906 0.703279
408.202 -4.44254 0.821029 4.58941 0.665763
408.948 -4.48475 0.823052 4.53662 0.634072
409.693 -4.52713 0.825063 4.48569 0.604402
410.438 -4.56801 0.830003 4.43619 0.581152
411.184 -4.60898 0.835066 4.3885 0.559419
411.929 -4.6426 0.84111 4.34964 0.545104
412.674 -4.67478 0.847373 4.31342 0.53265
413.42 -4.70656 0.849285 4.28157 0.516779
414.165 -4.73821 0.849261 4.25191 0.499885
414.91 -4.77802 0.852199 4.21378 0.481753
415.656 -4.82436 0.857494 4.1699 0.463141
416.401 -4.87266 0.860925 4.12712 0.443102
417.146 -4.92357 0.861801 4.08518 0.421022
417.892 -4.97632 0.865938 4.04196 0.402163
418.637 -5.03325 0.878142 3.99403 0.38882
419.382 -5.0889 0.889515 3.94974 0.376242
420.128 -5.13624 0.895923 3.91511 0.364236
420.873 -5.18364 0.902357 3.88175 0.352882
421.618 -5.22391 0.908379 3.85431 0.344374
422.364 -5.26434 0.91443 3.82765 0.336206
423.109 -5.29974 0.913614 3.80708 0.325896
423.854 -5.3346 0.911895 3.7876 0.315647
424.6 -5.37117 0.917297 3.7654 0.309403
425.345 -5.40841 0.925094 3.74274 0.304539
426.09 -5.45352 0.92944 3.71744 0.295731
426.836 -5.50363 0.93163 3.69087 0.284856
427.581 -5.55471 0.936521 3.664 0.275684
428.326 -5.60682 0.944346 3.63684 0.268172
429.072 -5.66253 0.951875 3.60901 0.260042
429.817 -5.72485 0.958801 3.57936 0.250591
430.562 -5.78596 0.966843 3.55118 0.242431
431.308 -5.84172 0.978871 3.52555 0.237477
432.053 -5.89652 0.990748 3.50128 0.232854
432.798 -5.9372 0.999835 3.48396 0.229993
433.544 -5.97803 1.00897 3.46703 0.227201
434.289 -6.02188 1.00745 3.45133 0.219927
435.034 -6.06607 1.00526 3.43597 0.212645
435.78 -6.10913 1.00876 3.42042 0.207891
436.525 -6.15205 1.01363 3.40508 0.203811
437.27 -6.19612 1.01831 3.38975 0.199634
438.016 -6.24084 1.02293 3.3746 0.195483
438.761 -6.29214 1.03001 3.35731 0.191316
439.506 -6.34914 1.03922 3.33842 0.187176
440.252 -6.40732 1.04861 3.31974 0.183095
440.997 -6.46711 1.05821 3.30115 0.179032
441.742 -6.52749 1.06758 3.28302 0.174995
442.488 -6.58899 1.0762 3.26524 0.170778
443.233 -6.65072 1.08495 3.24795 0.16675
443.978 -6.71234 1.09419 3.23117 0.16303
444.724 -6.77419 1.10349 3.21485 0.159451
445.469 -6.81435 1.10977 3.20471 0.157582
446.214 -6.85465 1.11608 3.19474 0.155752
446.96 -6.90265 1.11614 3.18376 0.151682
447.705 -6.95198 1.11523 3.1728 0.147397
448.45 -7.00442 1.11652 3.16114 0.143472
449.196 -7.05813 1.11861 3.14939 0.139753
449.941 -7.11139 1.12651 3.13749 0.137485
450.686 -7.16442 1.13836 3.12559 0.136147
451.432 -7.22114 1.14908 3.11332 0.134288
452.177 -7.28211 1.1585 3.1006 0.131865
452.922 -7.34529 1.16781 3.08781 0.129326
453.668 -7.41264 1.17683 3.07459 0.126495
454.413 -7.4782 1.18635 3.06204 0.124003
455.158 -7.53528 1.19769 3.05124 0.12255
455.904 -7.59279 1.20934 3.04061 0.121157
456.649 -7.65315 1.22438 3.02951 0.120186
457.394 -7.71378 1.23954 3.01864 0.119228
458.14 -7.76931 1.24126 3.00978 0.116408
458.885 -7.82468 1.24194 3.0012 0.113525
459.63 -7.8748 1.23783 2.99392 0.110302
460.376 -7.92371 1.23244 2.98704 0.107051
461.121 -7.97912 1.24076 2.97845 0.105624
461.866 -8.03802 1.25624 2.9691 0.105109
462.612 -8.08945 1.26731 2.96131 0.104372
463.357 -8.13411 1.27437 2.95489 0.103447
464.102 -8.19077 1.28072 2.94691 0.101777
464.848 -8.26613 1.28594 2.93656 0.0990007
465.593 -8.33695 1.29262 2.92701 0.0967642
466.338 -8.39386 1.30343 2.91933 0.0958511
467.084 -8.4508 1.3136 2.91184 0.0948725
467.829 -8.5064 1.31875 2.90492 0.0933404
468.574 -8.56223 1.32392 2.89809 0.091843
469.32 -8.63637 1.33627 2.88882 0.0904221
470.065 -8.71108 1.34881 2.87972 0.0890397
470.81 -8.77832 1.3665 2.87148 0.0886239
471.556 -8.84454 1.38519 2.86351 0.0883627
472.301 -8.90848 1.39745 2.85625 0.0874765
473.046 -8.97172 1.40727 2.84931 0.0863712
473.792 -9.03028 1.4142 2.84314 0.0851752
474.537 -9.0856 1.41909 2.8375 0.0839241
475.282 -9.14406 1.42592 2.83156 0.0827819
476.028 -9.20632 1.4351 2.82525 0.0817628
476.773 -9.27185 1.44703 2.81864 0.0809198
477.518 -9.3441 1.46481 2.81129 0.080418
478.264 -9.41607 1.48062 2.80421 0.0797428
479.009 -9.48564 1.48722 2.79783 0.0783055
479.754 -9.55504 1.49365 2.79161 0.0769009
480.5 -9.6154 1.49626 2.78644 0.0754954
481.245 -9.67602 1.49887 2.78134 0.0741192
481.99 -9.745 1.51804 2.77507 0.0739503
482.736 -9.81504 1.53888 2.76879 0.073882
483.481 -9.89278 1.55508 2.76214 0.0731773
484.226 -9.97298 1.57009 2.75548 0.0723146
484.972 -10.0396 1.58239 2.75013 0.0716628
485.717 -10.0988 1.59324 2.74549 0.0711247
486.462 -10.1629 1.59975 2.74069 0.0701239
487.208 -10.2314 1.60213 2.73575 0.068706
487.953 -10.3018 1.61077 2.73058 0.0677448
488.698 -10.3749 1.62968 2.72503 0.067485
489.444 -10.445 1.64548 2.71989 0.0670809
490.189 -10.5051 1.65137 2.71582 0.0662453
490.934 -10.5676 1.65887 2.71159 0.0654761
491.68 -10.6482 1.67892 2.70589 0.0651253
492.425 -10.7292 1.69915 2.70027 0.0647776
493.17 -10.808 1.71013 2.69514 0.0638795
493.916 -10.8872 1.72099 2.69009 0.0629886
494.661 -10.9613 1.73213 2.68545 0.0622577
495.406 -11.0347 1.74339 2.68094 0.0615659
496.152 -11.1218 1.75023 2.67577 0.0603123
496.897 -11.215 1.75528 2.67038 0.0588599
497.642 -11.2981 1.77233 2.66545 0.0583688
498.388 -11.3738 1.79834 2.66085 0.0585549
499.133 -11.4445 1.8254 2.65659 0.0588869
499.878 -11.5088 1.85371 2.65273 0.0594013
500.624 -11.5768 1.87174 2.64894 0.0592598
501.369 -11.6527 1.8663 2.64526 0.0577004
502.115 -11.7312 1.86463 2.64143 0.0563324
502.86 -11.8203 1.88114 2.63676 0.0557416
503.605 -11.9087 1.89711 2.63223 0.0551507
504.35 -11.9673 1.89692 2.62958 0.0543101
505.096 -12.0262 1.89672 2.62694 0.0534813
505.841 -12.1128 1.91927 2.62258 0.0532903
506.587 -12.2026 1.94439 2.6181 0.0531624
507.332 -12.2809 1.96346 2.61436 0.0529445
508.077 -12.3561 1.98082 2.61085 0.0527024
508.823 -12.4391 1.99297 2.60713 0.0520954
509.568 -12.5267 2.00217 2.60332 0.0512942
510.313 -12.6123 2.0176 2.59957 0.0508187
511.059 -12.6958 2.03923 2.59587 0.0506513
511.804 -12.7949 2.05616 2.59166 0.0500422
512.549 -12.9202 2.06487 2.58657 0.0487089
513.294 -13.0326 2.07773 2.58206 0.0477814
514.04 -13.1005 2.10388 2.57922 0.0480525
514.785 -13.1719 2.13146 2.57626 0.0483181
515.531 -13.2716 2.17005 2.5721 0.0485886
516.276 -13.3719 2.20907 2.568 0.0488471
517.021 -13.4419 2.2006 2.56576 0.0477545
517.767 -13.5111 2.19048 2.5636 0.0466338
518.512 -13.6127 2.17993 2.56029 0.0450923
519.257 -13.7212 2.16913 2.55678 0.0434986
520.003 -13.7936 2.18123 2.55432 0.0432093
520.748 -13.8506 2.2033 2.5523 0.0434637
521.493 -13.9245 2.25119 2.5494 0.0443831
522.239 -14.0116 2.31929 2.54584 0.0457843
522.984 -14.0949 2.35895 2.54282 0.0462409
523.729 -14.1735 2.36056 2.54047 0.0455039
524.475 -14.2594 2.36237 2.53792 0.0447
525.22 -14.3622 2.36467 2.53486 0.0437299
525.965 -14.4695 2.37087 2.53166 0.0428555
526.711 -14.5972 2.3972 2.52768 0.0423877
527.456 -14.7246 2.42363 2.52379 0.0419365
528.201 -14.8099 2.44265 2.5213 0.0417363
528.947 -14.8957 2.46182 2.51882 0.0415379
529.692 -15.0168 2.46461 2.51556 0.0405012
530.437 -15.1429 2.46543 2.51223 0.0393906
531.183 -15.2582 2.52045 2.50872 0.0399025
531.928 -15.3704 2.59317 2.50518 0.0408905
532.673 -15.4693 2.62556 2.50247 0.0409121
533.419 -15.5605 2.63371 2.50023 0.0403789
534.164 -15.6767 2.63909 2.49742 0.0395444
534.909 -15.8189 2.64156 2.49403 0.038415
535.655 -15.9385 2.65165 2.49119 0.0377168
536.4 -16.0161 2.67553 2.4893 0.0377481
537.145 -16.1003 2.7025 2.48725 0.0377913
537.891 -16.2063 2.73978 2.48461 0.037878
538.636 -16.312 2.77612 2.48204 0.0379388
539.381 -16.4085 2.79944 2.47983 0.0377771
540.127 -16.5056 2.82297 2.47764 0.0376168
540.872 -16.5986 2.86153 2.47544 0.0378242
541.617 -16.6918 2.90113 2.47327 0.038043
542.363 -16.781 2.88276 2.47169 0.0370411
543.108 -16.8696 2.85153 2.47025 0.0357899
543.853 -17.002 2.86839 2.46751 0.0352309
544.599 -17.1552 2.90756 2.46423 0.0349839
545.344 -17.276 2.94408 2.46168 0.034933
546.089 -17.3705 2.9784 2.45973 0.0350355
546.835 -17.478 3.00955 2.45757 0.0349732
547.58 -17.6033 3.03618 2.45513 0.034689
548.325 -17.7381 3.07581 2.45246 0.0345855
549.071 -17.8957 3.14802 2.44918 0.0349173
549.816 -18.0512 3.2133 2.44607 0.0351152
550.561 -18.19 3.23413 2.44363 0.0346306
551.307 -18.3297 3.25467 2.44122 0.0341468
552.052 -18.4574 3.24612 2.43926 0.0332564
552.797 -18.5861 3.23737 2.43731 0.0323799
553.543 -18.7248 3.2649 2.43499 0.0320659
554.288 -18.8657 3.29764 2.43264 0.0318284
555.033 -18.9869 3.36293 2.43044 0.0322404
555.779 -19.1017 3.43985 2.42831 0.0328585
556.524 -19.2404 3.46876 2.42614 0.0325603
557.269 -19.395 3.46703 2.42395 0.0317042
558.015 -19.5264 3.50506 2.42191 0.031606
558.76 -19.632 3.58695 2.42002 0.0323074
559.505 -19.7423 3.63691 2.41828 0.0324947
560.251 -19.8613 3.62483 2.41681 0.0317336
560.996 -19.982 3.61718 2.4153 0.0310422
561.741 -20.1074 3.6269 2.41365 0.0305831
562.487 -20.2317 3.63939 2.41202 0.0301786
563.232 -20.3326 3.68494 2.41055 0.0303606
563.977 -20.4339 3.73092 2.40909 0.0305395
564.723 -20.5825 3.81568 2.40682 0.0309684
565.468 -20.7349 3.90401 2.40451 0.0314019
566.213 -20.8835 3.92394 2.40266 0.0309673
566.959 -21.032 3.92736 2.40093 0.030336
567.704 -21.1657 3.94225 2.39935 0.0299375
568.449 -21.2926 3.96288 2.39785 0.0296519
569.195 -21.4476 3.98539 2.39602 0.0292545
569.94 -21.6274 4.00959 2.39393 0.0287658
570.685 -21.8284 4.02813 2.39165 0.0281242
571.431 -22.0607 4.038 2.3891 0.027261
572.176 -22.2548 4.08285 2.38689 0.0269855
572.921 -22.3393 4.22327 2.38548 0.0282454
573.667 -22.4408 4.35216 2.38394 0.0292707
574.412 -22.6552 4.40043 2.3816 0.0289002
575.157 -22.8717 4.44946 2.37928 0.0285361
575.903 -23.1157 4.48613 2.3768 0.0279375
576.648 -23.3625 4.52335 2.37435 0.0273514
577.393 -23.5118 4.54742 2.37294 0.0270583
578.139 -23.6465 4.56958 2.37171 0.0268117
578.884 -23.7813 4.60054 2.37045 0.0266518
579.629 -23.9168 4.63499 2.36919 0.0265241
580.375 -24.0849 4.71015 2.36749 0.0266413
581.12 -24.2758 4.81399 2.3655 0.0269181
581.865 -24.4296 4.90718 2.36391 0.0272305
582.611 -24.5393 4.98708 2.36279 0.0275871
583.356 -24.6586 5.06645 2.36159 0.027892
584.101 -24.7974 5.14399 2.36025 0.0280962
584.847 -24.9582 5.20382 2.35882 0.0280612
585.592 -25.2095 5.18572 2.35697 0.0270494
586.337 -25.457 5.16755 2.35518 0.026085
587.083 -25.5991 5.15954 2.35421 0.025601
587.828 -25.7421 5.15131 2.35325 0.0251215
588.573 -25.9247 5.1879 2.35185 0.0248633
589.319 -26.112 5.22869 2.35041 0.0246259
590.064 -26.3185 5.29712 2.34877 0.0245358
590.809 -26.5315 5.37396 2.34708 0.0244845
591.555 -26.7388 5.4787 2.34538 0.0246485
592.3 -26.9438 5.5994 2.34367 0.0249214
593.045 -27.1306 5.71627 2.34213 0.025211
593.791 -27.3005 5.82942 2.34074 0.0255162
594.536 -27.5021 5.9037 2.33929 0.0254505
595.281 -27.7556 5.91365 2.33772 0.0248045
596.027 -28.0279 5.95392 2.33597 0.0243148
596.772 -28.3525 6.08769 2.33366 0.0242679
597.517 -28.6592 6.20635 2.33157 0.0241736
598.263 -28.7992 6.18539 2.33091 0.0237212
599.008 -28.9399 6.16407 2.33026 0.0232719
599.753 -29.1944 6.26027 2.32862 0.0232055
600.499 -29.4538 6.36064 2.32697 0.023147
601.244 -29.7086 6.51674 2.32524 0.0234081
601.989 -29.964 6.68581 2.32351 0.0237209
602.735 -30.1983 6.7649 2.32216 0.0235933
603.48 -30.4253 6.80682 2.32097 0.0232908
604.225 -30.6051 6.91128 2.31988 0.0234384
604.971 -30.7492 7.06303 2.31887 0.0239117
605.716 -30.9744 7.14508 2.31764 0.0238138
606.461 -31.3054 7.13628 2.31615 0.0230058
607.207 -31.5897 7.16685 2.31481 0.0225272
607.952 -31.7601 7.28955 2.31382 0.0227693
608.697 -31.9308 7.36921 2.31294 0.0228013
609.443 -32.0998 7.23169 2.31259 0.0218287
610.188 -32.2729 7.10575 2.31219 0.0209145
610.933 -32.5495 7.3461 2.3105 0.0214584
611.679 -32.8276 7.5914 2.30882 0.0219904
612.424 -33.1209 7.73081 2.30734 0.0220046
613.169 -33.4187 7.86058 2.3059 0.0219623
613.915 -33.543 8.00083 2.30519 0.0223389
614.66 -33.6133 8.14463 2.30469 0.0228409
615.405 -33.8751 8.18536 2.30364 0.0224944
616.151 -34.2535 8.16433 2.30228 0.0216635
616.896 -34.6184 8.26392 2.30075 0.021358
617.641 -34.9683 8.49108 2.29906 0.0215723
618.387 -35.3305 8.67581 2.29745 0.021588
619.132 -35.713 8.77902 2.29596 0.0212637
619.878 -36.0384 8.86446 2.29475 0.0209949
620.623 -36.1519 8.88272 2.29442 0.0209013
621.368 -36.2899 8.92412 2.29397 0.0208423
622.113 -36.6713 9.19989 2.29225 0.021122
622.859 -37.0563 9.48263 2.29055 0.0213946
623.604 -37.5399 9.66375 2.28877 0.0211424
624.349 -38.0358 9.84467 2.287 0.020871
625.095 -38.3618 9.8514 2.2861 0.0203767
625.84 -38.652 9.81846 2.28539 0.0198376
626.586 -38.9249 9.91823 2.28451 0.0197311
627.331 -39.1907 10.0813 2.28357 0.0198202
628.076 -39.617 10.2987 2.2821 0.0197938
628.822 -40.1804 10.5652 2.28022 0.0196752
629.567 -40.5994 10.8344 2.27877 0.019785
630.312 -40.8046 11.1007 2.27791 0.0202101
631.057 -40.9884 11.3042 2.27722 0.0204947
631.803 -41.1183 11.3383 2.27693 0.0204303
632.548 -41.2965 11.3876 2.27651 0.0203291
633.294 -41.7581 11.5258 2.27525 0.0200138
634.039 -42.2259 11.6681 2.274 0.0197069
634.784 -42.6201 11.9142 2.27281 0.019757
635.53 -43.0184 12.166 2.27162 0.0198056
636.275 -43.4548 12.424 2.27037 0.0198057
637.02 -43.9014 12.6884 2.26912 0.0197985
637.766 -44.2989 12.7688 2.26826 0.0194666
638.511 -44.6818 12.7828 2.26753 0.0190248
639.256 -44.987 12.9411 2.26678 0.0189929
640.002 -45.2402 13.1968 2.26602 0.0192236
640.747 -45.6693 13.4255 2.26496 0.0191604
641.492 -46.3043 13.6244 2.26357 0.0187741
642.238 -46.7764 13.8126 2.26254 0.0185824
642.983 -46.9058 13.9721 2.26219 0.0187642
643.728 -47.0406 14.1228 2.26185 0.0189199
644.474 -47.1969 14.2339 2.26152 0.0189749
645.219 -47.3847 14.3701 2.26111 0.0190341
645.964 -48.0181 14.8572 2.25949 0.0191553
646.71 -48.66 15.3611 2.2579 0.0192726
647.455 -49.311 15.6865 2.25655 0.0190754
648.2 -49.9739 16.007 2.25523 0.0188582
648.946 -50.4926 15.9766 2.25456 0.0182753
649.691 -50.9773 15.8507 2.25405 0.0176026
650.436 -51.4637 15.8824 2.25338 0.0171804
651.182 -51.9549 15.998 2.25262 0.0168872
651.927 -52.5635 16.5179 2.25131 0.0170557
652.672 -53.2733 17.4275 2.24951 0.0176255
653.418 -53.8861 18.1673 2.24805 0.0180156
654.163 -54.3511 18.6052 2.24712 0.0181448
654.908 -54.8167 18.9859 2.24626 0.0181931
655.654 -55.2797 19.1762 2.24561 0.0180134
656.399 -55.7536 19.3472 2.24497 0.0178041
657.144 -56.2713 19.3549 2.24445 0.0173719
657.89 -56.7959 19.361 2.24393 0.016943
658.635 -57.8909 20.3644 2.24192 0.0171089
659.38 -59.0116 21.4356 2.23992 0.0172758
660.126 -59.5762 21.8945 2.23906 0.017285
660.871 -60.0465 22.2479 2.23839 0.0172674
661.616 -60.347 22.5363 2.23795 0.0173275
662.362 -60.5797 22.7999 2.2376 0.0174179
663.107 -60.8369 23.2722 2.23705 0.0176722
663.852 -61.1075 23.9006 2.23638 0.0180412
664.598 -61.7391 24.3248 2.23557 0.0179255
665.343 -62.8415 24.4875 2.2346 0.0172233
666.088 -63.8291 24.9114 2.23356 0.0168478
666.834 -64.5075 25.9306 2.23234 0.0171663
667.579 -65.0903 26.8022 2.23134 0.0174151
668.324 -65.249 26.8487 2.23127 0.0173705
669.07 -65.4263 26.8903 2.23119 0.017309
669.815 -66.003 26.8179 2.2309 0.0168782
670.56 -66.5864 26.7413 2.23062 0.0164494
671.306 -68.0606 27.4911 2.22917 0.0159959
672.051 -69.6759 28.3663 2.22761 0.0155493
672.796 -70.5054 29.5609 2.22641 0.0157991
673.542 -71.0815 30.8747 2.22532 0.0162424
674.287 -71.6581 31.5154 2.22468 0.0162782
675.032 -72.2478 31.7656 2.22427 0.016089
675.778 -72.5635 32.112 2.22397 0.0161201
676.523 -72.603 32.5513 2.22375 0.016365
677.268 -72.9398 33.1183 2.22331 0.0164909
678.014 -73.7926 33.9158 2.22248 0.0164169
678.759 -74.8379 34.9474 2.22144 0.0163366
679.504 -76.491 36.7262 2.21977 0.0162347
680.25 -78.0544 38.4326 2.21826 0.0161248
680.995 -78.5726 38.5558 2.21806 0.0159336
681.74 -79.0962 38.6794 2.21786 0.015743
682.486 -79.1971 39.0379 2.21771 0.0158648
683.231 -79.2822 39.406 2.21755 0.0159964
683.976 -81.2389 40.1623 2.21651 0.0153229
684.722 -83.6703 41.0286 2.2153 0.0145045
685.467 -84.8228 42.1909 2.21445 0.0144067
686.212 -85.3851 43.498 2.21375 0.0146105
686.958 -86.1669 45.5887 2.21265 0.0149299
687.703 -87.0701 48.3594 2.21126 0.0153312
688.448 -87.9114 50.5938 2.21016 0.01556
689.194 -88.7481 52.0259 2.20944 0.0155724
689.939 -89.4092 53.1527 2.20889 0.0155797
690.684 -89.6644 53.4699 2.20878 0.0155757
691.43 -90.1384 54.1577 2.20847 0.0155601
692.175 -91.719 56.8014 2.20719 0.0154854
692.92 -93.3014 59.5686 2.20593 0.0154023
693.666 -95.2009 61.3672 2.20504 0.0150322
694.411 -97.1563 63.2603 2.20415 0.0146674
695.156 -98.7297 64.9251 2.20344 0.0144068
695.902 -100.286 66.6237 2.20275 0.0141604
696.647 -101.199 67.3593 2.20247 0.0139977
697.392 -101.915 67.7876 2.20232 0.0138606
698.138 -103.117 68.058 2.20215 0.0135602
698.883 -104.626 68.2262 2.20198 0.0131649
699.628 -105.238 70.5379 2.2013 0.0132926
700.374 -104.714 75.0983 2.20012 0.0139388
701.119 -104.012 79.1675 2.19909 0.0145005
701.864 -103.311 82.2789 2.19834 0.0149301
702.61 -102.918 84.9658 2.19768 0.0152117
703.355 -103.968 86.2039 2.19736 0.0150168
704.1 -104.807 87.2302 2.19712 0.0148713
704.846 -103.554 86.0205 2.19756 0.0151775
705.591 -102.323 84.841 2.19799 0.015486
706.336 -105.277 89.1865 2.19678 0.0149182
707.082 -108.477 94.1437 2.19551 0.0143304
707.827 -112.297 100.074 2.19413 0.0136499
708.572 -116.356 106.763 2.19275 0.0129644
709.318 -117.391 111.544 2.19188 0.0128458
710.063 -116.964 115.36 2.19124 0.0129657
710.808 -115.502 115.697 2.19124 0.0132592
711.554 -113.375 113.394 2.19172 0.0136896
712.299 -113.073 113.313 2.1918 0.013775
713.044 -115.135 116.14 2.19134 0.0134073
713.79 -116.363 120.602 2.19061 0.0131875
714.535 -115.118 128.819 2.18927 0.0133029
715.28 -112.984 137.399 2.18793 0.0134378
716.026 -109.115 146.459 2.18653 0.0136813
716.771 -104.362 155.198 2.18519 0.0139131
717.516 -103.003 156.787 2.18497 0.0140238
718.262 -101.606 158.353 2.18475 0.0141341
719.007 -106.661 156.548 2.18531 0.0136305
719.752 -112.373 154.022 2.18595 0.0130553
720.498 -113.856 160.707 2.18526 0.0126145
721.243 -113.583 170.803 2.18418 0.0122213
721.988 -112.131 181.235 2.18312 0.0118981
722.734 -109.54 192.013 2.18208 0.0116156
723.479 -103.833 200.185 2.18117 0.0116642
724.224 -95.5295 204.992 2.18038 0.0120244
724.97 -90.2873 208.869 2.17984 0.0121678
725.715 -90.5509 212.199 2.17969 0.0119621
726.46 -88.9399 214.048 2.17953 0.0119716
727.206 -81.9594 211.022 2.1793 0.0126369
727.951 -75.2728 208.193 2.17904 0.0132847
728.696 -67.7331 207.553 2.17854 0.0138135
729.442 -60.4785 206.515 2.17803 0.0143372
730.187 -48.7656 218.397 2.1765 0.0138651
730.932 -34.5689 229.425 2.17497 0.0133898
731.678 -25.2355 235.681 2.1741 0.0130801
732.423 -16.341 240.793 2.17335 0.0128012
733.168 -11.0599 243.787 2.17295 0.0126258
733.914 -7.21654 246.031 2.17269 0.0124899
734.659 -5.12827 247.078 2.17257 0.0124372
735.404 -4.31125 247.342 2.17256 0.0124415
736.15 -2.0748 249.997 2.17244 0.0122618
736.895 2.07871 255.507 2.17219 0.0118691
737.641 10.5272 259.993 2.17165 0.0115338
738.386 27.2206 260.886 2.17056 0.0113136
739.131 42.1003 257.406 2.16955 0.0112854
739.876 48.7503 244.723 2.16881 0.0119959
740.622 53.6414 233.46 2.16813 0.0126664
741.367 51.9719 230.759 2.16821 0.0129538
742.112 50.3694 228.104 2.16828 0.0132418
742.858 50.1253 228.583 2.16837 0.0132356
743.603 49.9576 229.256 2.16846 0.0132114
744.349 58.1943 229.806 2.1679 0.012869
745.094 68.5204 229.523 2.16721 0.0124586
745.839 84.1037 230.249 2.16629 0.0116689
746.584 102.822 229.445 2.16528 0.0107191
747.33 112.586 220.804 2.16435 0.010564
748.075 114.21 208.409 2.1635 0.0110276
748.82 116.378 201.278 2.16293 0.0111993
749.566 120.07 200.062 2.16273 0.0109878
750.311 121.911 200.471 2.16274 0.0108513
751.057 119.286 204.985 2.16323 0.01089
751.802 117.537 207.202 2.16351 0.0109463
752.547 120.769 198.308 2.16276 0.011086
753.293 123.533 189.656 2.162 0.0112088
754.038 130.054 178.926 2.16089 0.011003
754.783 135.159 168.233 2.15979 0.0108012
755.529 138.807 162.232 2.15917 0.0105617
756.274 141.982 156.602 2.15859 0.0103212
757.019 142.289 150.94 2.15803 0.0103495
757.765 141.745 145.522 2.15748 0.0104491
758.51 138.791 141.501 2.15706 0.0108182
759.255 134.854 138.226 2.15671 0.0113241
760.001 135.929 136.738 2.15657 0.0112092
760.746 141.408 136.537 2.15661 0.010551
761.491 142.393 132.683 2.15619 0.01042
762.237 136.896 124.537 2.15512 0.0110513
762.982 133.829 117.515 2.15412 0.011379
763.727 135.716 111.388 2.15332 0.0109618
764.473 136.742 105.559 2.15253 0.0106167
765.218 135.412 100.973 2.15181 0.0106343
765.963 134.109 96.7489 2.15112 0.0106405
766.709 136.283 95.8695 2.15115 0.0102636
767.454 138.465 94.9164 2.15117 0.0098865
768.199 140.115 95.2412 2.15137 0.00967435
768.945 141.743 95.7081 2.15158 0.00947932
769.69 140.605 95.1052 2.15146 0.00962932
770.435 138.713 94.2052 2.15125 0.00987789
771.181 137.208 90.3991 2.15061 0.00987859
771.926 135.764 85.3315 2.14973 0.00974877
772.671 133.38 80.088 2.14871 0.00971074
773.417 130.274 74.8847 2.14755 0.0097523
774.162 128.108 72.2561 2.14688 0.00987214
774.907 127.255 72.835 2.14694 0.0101108
775.653 127.268 72.7767 2.14697 0.0101195
776.398 129.515 71.0244 2.14695 0.00953111
777.143 131.358 69.4994 2.14694 0.00904665
777.889 131.205 69.8185 2.14702 0.00912839
778.634 131.021 70.1291 2.1471 0.00921421
779.379 129.949 70.1574 2.14702 0.00942224
780.125 128.89 70.1761 2.14694 0.00962992
780.87 126.835 64.8319 2.14575 0.0093428
781.615 124.53 59.4838 2.14447 0.00901432
782.361 121.248 56.2535 2.14336 0.00913839
783.106 117.917 53.7209 2.14231 0.00937858
783.851 118.374 51.502 2.14199 0.00889001
784.597 120.62 49.233 2.14202 0.00803328
785.342 119.409 50.0588 2.14198 0.00844179
786.087 115.217 53.2264 2.14187 0.00992111
786.833 113.478 54.5534 2.14188 0.0105664
787.578 115.24 53.8207 2.14209 0.0100595
788.323 116.054 52.805 2.14206 0.00971236
789.069 114.625 51.3032 2.14151 0.00974476
789.814 112.858 49.5637 2.14081 0.00979538
790.559 109.514 46.626 2.13946 0.0099297
791.305 106.554 43.9804 2.13818 0.010017
792.05 106.46 41.4905 2.1376 0.00942386
792.795 106.259 39.0674 2.13703 0.008839
793.541 106.803 38.312 2.13705 0.00852384
794.286 107.395 37.6519 2.1371 0.00822611
795.031 107.367 38.9782 2.13743 0.00861157
795.777 107.141 40.7632 2.13781 0.00915413
796.522 107.62 40.2382 2.13785 0.00892265
797.267 108.378 38.6859 2.13775 0.00835687
798.013 106.22 36.9243 2.13681 0.00835639
798.758 102.284 35.1681 2.13527 0.00875175
799.503 99.9379 33.7685 2.13422 0.00888651
800.249 99.1354 32.6706 2.13372 0.00873281
800.994 97.9322 31.8242 2.13314 0.00875416
801.739 96.0201 31.3953 2.13239 0.00910264
802.485 94.7873 30.6783 2.13178 0.00917692
803.23 95.5613 28.9344 2.13167 0.00833474
803.975 96.2632 27.43 2.13161 0.00760123
804.721 97.012 28.197 2.13211 0.00773242
805.466 97.7702 28.9926 2.13262 0.00786516
806.211 95.7838 30.7458 2.13236 0.00901503
806.957 93.7417 32.3402 2.13207 0.0101654
807.702 92.4453 30.9526 2.13123 0.0100244
808.447 91.2586 29.2634 2.13032 0.00970853
809.193 90.5332 27.6268 2.1296 0.00924978
809.938 89.919 26.046 2.12894 0.00875225
810.683 89.1406 25.4294 2.12846 0.00870467
811.429 88.3005 25.3151 2.12808 0.00889915
812.174 87.7245 25.0273 2.12777 0.00894235
812.919 87.3701 24.5941 2.12752 0.00885373
813.665 87.2427 24.0347 2.12734 0.0086384
814.41 87.4196 23.2877 2.12725 0.00824612
815.155 87.3883 22.7139 2.12712 0.00799079
815.901 86.9155 22.5438 2.12688 0.00804744
816.646 86.2595 22.3454 2.12654 0.0081397
817.391 84.8377 22.0215 2.12576 0.0083816
818.137 83.4644 21.6445 2.12497 0.00858915
818.882 82.0268 20.6012 2.12392 0.00845272
819.627 80.6445 19.6309 2.12288 0.00831925
820.373 79.841 19.5122 2.12241 0.00850198
821.118 79.0756 19.4204 2.12196 0.00869333
821.863 79.2187 19.3458 2.12205 0.00861772
822.609 79.5167 19.2725 2.12225 0.00849642
823.354 79.9564 18.9377 2.12244 0.00817869
824.099 80.4428 18.5015 2.12264 0.00779173
824.845 80.7006 18.2914 2.12277 0.0076074
825.59 80.8273 18.2168 2.12286 0.00754089
826.335 80.7971 18.2593 2.12289 0.00758726
827.081 80.6241 18.4076 2.12286 0.00773628
827.826 79.9407 18.2828 2.12245 0.0078674
828.571 78.5823 17.7929 2.1215 0.00797102
829.317 77.3824 17.2273 2.12061 0.0079768
830.062 76.4412 16.4706 2.1198 0.00776998
830.807 75.5977 15.7448 2.11904 0.00753803
831.553 75.063 15.0092 2.11849 0.00719269
832.298 74.561 14.4242 2.118 0.00693132
833.043 74.3867 15.0711 2.11809 0.00745868
833.789 74.1967 15.7141 2.11818 0.00798761
834.534 74.1509 15.3346 2.11806 0.00774252
835.279 74.1028 14.9414 2.11794 0.00748612
836.025 74.2228 14.9929 2.11808 0.00749972
836.77 74.3671 15.1067 2.11825 0.00755077
837.515 73.7439 15.3612 2.11791 0.00793445
838.261 72.9099 15.6365 2.11742 0.00840989
839.006 72.1035 15.3827 2.11677 0.00849518
839.751 71.323 14.8935 2.11605 0.0083906
840.497 70.5456 14.5694 2.11536 0.00840614
841.242 69.7776 14.3643 2.11471 0.00851162
841.987 69.2237 14.6933 2.11441 0.0089814
842.733 68.8724 15.6304 2.1145 0.00988123
843.478 68.6848 15.5276 2.11434 0.00988016
844.223 68.7447 13.6058 2.11373 0.00828243
844.969 68.6135 12.2666 2.11322 0.00719937
845.714 68.2808 12.5183 2.11304 0.00753218
846.459 67.9201 12.7154 2.11282 0.00783114
847.205 67.413 12.6498 2.11239 0.00795302
847.95 66.9282 12.6296 2.11198 0.0081097
848.695 66.6443 13.3881 2.11203 0.00889585
849.441 66.3357 14.1348 2.11206 0.00968347
850.186 65.6888 13.5084 2.11127 0.00937985
850.931 65.0358 12.8527 2.11046 0.00903249
851.677 65.0373 11.3888 2.10997 0.0076594
852.422 65.0467 9.80177 2.10951 0.00613331
853.167 64.9133 10.2046 2.10953 0.00657757
853.913 64.713 11.2343 2.10969 0.007653
854.658 64.3872 11.6158 2.10954 0.00814545
855.403 64.0178 11.6637 2.10923 0.00833412
856.149 63.6784 11.3994 2.10883 0.00820586
856.894 63.3573 10.9067 2.10836 0.00783698
857.639 63.1182 10.8687 2.10813 0.00789269
858.385 62.9674 11.3332 2.10818 0.00842863
859.13 62.8779 11.2492 2.10808 0.0083868
859.875 62.8753 10.2522 2.10776 0.00737682
860.621 62.7266 9.6796 2.10745 0.00684167
861.366 62.2906 10.1724 2.10718 0.00751336
862.112 61.8364 10.4914 2.10685 0.00801981
862.857 61.335 10.1255 2.10621 0.00781818
863.602 60.8785 9.81472 2.10563 0.00765183
864.347 60.7798 9.90946 2.10558 0.00780161
865.093 60.6808 10.0034 2.10553 0.0079512
865.838 60.7888 9.44967 2.10549 0.00731081
866.583 60.8817 8.89345 2.10543 0.0066717
867.329 60.9397 9.14279 2.10561 0.00693999
868.074 60.9906 9.47589 2.1058 0.00730124
868.82 60.7016 9.44454 2.1055 0.0073757
869.565 60.3438 9.33439 2.10509 0.00738619
870.31 60.0419 9.28687 2.10476 0.00744756
871.056 59.7626 9.26182 2.10446 0.00752715
871.801 59.4486 9.07583 2.10406 0.00743335
872.546 59.1169 8.80665 2.10361 0.00724491
873.292 58.8109 8.5574 2.10318 0.00706556
874.037 58.5255 8.32436 2.10279 0.00689363
874.782 58.4103 8.20699 2.10264 0.00680056
875.528 58.4866 8.21611 2.10276 0.00679554
876.273 58.4545 8.2826 2.10277 0.00689647
877.018 58.2465 8.43947 2.1026 0.00716786
877.764 58.0762 8.4759 2.10243 0.00728163
878.509 57.9933 8.2361 2.10228 0.00702665
879.254 57.8941 8.02405 2.10211 0.00680902
880 57.7424 7.90702 2.10191 0.0067248
880.745 57.6378 7.77962 2.10176 0.00661059
881.49 57.8401 7.5708 2.10197 0.00629333
882.236 57.9907 7.37299 2.10212 0.00600902
882.981 57.1791 7.46246 2.10116 0.0063907
883.726 56.3986 7.53855 2.1002 0.00676039
884.472 55.9551 7.32857 2.09958 0.006646
885.217 55.5311 7.11773 2.09896 0.00651838
885.962 55.4279 6.86224 2.09876 0.00621677
886.708 55.3613 6.60286 2.09861 0.00589481
887.453 55.3533 6.4797 2.09859 0.00573832
888.198 55.359 6.38807 2.0986 0.00562029
888.944 55.4754 6.36632 2.09877 0.00556352
889.689 55.6336 6.36997 2.09902 0.00552882
890.434 55.5161 6.45285 2.09891 0.00568656
891.18 55.2555 6.57393 2.09862 0.00594314
891.925 54.9422 6.50536 2.09819 0.00595848
892.67 54.5946 6.30736 2.09766 0.00580289
893.416 54.2155 6.22896 2.09713 0.00582243
894.161 53.8085 6.25982 2.09658 0.00600817
894.906 53.4144 6.25216 2.09603 0.00613717
895.652 53.0345 6.19789 2.09548 0.0061946
896.397 52.7236 6.25814 2.09506 0.00640028
897.142 52.5206 6.51591 2.09487 0.00686833
897.888 52.453 6.5998 2.09483 0.00702811
898.633 52.7202 6.26321 2.09513 0.00643486
899.378 52.9068 6.0926 2.09538 0.00612431
900.124 52.8138 6.54181 2.09542 0.00683461
900.869 52.7404 6.83374 2.09544 0.0073045
901.614 52.8293 6.25574 2.09539 0.00641973
902.36 52.8789 5.71384 2.09531 0.00560075
903.105 52.7133 5.5913 2.09505 0.0054771
903.85 52.5448 5.47135 2.09478 0.0053563
904.596 52.159 5.37618 2.09418 0.00533902
905.341 51.7821 5.28394 2.09359 0.00532182
906.086 51.5973 5.19057 2.0933 0.00524101
906.832 51.4235 5.09877 2.09302 0.00515772
907.577 51.0239 5.11393 2.09241 0.0053152
908.322 50.6059 5.13935 2.09176 0.00549884
909.068 50.5225 5.10276 2.09163 0.00547406
909.813 50.5085 5.05352 2.09162 0.00540575
910.558 50.5178 4.89529 2.09161 0.00515052
911.304 50.5323 4.70322 2.0916 0.00483767
912.049 50.484 4.88667 2.0916 0.00516283
912.794 50.4034 5.22657 2.0916 0.00575699
913.54 50.3313 5.3467 2.09154 0.00598734
914.285 50.2672 5.34647 2.09146 0.00601692
915.03 50.1793 5.21669 2.09129 0.00583967
915.776 50.0732 4.99834 2.09107 0.00551888
916.521 49.8561 4.86905 2.09068 0.00537998
917.266 49.5468 4.81731 2.09017 0.00539999
918.012 49.2133 4.82864 2.08962 0.00553664
918.757 48.8535 4.90483 2.08904 0.00579835
919.502 48.5716 4.99203 2.0886 0.00605784
920.248 48.3893 5.09768 2.08834 0.00631847
920.993 48.173 5.07509 2.08796 0.00636516
921.738 47.8992 4.8434 2.08741 0.00605403
922.484 47.7056 4.80711 2.08707 0.00606491
923.229 47.672 5.17447 2.08716 0.00675676
923.974 47.6972 5.32879 2.08729 0.00703586
924.72 47.8979 4.89649 2.08752 0.00618113
925.465 48.0333 4.47223 2.08764 0.00537134
926.21 47.972 4.11183 2.08743 0.00474194
926.956 47.908 3.79121 2.08724 0.00418094
927.701 47.8668 3.64167 2.08715 0.00392472
928.446 47.7858 3.56833 2.087 0.00381871
929.192 47.438 3.99477 2.0865 0.00471868
929.937 47.1005 4.36689 2.08601 0.00553318
930.682 46.9472 4.36248 2.08574 0.00558446
931.428 46.7997 4.3443 2.08548 0.00560786
932.173 46.7419 4.01802 2.08528 0.00501019
932.918 46.6767 3.69607 2.08508 0.00441814
933.664 46.4129 3.89342 2.08465 0.00488891
934.409 46.1503 4.08289 2.08422 0.00535242
935.154 45.8509 3.85452 2.08357 0.00500742
935.9 45.5538 3.61988 2.08292 0.00463881
936.645 45.5069 3.67801 2.08287 0.00477809
937.39 45.4799 3.75967 2.08286 0.00495891
938.136 45.7347 3.8206 2.08341 0.00500558
938.881 46.0319 3.88071 2.08405 0.00503555
939.626 46.1417 4.10757 2.08436 0.00545295
940.372 46.2147 4.36658 2.08461 0.00594163
941.117 45.8447 4.17728 2.08384 0.00570716
941.862 45.3894 3.90486 2.08285 0.00532458
942.608 45.2111 3.72766 2.08245 0.00502986
943.353 45.1049 3.57565 2.0822 0.00475894
944.098 44.832 4.01868 2.08181 0.00577325
944.844 44.4823 4.62547 2.08134 0.00717874
945.589 44.6651 4.22669 2.08158 0.00628081
946.334 45.0126 3.42684 2.08205 0.00450749
947.08 44.8894 3.33777 2.08179 0.00436672
947.825 44.5821 3.55091 2.08123 0.00491577
948.57 44.3882 3.68598 2.08089 0.00527218
949.316 44.248 3.78528 2.08065 0.00553835
950.061 44.1672 4.00762 2.08058 0.00604786
950.806 44.112 4.29491 2.08059 0.00668779
951.552 44.0564 4.0552 2.0804 0.00620456
952.297 43.9846 3.51674 2.08007 0.0050796
953.042 43.7799 3.70787 2.07971 0.0055707
953.788 43.4753 4.33535 2.07931 0.00706297
954.533 43.6209 3.93579 2.07949 0.00613859
955.278 44.0083 2.79431 2.07999 0.00353454
956.024 43.7799 2.62511 2.07946 0.00323172
956.769 43.1582 3.15156 2.07825 0.00458439
957.514 42.9319 3.24291 2.07779 0.00486997
958.26 43.0077 3.02492 2.07792 0.00435902
959.005 43.0985 2.84976 2.07809 0.00394269
959.75 43.2033 2.70921 2.0783 0.00360297
960.496 43.0892 3.08982 2.07818 0.00449889
961.241 42.7465 3.88881 2.07771 0.00643199
961.986 42.6792 4.23027 2.07772 0.00723973
962.732 42.8923 4.19059 2.0782 0.00706544
963.477 42.9644 4.12113 2.07835 0.00688578
964.222 42.9046 4.02657 2.0782 0.00670444
964.968 42.9615 3.74887 2.07824 0.00606376
965.713 43.1149 3.29114 2.07844 0.00498654
966.458 43.0015 3.17187 2.07816 0.00476113
967.204 42.6511 3.37108 2.07745 0.00533798
967.949 42.2373 3.54429 2.07658 0.00589393
968.694 41.7707 3.69012 2.07556 0.00642424
969.44 41.6348 3.63397 2.07523 0.00635143
970.185 41.8015 3.38964 2.07556 0.00571157
970.93 41.6257 3.24391 2.0751 0.0054342
971.676 41.1446 3.19742 2.07394 0.00550239
972.421 40.8891 3.06148 2.07328 0.00526584
973.166 40.8264 2.84366 2.07307 0.00475175
973.912 40.8325 2.76086 2.07307 0.00454913
974.657 40.9039 2.79925 2.07328 0.00462717
975.402 40.9689 2.81867 2.07347 0.00465984
976.148 41.0281 2.82107 2.07363 0.0046521
976.893 41.019 2.8139 2.07363 0.00464318
977.638 40.952 2.79873 2.07347 0.00463331
978.384 40.9245 2.74824 2.07341 0.00452264
979.129 40.9279 2.66923 2.07341 0.00433089
979.874 40.9673 2.6806 2.07353 0.00435247
980.62 41.0344 2.76144 2.07374 0.00453711
981.365 40.7485 2.81105 2.07306 0.0047598
982.11 40.2325 2.83328 2.07178 0.00499733
982.856 39.9418 2.89642 2.07107 0.00526893
983.601 39.7884 2.98654 2.07072 0.00556576
984.346 39.5693 2.91775 2.07014 0.00547298
985.092 39.3144 2.76073 2.06942 0.00515501
985.837 39.2478 2.54629 2.06919 0.00460865
986.583 39.2767 2.297 2.0692 0.00393439
987.328 39.2668 2.30877 2.0692 0.00397458
988.073 39.2382 2.44768 2.06918 0.00436298
988.818 39.2955 2.64569 2.06942 0.00488121
989.564 39.387 2.87353 2.06977 0.00546262
990.309 39.4471 3.05859 2.07001 0.00593692
991.055 39.4943 3.22844 2.07023 0.00637287
991.8 39.5001 3.0684 2.07019 0.00595296
992.545 39.4873 2.80545 2.07008 0.00526653
993.291 39.5002 2.79356 2.07013 0.0052357
994.036 39.5206 2.8465 2.07022 0.00537401
994.781 39.5299 2.81503 2.07025 0.00529265
995.527 39.5367 2.76632 2.07027 0.00516653
996.272 39.4758 2.65488 2.07008 0.00489735
997.017 39.4042 2.53572 2.06987 0.00460924
997.763 39.2041 2.39819 2.0693 0.0043101
998.508 38.9946 2.26408 2.06871 0.00401664
999.253 39.0435 2.84142 2.06906 0.00557516
999.999 39.0669 3.46386 2.0694 0.00725068
