255.408 0.563862 2.3525 1.26497 0.598516
256.154 0.597031 2.42815 1.28584 0.597419
256.899 0.630604 2.50339 1.30594 0.595814
257.644 0.609254 2.44255 1.28993 0.595788
258.39 0.579959 2.36078 1.26782 0.595396
259.135 0.57366 2.46217 1.29124 0.605808
259.88 0.577505 2.62857 1.33029 0.617028
260.626 0.595847 2.66206 1.33894 0.61494
261.371 0.622657 2.60962 1.32858 0.605489
262.116 0.650989 2.59007 1.32597 0.597765
262.862 0.680827 2.60661 1.33159 0.59231
263.607 0.701729 2.61651 1.33506 0.588438
264.353 0.705619 2.61387 1.3346 0.587431
265.098 0.709472 2.62388 1.33689 0.587317
265.843 0.713375 2.68086 1.34931 0.590309
266.589 0.718504 2.72745 1.35944 0.592136
267.334 0.734598 2.65491 1.34484 0.584113
268.079 0.751106 2.58247 1.33037 0.575452
268.825 0.70967 2.71733 1.35628 0.593515
269.57 0.666764 2.86464 1.38526 0.610586
270.315 0.723162 2.82687 1.3799 0.596901
271.061 0.801782 2.74806 1.3679 0.576234
271.806 0.838591 2.72382 1.36514 0.567269
272.551 0.856019 2.72452 1.36628 0.563849
273.297 0.877627 2.74159 1.37094 0.560689
274.042 0.902687 2.77189 1.37834 0.557724
274.787 0.908747 2.79102 1.38231 0.557769
275.533 0.888327 2.79478 1.38167 0.562022
276.278 0.889139 2.78428 1.37954 0.561272
277.023 0.943066 2.73835 1.37393 0.547925
277.769 0.988737 2.71273 1.37203 0.53752
278.514 0.989344 2.7976 1.38792 0.543058
279.259 0.991162 2.87979 1.4032 0.547662
280.005 1.01972 2.82914 1.39541 0.539472
280.75 1.04843 2.77869 1.38786 0.531064
281.495 1.07855 2.72302 1.37966 0.521834
282.241 1.10903 2.66689 1.37164 0.512274
282.986 1.11977 2.67403 1.37363 0.510932
283.731 1.12409 2.70179 1.3788 0.512263
284.477 1.14862 2.6689 1.3747 0.505506
285.222 1.18573 2.59923 1.36532 0.493535
285.967 1.21407 2.58148 1.3645 0.487197
286.713 1.23303 2.61801 1.37222 0.486998
287.458 1.24872 2.63678 1.37658 0.485889
288.203 1.25823 2.62329 1.37498 0.483245
288.949 1.27338 2.60621 1.37326 0.479353
289.694 1.30847 2.57652 1.37118 0.47109
290.439 1.3428 2.5502 1.36974 0.46326
291.185 1.36952 2.55814 1.37326 0.459681
291.93 1.39618 2.56603 1.37674 0.456156
292.675 1.43225 2.47198 1.36512 0.442139
293.421 1.46951 2.37343 1.35345 0.426964
294.166 1.47843 2.33837 1.34896 0.422109
294.911 1.48101 2.31732 1.34598 0.419588
295.657 1.50143 2.27221 1.3413 0.411813
296.402 1.53024 2.21623 1.33611 0.401516
297.147 1.56476 2.17066 1.33333 0.391463
297.893 1.60384 2.13362 1.33251 0.381751
298.638 1.61919 2.09703 1.32918 0.375402
299.383 1.60138 2.06072 1.32201 0.373573
300.129 1.58834 2.01368 1.31388 0.369657
300.874 1.5876 1.93959 1.3036 0.360407
301.619 1.58741 1.86997 1.29414 0.351289
302.365 1.58794 1.82625 1.28835 0.345307
303.11 1.58864 1.7821 1.28259 0.339108
303.855 1.59099 1.70807 1.27331 0.328244
304.601 1.59381 1.63405 1.26434 0.31695
305.346 1.55637 1.5692 1.25048 0.311671
306.091 1.51351 1.50514 1.23563 0.306768
306.837 1.4806 1.41799 1.21936 0.296264
307.582 1.45168 1.32257 1.20277 0.283015
308.327 1.40972 1.2788 1.18989 0.280014
309.073 1.35889 1.26823 1.17907 0.284147
309.818 1.3212 1.22354 1.16636 0.280133
310.563 1.2986 1.14101 1.15198 0.266383
311.309 1.27055 1.07675 1.13873 0.256343
312.054 1.231 1.04824 1.12704 0.254794
312.799 1.18485 1.01575 1.1132 0.252989
313.545 1.11335 0.96832 1.09146 0.250489
314.29 1.04305 0.919626 1.06907 0.247112
315.035 0.992161 0.862013 1.04977 0.238713
315.781 0.941308 0.80385 1.03003 0.229458
316.526 0.886091 0.75254 1.00948 0.221794
317.271 0.830498 0.701206 0.988318 0.213476
318.017 0.762285 0.650321 0.962935 0.205886
318.762 0.690715 0.599029 0.935611 0.197663
319.507 0.616405 0.560124 0.907681 0.192839
320.253 0.540432 0.527265 0.878657 0.189613
320.998 0.46933 0.496234 0.850321 0.186016
321.743 0.40254 0.466831 0.822612 0.182065
322.489 0.33668 0.439223 0.794368 0.17821
323.234 0.272426 0.414577 0.765976 0.174904
323.979 0.207757 0.391429 0.736442 0.171839
324.725 0.142535 0.373063 0.705959 0.170541
325.47 0.0767175 0.355118 0.673956 0.169218
326.215 0.009023 0.341328 0.64009 0.169831
326.961 -0.0590964 0.327379 0.604437 0.170273
327.706 -0.12717 0.321625 0.568069 0.174956
328.451 -0.195681 0.315882 0.52973 0.179941
329.197 -0.258606 0.314988 0.493437 0.187335
329.942 -0.320897 0.314919 0.456025 0.195631
330.687 -0.382208 0.316074 0.417743 0.205127
331.433 -0.443356 0.317723 0.377939 0.215592
332.178 -0.502472 0.324312 0.338609 0.229922
332.923 -0.560222 0.334465 0.299305 0.247671
333.669 -0.616615 0.344294 0.259435 0.266247
334.414 -0.671267 0.353693 0.21931 0.285487
335.159 -0.723528 0.363402 0.179717 0.30581
335.905 -0.770233 0.373649 0.143588 0.326535
336.65 -0.815802 0.383472 0.10724 0.347901
337.395 -0.855471 0.390988 0.074415 0.366672
338.141 -0.895336 0.39858 0.0405535 0.386631
338.886 -0.936278 0.40644 0.00484521 0.408372
339.631 -0.977382 0.414375 -0.0319814 0.431534
340.377 -1.02151 0.422127 -0.0729961 0.457172
341.122 -1.06612 0.429939 -0.115745 0.484759
341.867 -1.10699 0.43633 -0.156443 0.510802
342.613 -1.14689 0.442352 -0.197433 0.537517
343.358 -1.17895 0.445271 -0.232238 0.557907
344.103 -1.2066 0.446433 -0.263725 0.57466
344.849 -1.2394 0.446426 -0.302937 0.593764
345.594 -1.2773 0.44527 -0.350515 0.615578
346.339 -1.31653 0.445777 -0.400479 0.641701
347.085 -1.35792 0.449144 -0.453197 0.674872
347.83 -1.39967 0.452631 -0.508223 0.710715
348.575 -1.44218 0.456359 -0.566189 0.750023
349.321 -1.484 0.458762 -0.626461 0.789507
350.066 -1.51813 0.448315 -0.688971 0.804046
350.811 -1.5524 0.437838 -0.754546 0.819081
351.557 -1.58723 0.441849 -0.809437 0.860363
352.302 -1.62217 0.446493 -0.865561 0.905508
353.047 -1.66361 0.443329 -0.944728 0.946655
353.793 -1.70653 0.438605 -1.03298 0.989588
354.538 -1.75627 0.438526 -1.13444 1.0549
355.283 -1.8091 0.440649 -1.24583 1.13641
356.029 -1.85326 0.441704 -1.34551 1.20982
356.774 -1.8905 0.441858 -1.43517 1.27542
357.519 -1.92525 0.439702 -1.52735 1.33563
358.265 -1.9566 0.43434 -1.62175 1.38466
359.01 -1.98885 0.430086 -1.72152 1.4424
359.755 -2.02335 0.428535 -1.82716 1.51846
360.501 -2.06024 0.428418 -1.94235 1.61259
361.246 -2.11073 0.436356 -2.08499 1.78531
361.991 -2.16127 0.44411 -2.23206 1.98255
362.737 -2.21324 0.451019 -2.38954 2.21176
363.482 -2.26535 0.457705 -2.54849 2.47598
364.227 -2.30684 0.460753 -2.68462 2.70636
364.973 -2.34701 0.463193 -2.81734 2.95474
365.718 -2.38244 0.458256 -2.98061 3.17212
366.463 -2.41628 0.450704 -3.16366 3.39339
367.209 -2.45076 0.452294 -3.2782 3.68254
367.954 -2.48576 0.459753 -3.32801 4.02659
368.699 -2.5274 0.464405 -3.39866 4.46203
369.445 -2.57646 0.46589 -3.48186 5.02874
370.19 -2.62656 0.467066 -3.50801 5.68535
370.935 -2.67842 0.467754 -3.4476 6.44995
371.681 -2.72792 0.468569 -3.26357 7.25211
372.426 -2.76707 0.470126 -2.99121 7.91436
373.171 -2.80546 0.471314 -2.61697 8.5745
373.917 -2.831 0.467645 -2.37876 9.06102
374.662 -2.85664 0.463947 -2.07871 9.55511
375.407 -2.88967 0.460892 -1.56234 10.1568
376.153 -2.92337 0.45786 -0.914931 10.7256
376.898 -2.97335 0.460661 0.3334 11.2326
377.643 -3.02771 0.464996 1.82271 11.4021
378.389 -3.08457 0.469831 3.34741 11.1587
379.134 -3.14286 0.474973 4.71449 10.5349
379.879 -3.19261 0.480514 5.63113 9.78385
380.625 -3.23463 0.4864 6.20316 9.06709
381.37 -3.27454 0.490037 6.63364 8.40189
382.116 -3.31108 0.490135 6.97175 7.82756
382.861 -3.34388 0.488964 7.21737 7.32672
383.606 -3.36561 0.484105 7.40463 7.02324
384.352 -3.39028 0.480368 7.55706 6.66825
385.097 -3.43565 0.484739 7.59955 6.00802
385.842 -3.48122 0.489165 7.57531 5.4158
386.587 -3.53993 0.489982 7.5306 4.7439
387.333 -3.5991 0.490791 7.42298 4.1597
388.078 -3.6556 0.497132 7.23952 3.69476
388.824 -3.71187 0.504506 7.04191 3.30385
389.569 -3.7637 0.507129 6.88626 2.98404
390.314 -3.81393 0.50788 6.7435 2.7084
391.06 -3.85214 0.506073 6.64598 2.51539
391.805 -3.88172 0.502414 6.57995 2.37231
392.55 -3.91342 0.502221 6.49189 2.23961
393.296 -3.94775 0.506336 6.38126 2.11861
394.041 -3.98428 0.51121 6.26635 2.00177
394.786 -4.02555 0.517734 6.13907 1.88378
395.532 -4.06968 0.522429 6.01685 1.76399
396.277 -4.12655 0.518443 5.89346 1.60227
397.022 -4.18365 0.514988 5.7719 1.45973
397.768 -4.23975 0.524101 5.63166 1.362
398.513 -4.29612 0.533305 5.50062 1.27455
399.258 -4.34204 0.533739 5.41265 1.19721
400.004 -4.38706 0.533278 5.33136 1.1262
400.749 -4.42407 0.535827 5.26293 1.07759
401.494 -4.45879 0.539279 5.19976 1.03678
402.24 -4.49054 0.543695 5.14256 1.00379
402.985 -4.52062 0.548671 5.08934 0.975475
403.73 -4.55769 0.548424 5.03338 0.932474
404.476 -4.60172 0.542973 4.97452 0.876985
405.221 -4.64895 0.541135 4.90919 0.827444
405.966 -4.70162 0.545575 4.83331 0.785221
406.712 -4.75756 0.550916 4.7564 0.744788
407.457 -4.82379 0.559163 4.66906 0.703279
408.202 -4.88857 0.566686 4.58941 0.665763
408.948 -4.9372 0.56684 4.53662 0.634072
409.693 -4.98603 0.566994 4.48569 0.604402
410.438 -5.03336 0.570748 4.43619 0.581152
411.184 -5.08081 0.574665 4.3885 0.559419
411.929 -5.11972 0.580467 4.34964 0.545104
412.674 -5.15695 0.586688 4.31342 0.53265
413.42 -5.19327 0.587876 4.28157 0.516779
414.165 -5.22925 0.586831 4.25191 0.499885
414.91 -5.27504 0.588496 4.21378 0.481753
415.656 -5.32868 0.592322 4.1699 0.463141
416.401 -5.38443 0.593803 4.12712 0.443102
417.146 -5.44298 0.592061 4.08518 0.421022
417.892 -5.50399 0.593985 4.04196 0.402163
418.637 -5.57067 0.604987 3.99403 0.38882
419.382 -5.63577 0.615165 3.94974 0.376242
420.128 -5.69064 0.620331 3.91511 0.364236
420.873 -5.74557 0.625542 3.88175 0.352882
421.618 -5.79207 0.63097 3.85431 0.344374
422.364 -5.83875 0.636434 3.82765 0.336206
423.109 -5.87885 0.634322 3.80708 0.325896
423.854 -5.91821 0.631214 3.7876 0.315647
424.6 -5.96025 0.636325 3.7654 0.309403
425.345 -6.00328 0.644204 3.74274 0.304539
426.09 -6.05523 0.647289 3.71744 0.295731
426.836 -6.11285 0.647372 3.69087 0.284856
427.581 -6.17187 0.650553 3.664 0.275684
428.326 -6.23237 0.657103 3.63684 0.268172
429.072 -6.29709 0.662971 3.60901 0.260042
429.817 -6.36955 0.667505 3.57936 0.250591
430.562 -6.44071 0.673478 3.55118 0.242431
431.308 -6.50594 0.684688 3.52555 0.237477
432.053 -6.57003 0.695833 3.50128 0.232854
432.798 -6.61716 0.705062 3.48396 0.229993
433.544 -6.66446 0.714355 3.46703 0.227201
434.289 -6.71429 0.710746 3.45133 0.219927
435.034 -6.76444 0.706334 3.43597 0.212645
435.78 -6.81381 0.708765 3.42042 0.207891
436.525 -6.86313 0.712831 3.40508 0.203811
437.27 -6.91379 0.71659 3.38975 0.199634
438.016 -6.9652 0.720212 3.3746 0.195483
438.761 -7.02465 0.726122 3.35731 0.191316
439.506 -7.09107 0.734012 3.33842 0.187176
440.252 -7.15892 0.742002 3.31974 0.183095
440.997 -7.22871 0.750107 3.30115 0.179032
441.742 -7.2992 0.757889 3.28302 0.174995
442.488 -7.37095 0.764676 3.26524 0.170778
443.233 -7.44302 0.771609 3.24795 0.16675
443.978 -7.51501 0.779141 3.23117 0.16303
444.724 -7.5873 0.786737 3.21485 0.159451
445.469 -7.63344 0.792886 3.20471 0.157582
446.214 -7.67973 0.799073 3.19474 0.155752
446.96 -7.73458 0.79704 3.18376 0.151682
447.705 -7.79093 0.793733 3.1728 0.147397
448.45 -7.8512 0.792732 3.16114 0.143472
449.196 -7.91307 0.792564 3.14939 0.139753
449.941 -7.97499 0.799401 3.13749 0.137485
450.686 -8.03703 0.810982 3.12559 0.136147
451.432 -8.10338 0.820871 3.11332 0.134288
452.177 -8.1747 0.828787 3.1006 0.131865
452.922 -8.24868 0.836362 3.08781 0.129326
453.668 -8.32766 0.84317 3.07459 0.126495
454.413 -8.40455 0.850773 3.06204 0.124003
455.158 -8.47147 0.86143 3.05124 0.12255
455.904 -8.53894 0.872429 3.04061 0.121157
456.649 -8.6102 0.887241 3.02951 0.120186
457.394 -8.68181 0.902192 3.01864 0.119228
458.14 -8.74592 0.901476 3.00978 0.116408
458.885 -8.80973 0.89953 3.0012 0.113525
459.63 -8.86674 0.89234 2.99392 0.110302
460.376 -8.92214 0.883733 2.98704 0.107051
461.121 -8.98679 0.891007 2.97845 0.105624
461.866 -9.05639 0.906578 2.9691 0.105109
462.612 -9.11652 0.91761 2.96131 0.104372
463.357 -9.16806 0.924499 2.95489 0.103447
464.102 -9.23403 0.92931 2.94691 0.101777
464.848 -9.32253 0.930853 2.93656 0.0990007
465.593 -9.40572 0.934622 2.92701 0.0967642
466.338 -9.4725 0.944837 2.91933 0.0958511
467.084 -9.53924 0.954289 2.91184 0.0948725
467.829 -9.60386 0.957794 2.90492 0.0933404
468.574 -9.66877 0.96132 2.89809 0.091843
469.32 -9.75666 0.971678 2.88882 0.0904221
470.065 -9.84531 0.982213 2.87972 0.0890397
470.81 -9.92543 0.999813 2.87148 0.0886239
471.556 -10.0044 1.01877 2.86351 0.0883627
472.301 -10.08 1.03015 2.85625 0.0874765
473.046 -10.1545 1.03864 2.84931 0.0863712
473.792 -10.223 1.0441 2.84314 0.0851752
474.537 -10.2873 1.04743 2.8375 0.0839241
475.282 -10.3557 1.0528 2.83156 0.0827819
476.028 -10.429 1.06066 2.82525 0.0817628
476.773 -10.5065 1.07155 2.81864 0.0809198
477.518 -10.5929 1.08892 2.81129 0.080418
478.264 -10.6789 1.10395 2.80421 0.0797428
479.009 -10.7609 1.10793 2.79783 0.0783055
479.754 -10.8427 1.11174 2.79161 0.0769009
480.5 -10.913 1.11181 2.78644 0.0754954
481.245 -10.9837 1.11186 2.78134 0.0741192
481.99 -11.0664 1.1314 2.77507 0.0739503
482.736 -11.1506 1.15291 2.76879 0.073882
483.481 -11.2438 1.16792 2.76214 0.0731773
484.226 -11.3399 1.18123 2.75548 0.0723146
484.972 -11.4191 1.19266 2.75013 0.0716628
485.717 -11.489 1.20308 2.74549 0.0711247
486.462 -11.5644 1.20766 2.74069 0.0701239
487.208 -11.6449 1.20667 2.73575 0.068706
487.953 -11.7284 1.21322 2.73058 0.0677448
488.698 -11.8163 1.23221 2.72503 0.067485
489.444 -11.9002 1.2477 2.71989 0.0670809
490.189 -11.9707 1.25199 2.71582 0.0662453
490.934 -12.0444 1.25802 2.71159 0.0654761
491.68 -12.1418 1.27772 2.70589 0.0651253
492.425 -12.2398 1.29763 2.70027 0.0647776
493.17 -12.3342 1.3063 2.69514 0.0638795
493.916 -12.429 1.31481 2.69009 0.0629886
494.661 -12.5175 1.32422 2.68545 0.0622577
495.406 -12.6052 1.33386 2.68094 0.0615659
496.152 -12.7096 1.33654 2.67577 0.0603123
496.897 -12.8214 1.33632 2.67038 0.0588599
497.642 -12.922 1.35219 2.66545 0.0583688
498.388 -13.0142 1.3801 2.66085 0.0585549
499.133 -13.1004 1.40989 2.65659 0.0588869
499.878 -13.1788 1.44198 2.65273 0.0594013
500.624 -13.2606 1.46084 2.64894 0.0592598
501.369 -13.3499 1.44944 2.64526 0.0577004
502.115 -13.4427 1.44248 2.64143 0.0563324
502.86 -13.551 1.45719 2.63676 0.0557416
503.605 -13.6583 1.47134 2.63223 0.0551507
504.35 -13.7265 1.46839 2.62958 0.0543101
505.096 -13.7951 1.46541 2.62694 0.0534813
505.841 -13.9008 1.48808 2.62258 0.0532903
506.587 -14.011 1.51367 2.6181 0.0531624
507.332 -14.1062 1.53291 2.61436 0.0529445
508.077 -14.1973 1.55036 2.61085 0.0527024
508.823 -14.2975 1.56042 2.60713 0.0520954
509.568 -14.4034 1.56627 2.60332 0.0512942
510.313 -14.5074 1.58022 2.59957 0.0508187
511.059 -14.6096 1.60227 2.59587 0.0506513
511.804 -14.7309 1.6167 2.59166 0.0500422
512.549 -14.8848 1.61783 2.58657 0.0487089
513.294 -15.0228 1.62565 2.58206 0.0477814
514.04 -15.1058 1.65529 2.57922 0.0480525
514.785 -15.1934 1.68642 2.57626 0.0483181
515.531 -15.3183 1.72852 2.5721 0.0485886
516.276 -15.444 1.77118 2.568 0.0488471
517.021 -15.5258 1.7566 2.56576 0.0477545
517.767 -15.6065 1.73999 2.5636 0.0466338
518.512 -15.7285 1.71923 2.56029 0.0450923
519.257 -15.8595 1.69733 2.55678 0.0434986
520.003 -15.9468 1.70876 2.55432 0.0432093
520.748 -16.0154 1.73471 2.5523 0.0434637
521.493 -16.1087 1.79187 2.5494 0.0443831
522.239 -16.221 1.87361 2.54584 0.0457843
522.984 -16.3254 1.91936 2.54282 0.0462409
523.729 -16.4195 1.91682 2.54047 0.0455039
524.475 -16.523 1.91373 2.53792 0.0447
525.22 -16.6484 1.90939 2.53486 0.0437299
525.965 -16.7801 1.90958 2.53166 0.0428555
526.711 -16.9404 1.93344 2.52768 0.0423877
527.456 -17.1005 1.95749 2.52379 0.0419365
528.201 -17.2054 1.97672 2.5213 0.0417363
528.947 -17.311 1.99614 2.51882 0.0415379
529.692 -17.4606 1.99038 2.51556 0.0405012
530.437 -17.6165 1.98148 2.51223 0.0393906
531.183 -17.7646 2.04415 2.50872 0.0399025
531.928 -17.9108 2.13036 2.50518 0.0408905
532.673 -18.0352 2.16571 2.50247 0.0409121
533.419 -18.1469 2.1704 2.50023 0.0403789
534.164 -18.2909 2.16866 2.49742 0.0395444
534.909 -18.4687 2.16014 2.49403 0.038415
535.655 -18.6178 2.16414 2.49119 0.0377168
536.4 -18.7137 2.19097 2.4893 0.0377481
537.145 -18.8186 2.22116 2.48725 0.0377913
537.891 -18.9533 2.26241 2.48461 0.037878
538.636 -19.0875 2.30255 2.48204 0.0379388
539.381 -19.2082 2.32669 2.47983 0.0377771
540.127 -19.3297 2.3511 2.47764 0.0376168
540.872 -19.4476 2.39578 2.47544 0.0378242
541.617 -19.5659 2.44188 2.47327 0.038043
542.363 -19.6724 2.4121 2.47169 0.0370411
543.108 -19.7766 2.36541 2.47025 0.0357899
543.853 -19.9441 2.37708 2.46751 0.0352309
544.599 -20.1418 2.41586 2.46423 0.0349839
545.344 -20.2967 2.45494 2.46168 0.034933
546.089 -20.4164 2.49421 2.45973 0.0350355
546.835 -20.5529 2.52786 2.45757 0.0349732
547.58 -20.7127 2.55351 2.45513 0.034689
548.325 -20.8868 2.5954 2.45246 0.0345855
549.071 -21.0951 2.67819 2.44918 0.0349173
549.816 -21.3001 2.75219 2.44607 0.0351152
550.561 -21.4779 2.76886 2.44363 0.0346306
551.307 -21.6568 2.78506 2.44122 0.0341468
552.052 -21.8167 2.76364 2.43926 0.0332564
552.797 -21.9777 2.7418 2.43731 0.0323799
553.543 -22.1566 2.76747 2.43499 0.0320659
554.288 -22.3393 2.79991 2.43264 0.0318284
555.033 -22.4994 2.8786 2.43044 0.0322404
555.779 -22.6522 2.9739 2.42831 0.0328585
556.524 -22.8318 3.00177 2.42614 0.0325603
557.269 -23.0294 2.98637 2.42395 0.0317042
558.015 -23.2005 3.02748 2.42191 0.031606
558.76 -23.3419 3.13122 2.42002 0.0323074
559.505 -23.4858 3.19125 2.41828 0.0324947
560.251 -23.6344 3.16604 2.41681 0.0317336
560.996 -23.7859 3.14662 2.4153 0.0310422
561.741 -23.9459 3.15024 2.41365 0.0305831
562.487 -24.1048 3.15777 2.41202 0.0301786
563.232 -24.2357 3.21318 2.41055 0.0303606
563.977 -24.3673 3.26922 2.40909 0.0305395
564.723 -24.5681 3.37283 2.40682 0.0309684
565.468 -24.7747 3.48119 2.40451 0.0314019
566.213 -24.9682 3.49642 2.40266 0.0309673
566.959 -25.1598 3.48897 2.40093 0.030336
567.704 -25.3326 3.499 2.39935 0.0299375
568.449 -25.4967 3.51776 2.39785 0.0296519
569.195 -25.6999 3.5358 2.39602 0.0292545
569.94 -25.9377 3.55324 2.39393 0.0287658
570.685 -26.2045 3.56028 2.39165 0.0281242
571.431 -26.5139 3.55141 2.3891 0.027261
572.176 -26.7751 3.59567 2.38689 0.0269855
572.921 -26.8957 3.78642 2.38548 0.0282454
573.667 -27.0384 3.95942 2.38394 0.0292707
574.412 -27.3289 4.00693 2.3816 0.0289002
575.157 -27.6231 4.05532 2.37928 0.0285361
575.903 -27.9549 4.08314 2.3768 0.0279375
576.648 -28.2913 4.11135 2.37435 0.0273514
577.393 -28.4892 4.13291 2.37294 0.0270583
578.139 -28.6665 4.15357 2.37171 0.0268117
578.884 -28.8451 4.18669 2.37045 0.0266518
579.629 -29.0251 4.22473 2.36919 0.0265241
580.375 -29.2564 4.31653 2.36749 0.0266413
581.12 -29.5237 4.44653 2.3655 0.0269181
581.865 -29.7373 4.5663 2.36391 0.0272305
582.611 -29.8866 4.67272 2.36279 0.0275871
583.356 -30.0494 4.77744 2.36159 0.027892
584.101 -30.2399 4.87744 2.36025 0.0280962
584.847 -30.4597 4.94978 2.35882 0.0280612
585.592 -30.8003 4.89987 2.35697 0.0270494
586.337 -31.1359 4.84989 2.35518 0.026085
587.083 -31.3216 4.8271 2.35421 0.025601
587.828 -31.5086 4.80384 2.35325 0.0251215
588.573 -31.7582 4.84021 2.35185 0.0248633
589.319 -32.0154 4.88211 2.35041 0.0246259
590.064 -32.304 4.96173 2.34877 0.0245358
590.809 -32.6036 5.05293 2.34708 0.0244845
591.555 -32.8989 5.18572 2.34538 0.0246485
592.3 -33.1929 5.34253 2.34367 0.0249214
593.045 -33.4604 5.49652 2.34213 0.025211
593.791 -33.7027 5.64763 2.34074 0.0255162
594.536 -33.9873 5.73836 2.33929 0.0254505
595.281 -34.3405 5.72846 2.33772 0.0248045
596.027 -34.7259 5.76073 2.33597 0.0243148
596.772 -35.2009 5.92485 2.33366 0.0242679
597.517 -35.649 6.0695 2.33157 0.0241736
598.263 -35.8327 6.02747 2.33091 0.0237212
599.008 -36.0175 5.98475 2.33026 0.0232719
599.753 -36.3866 6.10286 2.32862 0.0232055
600.499 -36.7643 6.22703 2.32697 0.023147
601.244 -37.1428 6.43592 2.32524 0.0234081
601.989 -37.5244 6.66525 2.32351 0.0237209
602.735 -37.8638 6.7623 2.32216 0.0235933
603.48 -38.1879 6.80428 2.32097 0.0232908
604.225 -38.4487 6.94697 2.31988 0.0234384
604.971 -38.6611 7.16622 2.31887 0.0239117
605.716 -38.9885 7.27029 2.31764 0.0238138
606.461 -39.4669 7.22311 2.31615 0.0230058
607.207 -39.8797 7.2414 2.31481 0.0225272
607.952 -40.1298 7.41508 2.31382 0.0227693
608.697 -40.3753 7.52306 2.31294 0.0228013
609.443 -40.5916 7.29747 2.31259 0.0218287
610.188 -40.8149 7.08889 2.31219 0.0209145
610.933 -41.2446 7.43086 2.3105 0.0214584
611.679 -41.6778 7.78228 2.30882 0.0219904
612.424 -42.1221 7.96924 2.30734 0.0220046
613.169 -42.5734 8.14145 2.3059 0.0219623
613.915 -42.7554 8.35185 2.30519 0.0223389
614.66 -42.8531 8.57453 2.30469 0.0228409
615.405 -43.2384 8.61368 2.30364 0.0224944
616.151 -43.8 8.54175 2.30228 0.0216635
616.896 -44.3566 8.66078 2.30075 0.021358
617.641 -44.9066 8.9843 2.29906 0.0215723
618.387 -45.4727 9.24087 2.29745 0.021588
619.132 -46.0633 9.36611 2.29596 0.0212637
619.878 -46.562 9.47015 2.29475 0.0209949
620.623 -46.7129 9.49227 2.29442 0.0209013
621.368 -46.906 9.54861 2.29397 0.0208423
622.113 -47.5194 9.95369 2.29225 0.021122
622.859 -48.1412 10.3727 2.29055 0.0213946
623.604 -48.9138 10.6177 2.28877 0.0211424
624.349 -49.7106 10.8625 2.287 0.020871
625.095 -50.2101 10.8413 2.2861 0.0203767
625.84 -50.6467 10.7584 2.28539 0.0198376
626.586 -51.0714 10.8968 2.28451 0.0197311
627.331 -51.4928 11.1417 2.28357 0.0198202
628.076 -52.1888 11.4592 2.2821 0.0197938
628.822 -53.1236 11.8451 2.28022 0.0196752
629.567 -53.8196 12.2562 2.27877 0.019785
630.312 -54.1542 12.6897 2.27791 0.0202101
631.057 -54.445 13.0202 2.27722 0.0204947
631.803 -54.6258 13.0692 2.27693 0.0204303
632.548 -54.8901 13.1388 2.27651 0.0203291
633.294 -55.6484 13.3298 2.27525 0.0200138
634.039 -56.4208 13.528 2.274 0.0197069
634.784 -57.0804 13.9148 2.27281 0.019757
635.53 -57.7497 14.3136 2.27162 0.0198056
636.275 -58.4882 14.7223 2.27037 0.0198057
637.02 -59.2477 15.1443 2.26912 0.0197985
637.766 -59.9045 15.2493 2.26826 0.0194666
638.511 -60.5307 15.2385 2.26753 0.0190248
639.256 -61.0356 15.4917 2.26678 0.0189929
640.002 -61.4585 15.9247 2.26602 0.0192236
640.747 -62.1932 16.2944 2.26496 0.0191604
641.492 -63.2986 16.5927 2.26357 0.0187741
642.238 -64.1141 16.89 2.26254 0.0185824
642.983 -64.3065 17.17 2.26219 0.0187642
643.728 -64.5072 17.4337 2.26185 0.0189199
644.474 -64.7429 17.6239 2.26152 0.0189749
645.219 -65.0382 17.8573 2.26111 0.0190341
645.964 -66.1793 18.6965 2.25949 0.0191553
646.71 -67.3433 19.5771 2.2579 0.0192726
647.455 -68.5171 20.1344 2.25655 0.0190754
648.2 -69.7204 20.6876 2.25523 0.0188582
648.946 -70.6316 20.5905 2.25456 0.0182753
649.691 -71.4732 20.3119 2.25405 0.0176026
650.436 -72.3336 20.3311 2.25338 0.0171804
651.182 -73.2138 20.51 2.25262 0.0168872
651.927 -74.3601 21.4619 2.25131 0.0170557
652.672 -75.7368 23.1828 2.24951 0.0176255
653.418 -76.9109 24.6025 2.24805 0.0180156
654.163 -77.7762 25.4454 2.24712 0.0181448
654.908 -78.6416 26.1812 2.24626 0.0181931
655.654 -79.4964 26.539 2.24561 0.0180134
656.399 -80.3755 26.8593 2.24497 0.0178041
657.144 -81.3409 26.8467 2.24445 0.0173719
657.89 -82.3238 26.8288 2.24393 0.016943
658.635 -84.5324 28.8522 2.24192 0.0171089
659.38 -86.8142 31.0709 2.23992 0.0172758
660.126 -87.9185 32.0305 2.23906 0.017285
660.871 -88.8233 32.773 2.23839 0.0172674
661.616 -89.3634 33.3795 2.23795 0.0173275
662.362 -89.7565 33.9339 2.2376 0.0174179
663.107 -90.1963 34.9434 2.23705 0.0176722
663.852 -90.6542 36.298 2.23638 0.0180412
664.598 -91.9061 37.2323 2.23557 0.0179255
665.343 -94.2234 37.6208 2.2346 0.0172233
666.088 -96.2982 38.593 2.23356 0.0168478
666.834 -97.6504 40.9198 2.23234 0.0171663
667.579 -98.7844 42.9352 2.23134 0.0174151
668.324 -99.0174 43.0222 2.23127 0.0173705
669.07 -99.2935 43.0994 2.23119 0.017309
669.815 -100.503 42.9518 2.2309 0.0168782
670.56 -101.733 42.7908 2.23062 0.0164494
671.306 -104.997 44.6519 2.22917 0.0159959
672.051 -108.646 46.8843 2.22761 0.0155493
672.796 -110.374 49.8722 2.22641 0.0157991
673.542 -111.428 53.1727 2.22532 0.0162424
674.287 -112.585 54.829 2.22468 0.0162782
675.032 -113.856 55.5192 2.22427 0.016089
675.778 -114.416 56.3995 2.22397 0.0161201
676.523 -114.251 57.4547 2.22375 0.016365
677.268 -114.802 58.906 2.22331 0.0164909
678.014 -116.603 61.0978 2.22248 0.0164169
678.759 -118.837 63.9973 2.22144 0.0163366
679.504 -122.427 69.1728 2.21977 0.0162347
680.25 -125.793 74.319 2.21826 0.0161248
680.995 -126.968 74.7656 2.21806 0.0159336
681.74 -128.162 75.2169 2.21786 0.015743
682.486 -128.081 76.1353 2.21771 0.0158648
683.231 -127.949 77.071 2.21755 0.0159964
683.976 -132.873 79.9918 2.21651 0.0153229
684.722 -139.257 83.5787 2.2153 0.0145045
685.467 -141.817 87.5047 2.21445 0.0144067
686.212 -142.489 91.6031 2.21375 0.0146105
686.958 -143.207 98.2815 2.21265 0.0149299
687.703 -143.535 107.26 2.21126 0.0153312
688.448 -143.841 114.679 2.21016 0.01556
689.194 -144.753 119.707 2.20944 0.0155724
689.939 -145.365 123.658 2.20889 0.0155797
690.684 -145.576 124.647 2.20878 0.0155757
691.43 -146.044 127.046 2.20847 0.0155601
692.175 -147.541 137.017 2.20719 0.0154854
692.92 -148.508 147.692 2.20593 0.0154023
693.666 -151.655 156.042 2.20504 0.0150322
694.411 -154.693 165.123 2.20415 0.0146674
695.156 -156.707 173.066 2.20344 0.0144068
695.902 -158.437 181.317 2.20275 0.0141604
696.647 -159.827 185.148 2.20247 0.0139977
697.392 -161.166 187.557 2.20232 0.0138606
698.138 -164.522 190.484 2.20215 0.0135602
698.883 -169.236 193.773 2.20198 0.0131649
699.628 -165.911 202.711 2.2013 0.0132926
700.374 -152.705 216.183 2.20012 0.0139388
701.119 -139.559 226.411 2.19909 0.0145005
701.864 -128.81 232.857 2.19834 0.0149301
702.61 -120.052 238.409 2.19768 0.0152117
703.355 -119.26 244.109 2.19736 0.0150168
704.1 -118.45 248.641 2.19712 0.0148713
704.846 -118.916 241.035 2.19756 0.0151775
705.591 -119.152 233.752 2.19799 0.015486
706.336 -114.017 252.971 2.19678 0.0149182
707.082 -105.702 274.653 2.19551 0.0143304
707.827 -92.7143 300.527 2.19413 0.0136499
708.572 -73.574 327.849 2.19275 0.0129644
709.318 -55.4509 337.904 2.19188 0.0128458
710.063 -39.6966 339.342 2.19124 0.0129657
710.808 -37.745 332.947 2.19124 0.0132592
711.554 -45.4327 321.487 2.19172 0.0136896
712.299 -46.079 319.55 2.1918 0.013775
713.044 -37.8819 329.866 2.19134 0.0134073
713.79 -21.9564 337.652 2.19061 0.0131875
714.535 9.32801 335.766 2.18927 0.0133029
715.28 38.9853 327.944 2.18793 0.0134378
716.026 65.932 312.9 2.18653 0.0136813
716.771 87.4684 295.57 2.18519 0.0139131
717.516 90.0733 291.309 2.18497 0.0140238
718.262 92.521 287.089 2.18475 0.0141341
719.007 89.7168 301.116 2.18531 0.0136305
719.752 85.2175 318.468 2.18595 0.0130553
720.498 104.083 317.779 2.18526 0.0126145
721.243 128.754 307.9 2.18418 0.0122213
721.988 149.781 293.925 2.18312 0.0118981
722.734 167.063 277.399 2.18208 0.0116156
723.479 174.123 259.517 2.18117 0.0116642
724.224 172.969 242.751 2.18038 0.0120244
724.97 173.52 232.502 2.17984 0.0121678
725.715 177.772 230.65 2.17969 0.0119621
726.46 178.427 227.536 2.17953 0.0119716
727.206 168.79 221.083 2.1793 0.0126369
727.951 160.396 214.453 2.17904 0.0132847
728.696 155.182 205.36 2.17854 0.0138135
729.442 150.335 197.002 2.17803 0.0143372
730.187 159.368 179.325 2.1765 0.0138651
730.932 165.393 161.808 2.17497 0.0133898
731.678 168.038 152.011 2.1741 0.0130801
732.423 169.765 143.675 2.17335 0.0128012
733.168 170.709 139.187 2.17295 0.0126258
733.914 171.426 136.136 2.17269 0.0124899
734.659 171.648 134.728 2.17257 0.0124372
735.404 171.573 134.442 2.17256 0.0124415
736.15 172.949 132.628 2.17244 0.0122618
736.895 175.891 128.93 2.17219 0.0118691
737.641 177.17 122.76 2.17165 0.0115338
738.386 175 112.484 2.17056 0.0113136
739.131 171.25 104.407 2.16955 0.0112854
739.876 163.431 101.663 2.16881 0.0119959
740.622 156.695 99.2593 2.16813 0.0126664
741.367 155.054 100.503 2.16821 0.0129538
742.112 153.395 101.701 2.16828 0.0132418
742.858 153.661 102.125 2.16837 0.0132356
743.603 154.048 102.505 2.16846 0.0132114
744.349 154.562 97.8352 2.1679 0.012869
745.094 154.788 92.1738 2.16721 0.0124586
745.839 156.014 84.1283 2.16629 0.0116689
746.584 156.94 75.1457 2.16528 0.0107191
747.33 153.909 70.1209 2.16435 0.010564
748.075 148.591 68.1375 2.1635 0.0110276
748.82 145.768 66.3483 2.16293 0.0111993
749.566 145.848 64.7278 2.16273 0.0109878
750.311 146.36 64.1796 2.16274 0.0108513
751.057 147.976 66.1889 2.16323 0.01089
751.802 148.749 67.4698 2.16351 0.0109463
752.547 145.39 64.8816 2.16276 0.011086
753.293 142.191 62.362 2.162 0.0112088
754.038 139.041 57.7018 2.16089 0.011003
754.783 135.937 53.4825 2.15979 0.0108012
755.529 134.538 50.8176 2.15917 0.0105617
756.274 133.271 48.3927 2.15859 0.0103212
757.019 131.34 46.9665 2.15803 0.0103495
757.765 129.299 45.84 2.15748 0.0104491
758.51 127.084 45.8987 2.15706 0.0108182
759.255 124.802 46.4875 2.15671 0.0113241
760.001 124.634 45.772 2.15657 0.0112092
760.746 126.245 43.8876 2.15661 0.010551
761.491 125.26 42.5119 2.15619 0.01042
762.237 120.801 41.949 2.15512 0.0110513
762.982 117.439 40.7447 2.15412 0.011379
763.727 116.118 38.0847 2.15332 0.0109618
764.473 114.678 35.7684 2.15253 0.0106167
765.218 112.818 34.5841 2.15181 0.0106343
765.963 111.091 33.4701 2.15112 0.0106405
766.709 111.705 32.5676 2.15115 0.0102636
767.454 112.302 31.6467 2.15117 0.0098865
768.199 113.07 31.3716 2.15137 0.00967435
768.945 113.865 31.1585 2.15158 0.00947932
769.69 113.317 31.3402 2.15146 0.00962932
770.435 112.39 31.6239 2.15125 0.00987789
771.181 110.766 30.6599 2.15061 0.00987859
771.926 108.823 29.127 2.14973 0.00974877
772.671 106.468 27.7041 2.14871 0.00971074
773.417 103.823 26.3983 2.14755 0.0097523
774.162 102.244 25.8852 2.14688 0.00987214
774.907 102.063 26.4221 2.14694 0.0101108
775.653 102.096 26.4544 2.14697 0.0101195
776.398 102.676 25.1679 2.14695 0.00953111
777.143 103.145 24.0985 2.14694 0.00904665
777.889 103.202 24.3354 2.14702 0.00912839
778.634 103.244 24.5767 2.1471 0.00921421
779.379 102.824 24.9169 2.14702 0.00942224
780.125 102.404 25.2506 2.14694 0.00962992
780.87 100.202 23.4105 2.14575 0.0093428
781.615 97.9127 21.541 2.14447 0.00901432
782.361 95.6581 20.8148 2.14336 0.00913839
783.106 93.51 20.3846 2.14231 0.00937858
783.851 93.2828 19.2382 2.14199 0.00889001
784.597 93.9396 17.6886 2.14202 0.00803328
785.342 93.559 18.3931 2.14198 0.00844179
786.087 92.2069 20.9261 2.14187 0.00992111
786.833 91.6687 22.0329 2.14188 0.0105664
787.578 92.4232 21.3086 2.14209 0.0100595
788.323 92.6395 20.6621 2.14206 0.00971236
789.069 91.6238 20.2645 2.14151 0.00974476
789.814 90.3782 19.8044 2.14081 0.00979538
790.559 88.0466 19.0321 2.13946 0.0099297
791.305 85.9553 18.2811 2.13818 0.010017
792.05 85.4328 16.9965 2.1376 0.00942386
792.795 84.8831 15.7597 2.13703 0.008839
793.541 85.0666 15.2801 2.13705 0.00852384
794.286 85.2953 14.8448 2.1371 0.00822611
795.031 85.5621 15.6011 2.13743 0.00861157
795.777 85.8155 16.6445 2.13781 0.00915413
796.522 86.0046 16.3021 2.13785 0.00892265
797.267 86.1506 15.3528 2.13775 0.00835687
798.013 84.681 14.8288 2.13681 0.00835639
798.758 82.2083 14.6059 2.13527 0.00875175
799.503 80.66 14.2665 2.13422 0.00888651
800.249 80.0359 13.8101 2.13372 0.00873281
800.994 79.2245 13.5607 2.13314 0.00875416
801.739 78.0671 13.6691 2.13239 0.00910264
802.485 77.2474 13.4867 2.13178 0.00917692
803.23 77.4362 12.357 2.13167 0.00833474
803.975 77.6309 11.3849 2.13161 0.00760123
804.721 78.2196 11.7382 2.13211 0.00773242
805.466 78.8188 12.1043 2.13262 0.00786516
806.211 77.9748 13.4869 2.13236 0.00901503
806.957 77.0674 14.8079 2.13207 0.0101654
807.702 76.0774 14.23 2.13123 0.0100244
808.447 75.1017 13.438 2.13032 0.00970853
809.193 74.4175 12.5881 2.1296 0.00924978
809.938 73.8158 11.7445 2.12894 0.00875225
810.683 73.2665 11.5094 2.12846 0.00870467
811.429 72.7543 11.5899 2.12808 0.00889915
812.174 72.3763 11.5215 2.12777 0.00894235
812.919 72.1126 11.3273 2.12752 0.00885373
813.665 71.9713 11.0188 2.12734 0.0086384
814.41 71.993 10.5475 2.12725 0.00824612
815.155 71.9123 10.2142 2.12712 0.00799079
815.901 71.6146 10.1958 2.12688 0.00804744
816.646 71.1966 10.185 2.12654 0.0081397
817.391 70.2745 10.203 2.12576 0.0083816
818.137 69.368 10.1766 2.12497 0.00858915
818.882 68.3201 9.7261 2.12392 0.00845272
819.627 67.3133 9.30408 2.12288 0.00831925
820.373 66.7934 9.35139 2.12241 0.00850198
821.118 66.2991 9.41032 2.12196 0.00869333
821.863 66.4016 9.35843 2.12205 0.00861772
822.609 66.6058 9.28676 2.12225 0.00849642
823.354 66.8683 9.02542 2.12244 0.00817869
824.099 67.1484 8.69264 2.12264 0.00779173
824.845 67.3088 8.53784 2.12277 0.0076074
825.59 67.4012 8.48854 2.12286 0.00754089
826.335 67.4064 8.5359 2.12289 0.00758726
827.081 67.3316 8.67088 2.12286 0.00773628
827.826 66.8864 8.69252 2.12245 0.0078674
828.571 65.9463 8.55779 2.1215 0.00797102
829.317 65.0959 8.34741 2.12061 0.0079768
830.062 64.3909 7.9717 2.1198 0.00776998
830.807 63.7538 7.59922 2.11904 0.00753803
831.553 63.3232 7.17893 2.11849 0.00719269
832.298 62.9327 6.8535 2.118 0.00693132
833.043 62.9057 7.32551 2.11809 0.00745868
833.789 62.8685 7.79797 2.11818 0.00798761
834.534 62.8091 7.55792 2.11806 0.00774252
835.279 62.747 7.30843 2.11794 0.00748612
836.025 62.8512 7.3423 2.11808 0.00749972
836.77 62.9792 7.41596 2.11825 0.00755077
837.515 62.5993 7.67474 2.11791 0.00793445
838.261 62.0753 7.97356 2.11742 0.00840989
839.006 61.5055 7.9051 2.11677 0.00849518
839.751 60.9241 7.66844 2.11605 0.0083906
840.497 60.3616 7.54301 2.11536 0.00840614
841.242 59.8167 7.49758 2.11471 0.00851162
841.987 59.4793 7.80193 2.11441 0.0089814
842.733 59.3532 8.51288 2.1145 0.00988123
843.478 59.2229 8.47385 2.11434 0.00988016
844.223 59.0642 7.12288 2.11373 0.00828243
844.969 58.8439 6.20235 2.11322 0.00719937
845.714 58.6488 6.42507 2.11304 0.00753218
846.459 58.4277 6.61269 2.11282 0.00783114
847.205 58.0741 6.62922 2.11239 0.00795302
847.95 57.74 6.67531 2.11198 0.0081097
848.695 57.63 7.25727 2.11203 0.00889585
849.441 57.5022 7.83549 2.11206 0.00968347
850.186 56.983 7.46557 2.11127 0.00937985
850.931 56.456 7.07146 2.11046 0.00903249
851.677 56.3218 6.0237 2.10997 0.0076594
852.422 56.1901 4.88557 2.10951 0.00613331
853.167 56.1439 5.19771 2.10953 0.00657757
853.913 56.1097 5.97093 2.10969 0.007653
854.658 55.923 6.2885 2.10954 0.00814545
855.403 55.6713 6.36863 2.10923 0.00833412
856.149 55.4102 6.21816 2.10883 0.00820586
856.894 55.1403 5.89804 2.10836 0.00783698
857.639 54.9737 5.90147 2.10813 0.00789269
858.385 54.9192 6.26474 2.10818 0.00842863
859.13 54.857 6.22037 2.10808 0.0083868
859.875 54.7732 5.49744 2.10776 0.00737682
860.621 54.6237 5.09865 2.10745 0.00684167
861.366 54.3591 5.5086 2.10718 0.00751336
862.112 54.0646 5.79362 2.10685 0.00801981
862.857 53.6713 5.5767 2.10621 0.00781818
863.602 53.3158 5.39498 2.10563 0.00765183
864.347 53.2617 5.48185 2.10558 0.00780161
865.093 53.2073 5.56825 2.10553 0.0079512
865.838 53.2495 5.15422 2.10549 0.00731081
866.583 53.2815 4.73977 2.10543 0.0066717
867.329 53.3569 4.92761 2.10561 0.00693999
868.074 53.4345 5.1785 2.1058 0.00730124
868.82 53.2272 5.18768 2.1055 0.0073757
869.565 52.9612 5.1437 2.10509 0.00738619
870.31 52.7419 5.14133 2.10476 0.00744756
871.056 52.5408 5.15362 2.10446 0.00752715
871.801 52.2996 5.04771 2.10406 0.00743335
872.546 52.0376 4.87998 2.10361 0.00724491
873.292 51.7965 4.72422 2.10318 0.00706556
874.037 51.5721 4.57821 2.10279 0.00689363
874.782 51.4854 4.50533 2.10264 0.00680056
875.528 51.5538 4.51258 2.10276 0.00679554
876.273 51.5448 4.57197 2.10277 0.00689647
877.018 51.4097 4.71409 2.1026 0.00716786
877.764 51.2932 4.76199 2.10243 0.00728163
878.509 51.2207 4.59301 2.10228 0.00702665
879.254 51.1382 4.44607 2.10211 0.00680902
880 51.0233 4.37522 2.10191 0.0067248
880.745 50.9433 4.29255 2.10176 0.00661059
881.49 51.0908 4.12403 2.10197 0.00629333
882.236 51.1999 3.96802 2.10212 0.00600902
882.981 50.5974 4.10389 2.10116 0.0063907
883.726 50.0147 4.22726 2.1002 0.00676039
884.472 49.6673 4.10509 2.09958 0.006646
885.217 49.334 3.97984 2.09896 0.00651838
885.962 49.2446 3.79585 2.09876 0.00621677
886.708 49.1834 3.60587 2.09861 0.00589481
887.453 49.1772 3.51668 2.09859 0.00573832
888.198 49.184 3.45077 2.0986 0.00562029
888.944 49.2812 3.43103 2.09877 0.00556352
889.689 49.4125 3.42798 2.09902 0.00552882
890.434 49.3364 3.50554 2.09891 0.00568656
891.18 49.152 3.62286 2.09862 0.00594314
891.925 48.9131 3.59699 2.09819 0.00595848
892.67 48.6379 3.47261 2.09766 0.00580289
893.416 48.3461 3.44277 2.09713 0.00582243
894.161 48.0391 3.49969 2.09658 0.00600817
894.906 47.7388 3.52553 2.09603 0.00613717
895.652 47.4456 3.51367 2.09548 0.0061946
896.397 47.2136 3.58677 2.09506 0.00640028
897.142 47.0794 3.80795 2.09487 0.00686833
897.888 47.0397 3.8834 2.09483 0.00702811
898.633 47.2348 3.60524 2.09513 0.00643486
899.378 47.3778 3.46335 2.09538 0.00612431
900.124 47.3428 3.82755 2.09542 0.00683461
900.869 47.3127 4.06716 2.09544 0.0073045
901.614 47.3512 3.61092 2.09539 0.00641973
902.36 47.3624 3.18579 2.09531 0.00560075
903.105 47.2318 3.1045 2.09505 0.0054771
903.85 47.0991 3.02516 2.09478 0.0053563
904.596 46.7962 2.97882 2.09418 0.00533902
905.341 46.4998 2.93376 2.09359 0.00532182
906.086 46.3551 2.87548 2.0933 0.00524101
906.832 46.219 2.81753 2.09302 0.00515772
907.577 45.9097 2.85814 2.09241 0.0053152
908.322 45.5857 2.90794 2.09176 0.00549884
909.068 45.524 2.88785 2.09163 0.00547406
909.813 45.5169 2.8534 2.09162 0.00540575
910.558 45.5219 2.73052 2.09161 0.00515052
911.304 45.5292 2.58025 2.0916 0.00483767
912.049 45.5085 2.73348 2.0916 0.00516283
912.794 45.4714 3.0139 2.0916 0.00575699
913.54 45.428 3.11833 2.09154 0.00598734
914.285 45.3836 3.12602 2.09146 0.00601692
915.03 45.3123 3.03134 2.09129 0.00583967
915.776 45.221 2.86654 2.09107 0.00551888
916.521 45.0461 2.77939 2.09068 0.00537998
917.266 44.8014 2.75957 2.09017 0.00539999
918.012 44.5403 2.79169 2.08962 0.00553664
918.757 44.261 2.87757 2.08904 0.00579835
919.502 44.0448 2.96794 2.0886 0.00605784
920.248 43.9098 3.0676 2.08834 0.00631847
920.993 43.7396 3.06545 2.08796 0.00636516
921.738 43.5105 2.89678 2.08741 0.00605403
922.484 43.3574 2.88174 2.08707 0.00606491
923.229 43.3571 3.18572 2.08716 0.00675676
923.974 43.3925 3.31331 2.08729 0.00703586
924.72 43.537 2.95394 2.08752 0.00618113
925.465 43.6295 2.60519 2.08764 0.00537134
926.21 43.5663 2.31909 2.08743 0.00474194
926.956 43.5036 2.06516 2.08724 0.00418094
927.701 43.4685 1.94889 2.08715 0.00392472
928.446 43.405 1.89652 2.087 0.00381871
929.192 43.1499 2.26499 2.0865 0.00471868
929.937 42.9001 2.58974 2.08601 0.00553318
930.682 42.7805 2.59752 2.08574 0.00558446
931.428 42.6647 2.59368 2.08548 0.00560786
932.173 42.606 2.33274 2.08528 0.00501019
932.918 42.5419 2.07545 2.08508 0.00441814
933.664 42.3415 2.2536 2.08465 0.00488891
934.409 42.1412 2.42561 2.08422 0.00535242
935.154 41.889 2.25607 2.08357 0.00500742
935.9 41.6382 2.08057 2.08292 0.00463881
936.645 41.6078 2.13362 2.08287 0.00477809
937.39 41.5951 2.20513 2.08286 0.00495891
938.136 41.8136 2.24553 2.08341 0.00500558
938.881 42.0669 2.28307 2.08405 0.00503555
939.626 42.1743 2.46722 2.08436 0.00545295
940.372 42.2532 2.67974 2.08461 0.00594163
941.117 41.944 2.54569 2.08384 0.00570716
941.862 41.5597 2.34648 2.08285 0.00532458
942.608 41.4089 2.21149 2.08245 0.00502986
943.353 41.3189 2.09356 2.0822 0.00475894
944.098 41.1196 2.4767 2.08181 0.00577325
944.844 40.8649 3.00088 2.08134 0.00717874
945.589 41.0017 2.66318 2.08158 0.00628081
946.334 41.2563 1.98535 2.08205 0.00450749
947.08 41.1552 1.91988 2.08179 0.00436672
947.825 40.9151 2.11392 2.08123 0.00491577
948.57 40.7653 2.23803 2.08089 0.00527218
949.316 40.6583 2.33 2.08065 0.00553835
950.061 40.6066 2.52176 2.08058 0.00604786
950.806 40.5795 2.76666 2.08059 0.00668779
951.552 40.5263 2.5721 2.0804 0.00620456
952.297 40.4458 2.12879 2.08007 0.0050796
953.042 40.2886 2.30044 2.07971 0.0055707
953.788 40.0686 2.84235 2.07931 0.00706297
954.533 40.1759 2.50357 2.07949 0.00613859
955.278 40.4528 1.5344 2.07999 0.00353454
956.024 40.2595 1.40519 2.07946 0.00323172
956.769 39.7667 1.87521 2.07825 0.00458439
957.514 39.5855 1.96418 2.07779 0.00486997
958.26 39.6442 1.78017 2.07792 0.00435902
959.005 39.7176 1.6315 2.07809 0.00394269
959.75 39.8041 1.51134 2.0783 0.00360297
960.496 39.7293 1.83796 2.07818 0.00449889
961.241 39.4815 2.52734 2.07771 0.00643199
961.986 39.4451 2.8204 2.07772 0.00723973
962.732 39.6272 2.77947 2.0782 0.00706544
963.477 39.6891 2.72012 2.07835 0.00688578
964.222 39.6388 2.64575 2.0782 0.00670444
964.968 39.6785 2.41176 2.07824 0.00606376
965.713 39.7918 2.02207 2.07844 0.00498654
966.458 39.6957 1.92887 2.07816 0.00476113
967.204 39.4135 2.11415 2.07745 0.00533798
967.949 39.0761 2.28069 2.07658 0.00589393
968.694 38.6921 2.42679 2.07556 0.00642424
969.44 38.5787 2.3874 2.07523 0.00635143
970.185 38.7135 2.17536 2.07556 0.00571157
970.93 38.5625 2.06148 2.0751 0.0054342
971.676 38.1564 2.04427 2.07394 0.00550239
972.421 37.9376 1.94131 2.07328 0.00526584
973.166 37.8795 1.76054 2.07307 0.00475175
973.912 37.8854 1.69179 2.07307 0.00454913
974.657 37.9518 1.72356 2.07328 0.00462717
975.402 38.0118 1.73946 2.07347 0.00465984
976.148 38.0664 1.7411 2.07363 0.0046521
976.893 38.0623 1.73732 2.07363 0.00464318
977.638 38.0087 1.72901 2.07347 0.00463331
978.384 37.9872 1.68901 2.07341 0.00452264
979.129 37.9911 1.62348 2.07341 0.00433089
979.874 38.0291 1.63353 2.07353 0.00435247
980.62 38.0934 1.70171 2.07374 0.00453711
981.365 37.8555 1.75713 2.07306 0.0047598
982.11 37.4194 1.79816 2.07178 0.00499733
982.856 37.1768 1.86538 2.07107 0.00526893
983.601 37.0527 1.95043 2.07072 0.00556576
984.346 36.8658 1.90178 2.07014 0.00547298
985.092 36.6445 1.77852 2.06942 0.00515501
985.837 36.5828 1.5985 2.06919 0.00460865
986.583 36.6022 1.3849 2.0692 0.00393439
987.328 36.5976 1.39705 2.0692 0.00397458
988.073 36.5817 1.5192 2.06918 0.00436298
988.818 36.6419 1.68908 2.06942 0.00488121
989.564 36.7328 1.88335 2.06977 0.00546262
990.309 36.795 2.04201 2.07001 0.00593692
991.055 36.8458 2.18811 2.07023 0.00637287
991.8 36.8481 2.05202 2.07019 0.00595296
992.545 36.8308 1.82804 2.07008 0.00526653
993.291 36.845 1.81907 2.07013 0.0052357
994.036 36.8681 1.86561 2.07022 0.00537401
994.781 36.8784 1.83992 2.07025 0.00529265
995.527 36.8861 1.79946 2.07027 0.00516653
996.272 36.8331 1.70745 2.07008 0.00489735
997.017 36.7706 1.60909 2.06987 0.00460924
997.763 36.5967 1.49935 2.0693 0.0043101
998.508 36.4147 1.39261 2.06871 0.00401664
999.253 36.481 1.89096 2.06906 0.00557516
999.999 36.5282 2.42947 2.0694 0.00725068
