255.408 0.901493 1.95716 1.25716 0.567105
256.154 0.944309 2.00978 1.27691 0.565714
256.899 0.987508 2.06139 1.2959 0.563856
257.644 0.957201 2.01883 1.28075 0.5641
258.39 0.916178 1.96109 1.25981 0.564101
259.135 0.933728 2.04269 1.28216 0.573564
259.88 0.975478 2.1723 1.3193 0.583506
260.626 0.99783 2.19419 1.32744 0.581382
261.371 1.00621 2.14736 1.31749 0.572625
262.116 1.02368 2.12579 1.31488 0.565365
262.862 1.05069 2.13189 1.32011 0.560113
263.607 1.06919 2.1349 1.32333 0.556395
264.353 1.07165 2.13219 1.32288 0.55545
265.098 1.07702 2.13923 1.32504 0.555305
265.843 1.0935 2.18234 1.33683 0.557926
266.589 1.10864 2.21702 1.34643 0.559485
267.334 1.10382 2.15789 1.3325 0.552145
268.079 1.09983 2.09867 1.31868 0.544193
268.825 1.0997 2.21212 1.34347 0.56084
269.57 1.10341 2.33555 1.37112 0.576472
270.315 1.13695 2.29289 1.36583 0.563643
271.061 1.17754 2.21416 1.35416 0.544325
271.806 1.19978 2.1873 1.35141 0.535901
272.551 1.21322 2.18395 1.35243 0.532653
273.297 1.23364 2.19196 1.35678 0.529595
274.042 1.25972 2.20905 1.36372 0.526678
274.787 1.26891 2.22216 1.36747 0.526659
275.533 1.25462 2.23005 1.36693 0.530684
276.278 1.25284 2.22219 1.36491 0.53001
277.023 1.2826 2.17527 1.35941 0.517494
277.769 1.31097 2.14578 1.35745 0.507697
278.514 1.3312 2.20907 1.37254 0.512685
279.259 1.35222 2.26976 1.38703 0.516796
280.005 1.36141 2.2257 1.37956 0.509186
280.75 1.371 2.18186 1.3723 0.501364
281.495 1.38072 2.13394 1.36442 0.492771
282.241 1.3909 2.08574 1.35672 0.48386
282.986 1.40055 2.08882 1.35857 0.482564
283.731 1.41002 2.10854 1.36348 0.483747
284.477 1.421 2.079 1.35951 0.477424
285.222 1.43347 2.01971 1.35047 0.46625
285.967 1.45074 2.00076 1.34961 0.460275
286.713 1.47254 2.02377 1.35691 0.459981
287.458 1.48817 2.03434 1.36101 0.458874
288.203 1.49241 2.02257 1.35946 0.456398
288.949 1.50003 2.007 1.35779 0.452747
289.694 1.51963 1.9781 1.35571 0.444971
290.439 1.53944 1.95196 1.35425 0.437594
291.185 1.56064 1.95243 1.35752 0.434169
291.93 1.58174 1.95285 1.36076 0.430795
292.675 1.58935 1.87754 1.34961 0.417703
293.421 1.59776 1.79892 1.3384 0.403507
294.166 1.59789 1.77186 1.3341 0.398973
294.911 1.59603 1.75614 1.33125 0.396626
295.657 1.60289 1.71968 1.32674 0.38933
296.402 1.61415 1.67392 1.32172 0.379655
297.147 1.6316 1.63491 1.31898 0.370181
297.893 1.65391 1.60153 1.3181 0.361006
298.638 1.65918 1.57252 1.31487 0.355038
299.383 1.64049 1.54904 1.30807 0.353384
300.129 1.62363 1.51684 1.30034 0.349764
300.874 1.61176 1.46278 1.29052 0.341117
301.619 1.60134 1.41174 1.28147 0.332581
302.365 1.59549 1.37953 1.27593 0.326974
303.11 1.58984 1.34694 1.27042 0.32116
303.855 1.58151 1.29197 1.26153 0.310957
304.601 1.57395 1.23683 1.25293 0.300338
305.346 1.53797 1.19338 1.23975 0.295458
306.091 1.49811 1.15072 1.22562 0.29094
306.837 1.46313 1.08898 1.21009 0.281114
307.582 1.43066 1.01991 1.19425 0.268676
308.327 1.39406 0.991034 1.18199 0.265929
309.073 1.35402 0.988298 1.17175 0.269941
309.818 1.32035 0.957791 1.15963 0.26623
310.563 1.29467 0.896124 1.14586 0.253271
311.309 1.26683 0.848748 1.13319 0.243822
312.054 1.23333 0.830051 1.12206 0.242433
312.799 1.19416 0.808629 1.10887 0.240815
313.545 1.13342 0.77726 1.08816 0.23859
314.29 1.07314 0.744246 1.0668 0.235531
315.035 1.02752 0.701924 1.04834 0.227658
315.781 0.98184 0.658613 1.02945 0.21896
316.526 0.933026 0.620674 1.00978 0.211777
317.271 0.883765 0.582226 0.989519 0.203965
318.017 0.823885 0.544417 0.965212 0.196862
318.762 0.760854 0.505836 0.939028 0.189154
319.507 0.695837 0.47725 0.912263 0.184692
320.253 0.629244 0.453425 0.884436 0.181761
320.998 0.56642 0.430494 0.857242 0.178464
321.743 0.506964 0.408378 0.830627 0.174819
322.489 0.447989 0.387439 0.803476 0.171262
323.234 0.390155 0.368715 0.776162 0.168229
323.979 0.331608 0.351054 0.747728 0.165428
324.725 0.272342 0.337441 0.718363 0.164329
325.47 0.2121 0.324018 0.687505 0.16321
326.215 0.149844 0.314255 0.654828 0.163969
326.961 0.0866793 0.304198 0.62039 0.164572
327.706 0.0233573 0.301594 0.585245 0.169282
328.451 -0.0409132 0.298972 0.548153 0.174307
329.197 -0.100258 0.300667 0.513018 0.181669
329.942 -0.159437 0.303148 0.476765 0.189928
330.687 -0.218091 0.3068 0.439634 0.199377
331.433 -0.277025 0.310978 0.400987 0.2098
332.178 -0.334224 0.319949 0.362786 0.22401
332.923 -0.390345 0.332493 0.324596 0.24159
333.669 -0.44554 0.344836 0.285823 0.260022
334.414 -0.499411 0.356842 0.246771 0.279151
335.159 -0.551237 0.369205 0.208213 0.29938
335.905 -0.597764 0.381982 0.173021 0.320018
336.65 -0.64343 0.39442 0.137594 0.341333
337.395 -0.683463 0.404314 0.105575 0.360107
338.141 -0.723896 0.414402 0.0725292 0.380097
338.886 -0.765631 0.42494 0.0376659 0.401905
339.631 -0.80775 0.435683 0.00169622 0.425173
340.377 -0.853265 0.446552 -0.0383939 0.450993
341.122 -0.899535 0.457649 -0.0801983 0.478825
341.867 -0.942233 0.46713 -0.120028 0.505172
342.613 -0.984151 0.47626 -0.160165 0.532253
343.358 -1.01815 0.481625 -0.194305 0.553027
344.103 -1.0477 0.484839 -0.22524 0.570177
344.849 -1.08299 0.487199 -0.263825 0.589834
345.594 -1.12406 0.488717 -0.310714 0.612389
346.339 -1.16668 0.492168 -0.359949 0.639347
347.085 -1.21169 0.498962 -0.411839 0.673473
347.83 -1.25734 0.506011 -0.466026 0.710429
348.575 -1.30409 0.51349 -0.523125 0.751042
349.321 -1.35047 0.519551 -0.582585 0.79203
350.066 -1.38958 0.510658 -0.644979 0.808158
350.811 -1.42904 0.501665 -0.710558 0.824925
351.557 -1.46816 0.509059 -0.764795 0.86795
352.302 -1.50753 0.517283 -0.820203 0.915054
353.047 -1.55522 0.517254 -0.899082 0.958952
353.793 -1.60507 0.515603 -0.987265 1.00515
354.538 -1.66274 0.520009 -1.08833 1.07482
355.283 -1.72422 0.52744 -1.19913 1.16181
356.029 -1.77603 0.532969 -1.2984 1.24064
356.774 -1.82005 0.536874 -1.38781 1.3115
357.519 -1.86156 0.537872 -1.48013 1.3773
358.265 -1.89954 0.534745 -1.5754 1.43201
359.01 -1.93864 0.533061 -1.67599 1.49631
359.755 -1.9803 0.534908 -1.782 1.58032
360.501 -2.02487 0.538822 -1.89715 1.68421
361.246 -2.08517 0.554171 -2.03662 1.87269
361.991 -2.14582 0.569549 -2.1787 2.08881
362.737 -2.20861 0.584305 -2.3287 2.34131
363.482 -2.27191 0.599027 -2.47619 2.63336
364.227 -2.32283 0.608064 -2.60068 2.88992
364.973 -2.3724 0.616273 -2.71831 3.1673
365.718 -2.41724 0.614731 -2.87025 3.41681
366.463 -2.4606 0.609699 -3.04195 3.67512
367.209 -2.50371 0.616205 -3.13009 4.00076
367.954 -2.54681 0.630226 -3.13791 4.37853
368.699 -2.59885 0.641706 -3.15001 4.85838
369.445 -2.66097 0.650277 -3.14627 5.48243
370.19 -2.72479 0.658653 -3.05232 6.19232
370.935 -2.79128 0.666686 -2.82777 6.99508
371.681 -2.85507 0.674567 -2.44613 7.7977
372.426 -2.90566 0.681951 -1.99457 8.41606
373.171 -2.95555 0.688749 -1.43355 8.98802
373.917 -2.98953 0.687361 -1.05589 9.40845
374.662 -3.02374 0.685902 -0.612987 9.80846
375.407 -3.06771 0.686271 0.0718697 10.2342
376.153 -3.11275 0.686703 0.862626 10.569
376.898 -3.17888 0.697091 2.16241 10.6393
377.643 -3.25116 0.710161 3.51721 10.3339
378.389 -3.32731 0.724309 4.72927 9.69505
379.134 -3.40604 0.739156 5.67979 8.8339
379.879 -3.47363 0.753442 6.23477 8.02296
380.625 -3.53098 0.767204 6.53421 7.33851
381.37 -3.5861 0.777621 6.74331 6.7355
382.116 -3.63736 0.782645 6.9055 6.22852
382.861 -3.68382 0.785336 7.01458 5.79946
383.606 -3.71539 0.781192 7.11311 5.53559
384.352 -3.75109 0.779007 7.17928 5.23887
385.097 -3.81539 0.791318 7.12329 4.72201
385.842 -3.88044 0.803844 7.03241 4.26466
386.587 -3.96562 0.813173 6.92454 3.74482
387.333 -4.05234 0.822639 6.78415 3.29645
388.078 -4.13511 0.840009 6.59965 2.94467
388.824 -4.21815 0.859135 6.41253 2.64874
389.569 -4.29601 0.870671 6.26577 2.40348
390.314 -4.37239 0.87924 6.1335 2.19069
391.06 -4.43142 0.882052 6.04347 2.04044
391.805 -4.47781 0.880632 5.98215 1.92814
392.55 -4.52719 0.884888 5.90376 1.82492
393.296 -4.58024 0.896305 5.80769 1.73179
394.041 -4.63693 0.90939 5.7083 1.64165
394.786 -4.70117 0.926013 5.59866 1.55048
395.532 -4.77069 0.940425 5.49302 1.45695
396.277 -4.86268 0.943324 5.38476 1.32807
397.022 -4.95584 0.947135 5.27887 1.21414
397.768 -5.04606 0.971362 5.15887 1.13736
398.513 -5.13751 0.996203 5.04662 1.06829
399.258 -5.21408 1.0049 4.97059 1.00599
400.004 -5.2899 1.01204 4.90029 0.948511
400.749 -5.35223 1.02281 4.84136 0.909334
401.494 -5.4109 1.03478 4.78701 0.876464
402.24 -5.46465 1.04793 4.73783 0.849957
402.985 -5.51573 1.06185 4.69208 0.827229
403.73 -5.58017 1.06831 4.64362 0.792025
404.476 -5.65819 1.06721 4.5924 0.746147
405.221 -5.74172 1.07305 4.53576 0.705309
405.966 -5.83424 1.0912 4.47021 0.670765
406.712 -5.93325 1.11197 4.40371 0.63762
407.457 -6.05112 1.1406 4.32812 0.603583
408.202 -6.16783 1.16819 4.25908 0.572684
408.948 -6.25775 1.179 4.21313 0.546246
409.693 -6.34883 1.19001 4.16878 0.521444
410.438 -6.43703 1.20755 4.12572 0.502095
411.184 -6.52616 1.2257 4.08419 0.483976
411.929 -6.59932 1.24559 4.05036 0.472116
412.674 -6.66965 1.26611 4.01881 0.461807
413.42 -6.73997 1.27696 3.99098 0.448455
414.165 -6.81066 1.28351 3.96502 0.434163
414.91 -6.90029 1.29798 3.93166 0.418872
415.656 -7.00556 1.31899 3.89327 0.403196
416.401 -7.11669 1.33626 3.85579 0.386224
417.146 -7.23548 1.34811 3.81897 0.367419
417.892 -7.35956 1.36831 3.78104 0.351397
418.637 -7.4941 1.40923 3.739 0.340205
419.382 -7.62712 1.44887 3.70011 0.329619
420.128 -7.74163 1.47566 3.66964 0.319418
420.873 -7.8574 1.50305 3.64027 0.309757
421.618 -7.95618 1.5287 3.61611 0.302528
422.364 -8.05616 1.55488 3.5926 0.295578
423.109 -8.14517 1.56276 3.57443 0.286684
423.854 -8.23358 1.56828 3.55721 0.277824
424.6 -8.32585 1.59296 3.53761 0.272502
425.345 -8.4201 1.62451 3.51761 0.268393
426.09 -8.53682 1.64888 3.49524 0.26082
426.836 -8.66874 1.66888 3.47172 0.251421
427.581 -8.80422 1.69688 3.44793 0.243514
428.326 -8.94345 1.73384 3.42388 0.237065
429.072 -9.09448 1.7716 3.39922 0.230062
429.817 -9.26642 1.81008 3.37291 0.22189
430.562 -9.43705 1.85247 3.3479 0.214839
431.308 -9.59324 1.90628 3.32514 0.210605
432.053 -9.74849 1.96068 3.30359 0.206649
432.798 -9.86381 2.00387 3.2882 0.204212
433.544 -9.98053 2.04804 3.27314 0.201832
434.289 -10.1108 2.06115 3.25915 0.195458
435.034 -10.2436 2.0725 3.24546 0.189071
435.78 -10.3726 2.1015 3.2316 0.184927
436.525 -10.5019 2.13528 3.21793 0.181378
437.27 -10.6363 2.16951 3.20427 0.177739
438.016 -10.7741 2.20437 3.19075 0.17412
438.761 -10.9342 2.2503 3.17533 0.170493
439.506 -11.1144 2.30645 3.15847 0.166895
440.252 -11.3009 2.36505 3.14179 0.163344
440.997 -11.4954 2.42657 3.12519 0.159806
441.742 -11.695 2.48917 3.10898 0.156284
442.488 -11.9017 2.55128 3.09308 0.152597
443.233 -12.1124 2.61569 3.07761 0.149072
443.978 -12.3257 2.68361 3.06259 0.145817
444.724 -12.5431 2.7538 3.04797 0.142684
445.469 -12.6835 2.80332 3.03889 0.141052
446.214 -12.8258 2.85396 3.02995 0.139455
446.96 -13.0024 2.88565 3.02011 0.135854
447.705 -13.187 2.91492 3.01027 0.132058
448.45 -13.3852 2.95513 2.99981 0.128585
449.196 -13.5909 3.00018 2.98926 0.125295
449.941 -13.7942 3.06974 2.97859 0.123303
450.686 -13.9968 3.15722 2.96791 0.122146
451.432 -14.2183 3.2447 2.95688 0.120521
452.177 -14.4621 3.33196 2.94546 0.11839
452.922 -14.7195 3.4229 2.93397 0.116154
453.668 -15 3.51845 2.92208 0.113655
454.413 -15.2771 3.61802 2.91079 0.111456
455.158 -15.5187 3.72226 2.90108 0.110185
455.904 -15.7656 3.83133 2.89152 0.108966
456.649 -16.0266 3.96233 2.88153 0.108127
457.394 -16.2928 4.0983 2.87174 0.1073
458.14 -16.5511 4.1673 2.86376 0.104789
458.885 -16.8138 4.23271 2.85603 0.102219
459.63 -17.0593 4.26999 2.84947 0.0993373
460.376 -17.3035 4.30004 2.84326 0.0964288
461.121 -17.5711 4.40949 2.83551 0.095168
461.866 -17.8535 4.56434 2.82709 0.0947295
462.612 -18.1046 4.69133 2.82007 0.0940866
463.357 -18.3268 4.79141 2.81428 0.09327
464.102 -18.6196 4.90512 2.80707 0.0917851
464.848 -19.026 5.04053 2.79773 0.0893087
465.593 -19.4134 5.18355 2.78911 0.0873154
466.338 -19.7201 5.33658 2.78218 0.0865107
467.084 -20.0327 5.49064 2.77542 0.0856461
467.829 -20.3501 5.61635 2.76916 0.08428
468.574 -20.6744 5.74647 2.76299 0.0829444
469.32 -21.1104 5.95813 2.75462 0.0816832
470.065 -21.5598 6.18122 2.74639 0.0804558
470.81 -21.9587 6.43471 2.73895 0.0800992
471.556 -22.3555 6.70334 2.73174 0.0798817
472.301 -22.7567 6.93238 2.72517 0.0790972
473.046 -23.1658 7.15091 2.7189 0.0781136
473.792 -23.5552 7.34541 2.71331 0.0770458
474.537 -23.9325 7.5234 2.70821 0.0759266
475.282 -24.336 7.73007 2.70283 0.0749061
476.028 -24.7706 7.97262 2.69712 0.0739976
476.773 -25.2323 8.25578 2.69113 0.0732488
477.518 -25.7408 8.61871 2.68448 0.0728101
478.264 -26.2631 8.98126 2.67807 0.0722137
479.009 -26.8063 9.27304 2.67229 0.0709253
479.754 -27.3619 9.57579 2.66664 0.0696657
480.5 -27.8631 9.82405 2.66196 0.0684027
481.245 -28.3779 10.0829 2.65734 0.0671658
481.99 -28.9173 10.5428 2.65166 0.067025
482.736 -29.4683 11.045 2.64596 0.0669754
483.481 -30.1256 11.5609 2.63993 0.0663494
484.226 -30.8286 12.1048 2.63389 0.06558
484.972 -31.419 12.5791 2.62903 0.064999
485.717 -31.9499 13.0195 2.62483 0.0645196
486.462 -32.5668 13.4582 2.62047 0.0636207
487.208 -33.2739 13.8977 2.61598 0.0623433
487.953 -33.981 14.4431 2.61129 0.0614804
488.698 -34.6667 15.1579 2.60626 0.0612545
489.444 -35.3477 15.8511 2.60159 0.0608968
490.189 -35.9908 16.3788 2.59789 0.0601454
490.934 -36.6654 16.971 2.59405 0.0594543
491.68 -37.4793 17.9111 2.58887 0.0591457
492.425 -38.3068 18.9159 2.58377 0.0588395
493.17 -39.2063 19.8342 2.57911 0.0580324
493.916 -40.1308 20.8123 2.57451 0.0572315
494.661 -40.9959 21.7968 2.5703 0.056575
495.406 -41.8631 22.8335 2.5662 0.0559538
496.152 -43.01 24.0482 2.5615 0.0548227
496.897 -44.3068 25.4111 2.5566 0.053511
497.642 -45.2898 26.9201 2.55211 0.0530721
498.388 -45.9975 28.5526 2.54793 0.0532484
499.133 -46.5728 30.2054 2.54406 0.0535571
499.878 -46.9787 31.8374 2.54055 0.054031
500.624 -47.6031 33.4501 2.5371 0.0539083
501.369 -48.8388 34.944 2.53375 0.0524953
502.115 -50.0596 36.6649 2.53026 0.0512564
502.86 -51.0126 39.0853 2.52601 0.0507258
503.605 -51.9081 41.6537 2.52189 0.0501946
504.35 -52.7397 43.2654 2.51947 0.0494335
505.096 -53.5693 44.9692 2.51707 0.0486829
505.841 -54.0622 48.0306 2.5131 0.0485151
506.587 -54.3514 51.4331 2.50903 0.0484051
507.332 -54.5274 54.5116 2.50561 0.0482119
508.077 -54.5704 57.5935 2.50242 0.0479963
508.823 -54.7356 61.1053 2.49903 0.0474487
509.568 -54.8645 65.0103 2.49556 0.0467242
510.313 -54.4266 69.0717 2.49214 0.0462961
511.059 -53.3464 73.2014 2.48877 0.0461486
511.804 -52.082 78.2926 2.48493 0.0455992
512.549 -50.465 85.1809 2.48029 0.0443909
513.294 -47.8896 91.5307 2.47618 0.0435514
514.04 -44.7435 94.8552 2.47359 0.0438021
514.785 -41.0887 98.1333 2.4709 0.0440481
515.531 -35.4271 102.345 2.46711 0.0443
516.276 -29.1414 105.888 2.46336 0.0445411
517.021 -26.2852 109.6 2.46132 0.0435477
517.767 -23.1655 113.306 2.45935 0.0425283
518.512 -17.5927 118.439 2.45633 0.0411265
519.257 -10.6259 123.424 2.45313 0.039677
520.003 -4.90123 124.713 2.45088 0.039416
520.748 -0.0624721 124.287 2.44904 0.0396504
521.493 6.42361 121.793 2.4464 0.0404926
522.239 13.4372 117.439 2.44315 0.0417753
522.984 19.2076 114.678 2.44039 0.0421957
523.729 24.3605 114.129 2.43825 0.041526
524.475 29.9078 113.013 2.43592 0.0407954
525.22 36.3476 111.001 2.43312 0.0399136
525.965 42.5531 107.948 2.43021 0.0391192
526.711 48.5941 102.545 2.42657 0.0386967
527.456 53.5315 96.8101 2.42302 0.0382891
528.201 56.126 92.8647 2.42074 0.0381091
528.947 58.3134 88.9216 2.41849 0.0379307
529.692 61.819 84.1225 2.4155 0.0369875
530.437 64.8313 79.0985 2.41246 0.0359768
531.183 64.8301 73.5469 2.40926 0.0364481
531.928 63.8359 68.3837 2.40603 0.0373544
532.673 63.8877 64.7069 2.40354 0.0373771
533.419 64.46 61.7565 2.4015 0.0368924
534.164 65.1113 58.1629 2.39893 0.036133
534.909 65.6803 53.9855 2.39583 0.0351044
535.655 65.6418 50.6816 2.39324 0.0344692
536.4 65.0322 48.6837 2.39151 0.0344998
537.145 64.3247 46.6375 2.38963 0.0345414
537.891 63.3479 44.2126 2.38722 0.0346233
538.636 62.384 41.9876 2.38487 0.0346814
539.381 61.701 40.0989 2.38285 0.0345359
540.127 60.9948 38.3224 2.38085 0.0343915
540.872 60.0135 36.7734 2.37884 0.0345834
541.617 59.0407 35.3281 2.37685 0.0347856
542.363 59.0586 33.8692 2.37541 0.0338711
543.108 59.2254 32.416 2.37409 0.0327283
543.853 58.4083 30.5451 2.37159 0.0322198
544.599 57.1792 28.6346 2.36858 0.0319969
545.344 56.1617 27.2984 2.36626 0.0319527
546.089 55.3198 26.3666 2.36446 0.0320484
546.835 54.4867 25.3298 2.36249 0.0319934
547.58 53.6492 24.1497 2.36026 0.0317356
548.325 52.6624 23.0148 2.35782 0.0316434
549.071 51.3229 21.8941 2.35482 0.0319501
549.816 50.1355 20.8616 2.35197 0.0321341
550.561 49.4283 19.8765 2.34974 0.0316929
551.307 48.7346 18.9517 2.34753 0.0312523
552.052 48.3039 18.0589 2.34574 0.0304392
552.797 47.8637 17.2081 2.34395 0.0296386
553.543 47.1549 16.4837 2.34183 0.0293531
554.288 46.431 15.8134 2.33967 0.0291378
555.033 45.6265 15.4128 2.33766 0.0295168
555.779 44.8217 15.1053 2.33571 0.0300846
556.524 44.2193 14.5339 2.33372 0.0298135
557.269 43.729 13.8231 2.33172 0.0290315
558.015 43.1416 13.3854 2.32985 0.0289433
558.76 42.4676 13.2149 2.32812 0.0295872
559.505 41.9416 12.9358 2.32653 0.0297602
560.251 41.6547 12.4573 2.32518 0.0290645
560.996 41.3454 12.0051 2.3238 0.0284325
561.741 40.9618 11.6051 2.32228 0.0280133
562.487 40.5796 11.2358 2.32079 0.0276441
563.232 40.1598 11.0506 2.31945 0.0278121
563.977 39.7507 10.8711 2.31811 0.0279772
564.723 39.1159 10.6483 2.31603 0.0283719
565.468 38.4923 10.4314 2.31392 0.0287711
566.213 38.0994 10.0789 2.31222 0.0283744
566.959 37.7609 9.70726 2.31064 0.0277974
567.704 37.4321 9.41702 2.30919 0.0274335
568.449 37.1116 9.16904 2.30781 0.0271729
569.195 36.7349 8.86921 2.30614 0.0268102
569.94 36.3139 8.53275 2.30421 0.026364
570.685 35.8757 8.1598 2.30212 0.0257777
571.431 35.408 7.73231 2.29979 0.0249883
572.176 34.9629 7.47033 2.29776 0.0247374
572.921 34.5603 7.59065 2.29647 0.0258935
573.667 34.1596 7.64854 2.29506 0.0268345
574.412 33.7289 7.37167 2.29291 0.0264967
575.157 33.3108 7.10904 2.29079 0.0261646
575.903 32.8866 6.80154 2.28851 0.0256177
576.648 32.474 6.51108 2.28626 0.0250821
577.393 32.2336 6.35329 2.28497 0.0248143
578.139 32.0218 6.21831 2.28384 0.0245891
578.884 31.8032 6.0999 2.28269 0.0244433
579.629 31.5846 5.98941 2.28153 0.024327
580.375 31.2795 5.89576 2.27997 0.0244358
581.12 30.9231 5.81383 2.27815 0.0246911
581.865 30.637 5.76315 2.27669 0.0249788
582.611 30.4259 5.74656 2.27566 0.0253068
583.356 30.2097 5.71803 2.27456 0.0255874
584.101 29.9797 5.66618 2.27334 0.0257757
584.847 29.7515 5.57351 2.27202 0.0257447
585.592 29.5138 5.31322 2.27032 0.0248178
586.337 29.2841 5.07056 2.26868 0.0239342
587.083 29.1549 4.9445 2.26779 0.0234907
587.828 29.0265 4.8213 2.26691 0.0230515
588.573 28.8232 4.71224 2.26562 0.0228154
589.319 28.6174 4.60748 2.2643 0.0225985
590.064 28.3779 4.51711 2.26279 0.0225169
590.809 28.134 4.43261 2.26125 0.022471
591.555 27.8828 4.37916 2.25968 0.0226226
592.3 27.631 4.34155 2.25811 0.0228742
593.045 27.4049 4.31343 2.2567 0.0231411
593.791 27.2016 4.29367 2.25543 0.0234222
594.536 27.0064 4.22338 2.25409 0.0233629
595.281 26.8206 4.07599 2.25265 0.0227709
596.027 26.6076 3.94551 2.25105 0.0223225
596.772 26.312 3.85468 2.24893 0.022281
597.517 26.0497 3.76796 2.247 0.0221957
598.263 25.9774 3.68644 2.2464 0.0217807
599.008 25.9053 3.6062 2.2458 0.0213687
599.753 25.7033 3.54271 2.2443 0.0213087
600.499 25.5033 3.48145 2.24279 0.021256
601.244 25.2862 3.45613 2.2412 0.0214969
601.989 25.0707 3.43705 2.2396 0.0217853
602.735 24.9145 3.37946 2.23836 0.0216689
603.48 24.7829 3.30781 2.23727 0.0213918
604.225 24.6514 3.29022 2.23627 0.0215281
604.971 24.5206 3.31072 2.23535 0.0219635
605.716 24.383 3.26266 2.23422 0.0218743
606.461 24.2361 3.13175 2.23284 0.0211331
607.207 24.0987 3.0427 2.23162 0.0206942
607.952 23.9813 3.04011 2.2307 0.0209173
608.697 23.8821 3.01818 2.2299 0.0209472
609.443 23.863 2.90377 2.22958 0.0200538
610.188 23.8362 2.79478 2.22921 0.0192143
610.933 23.6418 2.80973 2.22765 0.0197148
611.679 23.4518 2.82315 2.22611 0.0202047
612.424 23.2966 2.78831 2.22475 0.0202186
613.169 23.1477 2.74921 2.22343 0.0201805
613.915 23.0631 2.76784 2.22277 0.020527
614.66 22.998 2.80334 2.22232 0.0209886
615.405 22.8977 2.74341 2.22135 0.0206708
616.151 22.7774 2.63082 2.2201 0.0199081
616.896 22.6311 2.56748 2.2187 0.0196283
617.641 22.4605 2.55155 2.21714 0.0198262
618.387 22.3035 2.51882 2.21566 0.0198416
619.132 22.1667 2.45763 2.21429 0.0195443
619.878 22.055 2.40765 2.21318 0.019298
620.623 22.0222 2.39037 2.21288 0.0192121
621.368 21.9772 2.37409 2.21246 0.0191581
622.113 21.812 2.36622 2.21088 0.0194162
622.859 21.6507 2.35805 2.20932 0.0196678
623.604 21.4932 2.3024 2.20768 0.019437
624.349 21.3392 2.24658 2.20606 0.0191884
625.095 21.265 2.18666 2.20523 0.0187344
625.84 21.2079 2.12654 2.20457 0.0182392
626.586 21.1305 2.10153 2.20377 0.0181418
627.331 21.0447 2.09235 2.2029 0.0182241
628.076 20.917 2.06567 2.20155 0.0182007
628.822 20.7577 2.02577 2.19982 0.0180927
629.567 20.633 2.01169 2.19849 0.0181944
630.312 20.553 2.03192 2.1977 0.0185858
631.057 20.4888 2.04282 2.19706 0.0188479
631.803 20.4629 2.03135 2.1968 0.0187888
632.548 20.4262 2.01494 2.19641 0.018696
633.294 20.3261 1.96988 2.19525 0.0184067
634.039 20.2275 1.92635 2.1941 0.0181251
634.784 20.1289 1.91223 2.19301 0.0181718
635.53 20.0319 1.8983 2.19192 0.0182172
636.275 19.9313 1.87994 2.19076 0.0182179
637.02 19.8316 1.86128 2.18961 0.018212
637.766 19.7664 1.82307 2.18882 0.0179071
638.511 19.7132 1.77862 2.18815 0.0175011
639.256 19.6536 1.76529 2.18746 0.0174721
640.002 19.5903 1.77166 2.18676 0.0176847
640.747 19.5085 1.75243 2.18579 0.0176271
641.492 19.4067 1.70569 2.18451 0.0172724
642.238 19.3297 1.67804 2.18356 0.0170966
642.983 19.299 1.68574 2.18324 0.017264
643.728 19.269 1.69153 2.18292 0.0174074
644.474 19.2412 1.6901 2.18262 0.0174582
645.219 19.2072 1.68804 2.18224 0.0175129
645.964 19.0863 1.67699 2.18075 0.0176252
646.71 18.9681 1.66602 2.17929 0.017734
647.455 18.8719 1.63574 2.17805 0.0175533
648.2 18.7787 1.60484 2.17683 0.017354
648.946 18.735 1.55568 2.17621 0.016818
649.691 18.7036 1.50229 2.17575 0.0161992
650.436 18.6581 1.46499 2.17513 0.0158109
651.182 18.606 1.43613 2.17443 0.0155415
651.927 18.5116 1.43395 2.17322 0.0156971
652.672 18.3812 1.45428 2.17157 0.0162224
653.418 18.2772 1.46537 2.17023 0.0165822
654.163 18.2111 1.4638 2.16937 0.0167015
654.908 18.1511 1.45761 2.16858 0.0167465
655.654 18.1072 1.43839 2.16798 0.0165814
656.399 18.0649 1.41755 2.16739 0.0163889
657.144 18.0321 1.38334 2.16691 0.0159914
657.89 17.9994 1.34957 2.16643 0.0155968
658.635 17.8653 1.34186 2.16458 0.0157505
659.38 17.7335 1.3344 2.16274 0.0159051
660.126 17.6763 1.32656 2.16195 0.0159139
660.871 17.632 1.31873 2.16133 0.015898
661.616 17.6014 1.31769 2.16093 0.0159536
662.362 17.5762 1.31927 2.1606 0.016037
663.107 17.5378 1.32949 2.1601 0.0162714
663.852 17.4901 1.34562 2.15948 0.0166114
664.598 17.4387 1.33061 2.15873 0.0165053
665.343 17.3826 1.27845 2.15784 0.0158592
666.088 17.3193 1.24622 2.15688 0.0155139
666.834 17.2408 1.25516 2.15576 0.0158077
667.579 17.1762 1.26138 2.15484 0.0160373
668.324 17.17 1.25707 2.15477 0.0159963
669.07 17.1634 1.25168 2.1547 0.0159396
669.815 17.1474 1.22262 2.15444 0.0155431
670.56 17.1314 1.19377 2.15418 0.0151484
671.306 17.0456 1.15525 2.15284 0.0147314
672.051 16.9546 1.11709 2.15141 0.0143207
672.796 16.8805 1.12265 2.1503 0.0145513
673.542 16.8118 1.14008 2.1493 0.01496
674.287 16.7719 1.13675 2.1487 0.0149933
675.032 16.7479 1.12214 2.14833 0.0148192
675.778 16.7279 1.12092 2.14805 0.014848
676.523 16.7119 1.13263 2.14785 0.0150737
677.268 16.6835 1.13591 2.14744 0.0151898
678.014 16.6344 1.12514 2.14667 0.015122
678.759 16.5743 1.11278 2.14572 0.0150485
679.504 16.4783 1.09517 2.14418 0.0149554
680.25 16.3929 1.07848 2.14279 0.0148548
680.995 16.3811 1.0657 2.14261 0.0146787
681.74 16.3693 1.053 2.14242 0.0145032
682.486 16.358 1.05794 2.14228 0.0146155
683.231 16.3468 1.06343 2.14214 0.0147368
683.976 16.2915 1.01899 2.14118 0.0141168
684.722 16.2278 0.966149 2.14006 0.0133633
685.467 16.1799 0.955199 2.13928 0.0132735
686.212 16.1389 0.961577 2.13863 0.0134615
686.958 16.076 0.971912 2.13762 0.0137563
687.703 15.9973 0.984812 2.13634 0.0141267
688.448 15.9357 0.989984 2.13533 0.0143379
689.194 15.8954 0.985749 2.13466 0.0143496
689.939 15.865 0.982312 2.13416 0.0143566
690.684 15.8571 0.980693 2.13405 0.014353
691.43 15.8392 0.97738 2.13377 0.0143387
692.175 15.7707 0.965608 2.13259 0.0142704
692.92 15.704 0.953678 2.13143 0.0141943
693.666 15.6583 0.929047 2.13061 0.0138537
694.411 15.613 0.904951 2.12979 0.0135178
695.156 15.5762 0.887278 2.12914 0.0132779
695.902 15.5406 0.870579 2.1285 0.0130511
696.647 15.5255 0.860227 2.12824 0.0129012
697.392 15.5166 0.85182 2.1281 0.0127749
698.138 15.5079 0.835085 2.12794 0.0124982
698.883 15.4994 0.813533 2.12779 0.0121338
699.628 15.4629 0.816241 2.12716 0.0122518
700.374 15.3988 0.842656 2.12607 0.0128478
701.119 15.3432 0.865254 2.12513 0.013366
701.864 15.302 0.882335 2.12443 0.0137623
702.61 15.2667 0.892444 2.12383 0.0140221
703.355 15.2503 0.880588 2.12353 0.0138426
704.1 15.2374 0.871578 2.12331 0.0137086
704.846 15.256 0.88821 2.12371 0.0139906
705.591 15.2748 0.90503 2.12412 0.0142749
706.336 15.216 0.870379 2.12299 0.013752
707.082 15.1551 0.834944 2.12183 0.0132105
707.827 15.0896 0.794979 2.12056 0.0125837
708.572 15.024 0.755283 2.11928 0.0119523
709.318 14.9814 0.745434 2.11848 0.0118432
710.063 14.9489 0.748002 2.11789 0.011954
710.808 14.9461 0.761468 2.11789 0.0122246
711.554 14.9661 0.783561 2.11833 0.0126213
712.299 14.9679 0.787408 2.1184 0.0127
713.044 14.946 0.767276 2.11798 0.0123611
713.79 14.9108 0.753204 2.11731 0.0121588
714.535 14.8454 0.752643 2.11607 0.0122656
715.28 14.7803 0.75299 2.11484 0.0123904
716.026 14.7125 0.758136 2.11355 0.0126156
716.771 14.6479 0.762885 2.11231 0.0128298
717.516 14.6361 0.766584 2.11211 0.0129319
718.262 14.6242 0.770254 2.11191 0.0130337
719.007 14.6509 0.748738 2.11242 0.0125691
719.752 14.6817 0.724094 2.11301 0.0120385
720.498 14.6499 0.700474 2.11237 0.0116323
721.243 14.6001 0.67781 2.11138 0.01127
721.988 14.5515 0.658683 2.1104 0.0109723
722.734 14.5038 0.64167 2.10944 0.0107121
723.479 14.461 0.640286 2.1086 0.0107573
724.224 14.4229 0.653388 2.10788 0.0110897
724.97 14.3967 0.657489 2.10738 0.0112222
725.715 14.3895 0.647258 2.10724 0.0110325
726.46 14.3809 0.646654 2.10709 0.0110413
727.206 14.3673 0.675274 2.10688 0.011655
727.951 14.3521 0.70289 2.10664 0.0122525
728.696 14.3264 0.724162 2.10618 0.0127405
729.442 14.3006 0.745078 2.10571 0.0132236
730.187 14.2332 0.717803 2.10429 0.0127887
730.932 14.1665 0.690809 2.10288 0.0123509
731.678 14.1286 0.673735 2.10208 0.0120655
732.423 14.0958 0.658545 2.10139 0.0118085
733.168 14.078 0.649143 2.10102 0.0116469
733.914 14.0659 0.641937 2.10078 0.0115216
734.659 14.06 0.638849 2.10067 0.011473
735.404 14.0583 0.638573 2.10066 0.011477
736.15 14.0525 0.62997 2.10055 0.0113112
736.895 14.0417 0.611758 2.10032 0.0109491
737.641 14.0186 0.595201 2.09982 0.01064
738.386 13.9713 0.581996 2.09882 0.0104372
739.131 13.9271 0.577353 2.09788 0.0104115
739.876 13.8925 0.604947 2.0972 0.0110672
740.622 13.8605 0.630817 2.09658 0.011686
741.367 13.8617 0.642829 2.09665 0.0119512
742.112 13.8628 0.654864 2.09671 0.0122168
742.858 13.8655 0.654499 2.09679 0.0122111
743.603 13.8683 0.653375 2.09688 0.0121887
744.349 13.845 0.636673 2.09637 0.011873
745.094 13.8159 0.616746 2.09572 0.0114946
745.839 13.7789 0.580398 2.09488 0.0107663
746.584 13.7382 0.537411 2.09394 0.0098903
747.33 13.6991 0.528068 2.09309 0.00974744
748.075 13.6615 0.544589 2.0923 0.0101754
748.82 13.6365 0.54973 2.09178 0.010334
749.566 13.628 0.540116 2.09159 0.0101389
750.311 13.6277 0.534165 2.0916 0.010013
751.057 13.6469 0.536749 2.09205 0.0100486
751.802 13.6574 0.539495 2.09231 0.0101004
752.547 13.6251 0.542839 2.09162 0.0102295
753.293 13.5925 0.545436 2.09092 0.0103431
754.038 13.5466 0.53364 2.08989 0.0101535
754.783 13.5015 0.522164 2.08888 0.00996765
755.529 13.4761 0.510514 2.0883 0.00974682
756.274 13.4526 0.499012 2.08777 0.009525
757.019 13.4291 0.498419 2.08726 0.00955127
757.765 13.4056 0.500702 2.08675 0.00964331
758.51 13.3871 0.514107 2.08636 0.00998413
759.255 13.3709 0.53309 2.08604 0.0104511
760.001 13.3646 0.527806 2.08591 0.0103451
760.746 13.367 0.501319 2.08594 0.0097376
761.491 13.3497 0.494745 2.08556 0.00961689
762.237 13.3046 0.516795 2.08457 0.0101998
762.982 13.2635 0.526853 2.08365 0.0105026
763.727 13.232 0.50806 2.0829 0.0101177
764.473 13.201 0.492274 2.08217 0.00979944
765.218 13.1721 0.490916 2.08151 0.00981587
765.963 13.1443 0.489189 2.08087 0.00982186
766.709 13.1455 0.474313 2.0809 0.0094739
767.454 13.1465 0.459426 2.08092 0.00912582
768.199 13.1537 0.451327 2.0811 0.00892994
768.945 13.1616 0.443923 2.0813 0.00874986
769.69 13.156 0.449222 2.08119 0.00888835
770.435 13.1464 0.458132 2.081 0.00911785
771.181 13.1205 0.456413 2.0804 0.00911867
771.926 13.0862 0.44916 2.0796 0.00899906
772.671 13.0459 0.445158 2.07865 0.00896423
773.417 13.0007 0.443946 2.07758 0.0090029
774.162 12.9743 0.446795 2.07697 0.00911372
774.907 12.975 0.455727 2.07701 0.00933405
775.653 12.9755 0.45586 2.07705 0.00934205
776.398 12.9752 0.433155 2.07703 0.00879886
777.143 12.9751 0.414437 2.07702 0.00835163
777.889 12.9772 0.417447 2.07709 0.00842707
778.634 12.9791 0.420606 2.07716 0.00850628
779.379 12.9748 0.428097 2.07709 0.00869835
780.125 12.9706 0.435567 2.07701 0.00889009
780.87 12.9253 0.421929 2.07592 0.00862533
781.615 12.8769 0.406694 2.07473 0.00832239
782.361 12.8344 0.408902 2.07371 0.00843721
783.106 12.7941 0.415517 2.07274 0.00865923
783.851 12.7822 0.396463 2.07245 0.00820821
784.597 12.7843 0.364437 2.07248 0.00741718
785.342 12.7814 0.379314 2.07244 0.00779437
786.087 12.7737 0.433792 2.07234 0.00916027
786.833 12.7719 0.457511 2.07235 0.00975604
787.578 12.7798 0.438888 2.07254 0.009288
788.323 12.7789 0.425699 2.07251 0.00896748
789.069 12.7575 0.425521 2.072 0.00899754
789.814 12.731 0.425728 2.07136 0.00904447
790.559 12.6804 0.427674 2.07011 0.00916885
791.305 12.6325 0.428006 2.06893 0.00924985
792.05 12.612 0.405024 2.0684 0.00870225
792.795 12.5915 0.382464 2.06786 0.00816231
793.541 12.592 0.370837 2.06788 0.00787127
794.286 12.5939 0.35991 2.06793 0.00759632
795.031 12.6043 0.374258 2.06823 0.0079522
795.777 12.6165 0.394468 2.06858 0.00845312
796.522 12.6179 0.385905 2.06863 0.00823935
797.267 12.6145 0.364912 2.06853 0.00771692
798.013 12.5795 0.363026 2.06766 0.0077167
798.758 12.5228 0.374377 2.06624 0.00808216
799.503 12.4843 0.377127 2.06528 0.00820686
800.249 12.4661 0.370535 2.06481 0.00806504
800.994 12.4445 0.370058 2.06427 0.00808489
801.739 12.4165 0.380902 2.06358 0.00840691
802.485 12.3943 0.382239 2.06302 0.00847566
803.23 12.391 0.352032 2.06291 0.00769787
803.975 12.3894 0.325792 2.06286 0.00702042
804.721 12.4064 0.331024 2.06332 0.00714148
805.466 12.4236 0.336338 2.06379 0.00726397
806.211 12.4117 0.376498 2.06355 0.00832601
806.957 12.3989 0.416514 2.06329 0.00938854
807.702 12.3688 0.409699 2.06251 0.00925858
808.447 12.3367 0.396663 2.06167 0.00896704
809.193 12.3116 0.379067 2.061 0.00854351
809.938 12.2886 0.360331 2.06039 0.00808413
810.683 12.2714 0.357674 2.05995 0.00804029
811.429 12.2574 0.363614 2.0596 0.00822002
812.174 12.2459 0.364395 2.05932 0.00826
812.919 12.2368 0.360703 2.05908 0.0081782
813.665 12.2302 0.352748 2.05892 0.00797934
814.41 12.2273 0.338836 2.05884 0.00761701
815.155 12.2225 0.329602 2.05871 0.00738119
815.901 12.2135 0.331004 2.05849 0.00743357
816.646 12.2009 0.333474 2.05817 0.00751887
817.391 12.1732 0.340408 2.05746 0.00774249
818.137 12.1451 0.346088 2.05673 0.0079344
818.882 12.1088 0.339574 2.05576 0.00780862
819.627 12.0732 0.333241 2.0548 0.00768555
820.373 12.0563 0.338528 2.05436 0.00785447
821.118 12.0402 0.344118 2.05394 0.00803135
821.863 12.043 0.34154 2.05404 0.00796148
822.609 12.0491 0.33756 2.05421 0.00784937
823.354 12.0557 0.326933 2.05439 0.0075558
824.099 12.0624 0.313943 2.05458 0.00719826
824.845 12.0665 0.307707 2.05469 0.00702795
825.59 12.069 0.305407 2.05478 0.00696648
826.335 12.0693 0.306851 2.0548 0.00700932
827.081 12.0676 0.311697 2.05478 0.00714699
827.826 12.0529 0.315376 2.0544 0.00726821
828.571 12.0204 0.317333 2.05353 0.00736414
829.317 11.9896 0.316053 2.0527 0.00736967
830.062 11.9622 0.307795 2.05195 0.00717877
830.807 11.9368 0.298835 2.05125 0.00696462
831.553 11.9183 0.286428 2.05074 0.00664567
832.298 11.9017 0.276947 2.05028 0.00640426
833.043 11.9037 0.294422 2.05037 0.0068915
833.789 11.9054 0.311952 2.05046 0.00738019
834.534 11.9014 0.303494 2.05035 0.00715376
835.279 11.8972 0.294666 2.05024 0.00691689
836.025 11.9011 0.295142 2.05036 0.00692942
836.77 11.9062 0.296912 2.05052 0.00697656
837.515 11.8938 0.309015 2.0502 0.00733114
838.261 11.8764 0.323897 2.04975 0.00777053
839.006 11.8543 0.3256 2.04915 0.00784949
839.751 11.8302 0.320942 2.04848 0.00775303
840.497 11.8072 0.320309 2.04785 0.00776754
841.242 11.7853 0.322663 2.04725 0.00786515
841.987 11.7741 0.337399 2.04697 0.00829933
842.733 11.7751 0.366744 2.04705 0.0091308
843.478 11.7694 0.366293 2.0469 0.00912986
844.223 11.7516 0.313184 2.04634 0.00765359
844.969 11.7359 0.277154 2.04587 0.00665286
845.714 11.7292 0.287586 2.04571 0.00696045
846.459 11.7213 0.296847 2.04551 0.00723676
847.205 11.7066 0.300065 2.0451 0.00734949
847.95 11.6927 0.304432 2.04473 0.00749437
848.695 11.6926 0.329724 2.04477 0.00822085
849.441 11.692 0.355049 2.0448 0.0089487
850.186 11.6666 0.343897 2.04407 0.00866832
850.931 11.6404 0.331372 2.04332 0.00834751
851.677 11.6262 0.28659 2.04287 0.00707865
852.422 11.6128 0.237125 2.04244 0.00566835
853.167 11.6125 0.251205 2.04246 0.00607893
853.913 11.616 0.285624 2.04261 0.00707279
854.658 11.61 0.301012 2.04247 0.00752794
855.403 11.5993 0.30647 2.04218 0.00770238
856.149 11.5863 0.301709 2.04181 0.00758393
856.894 11.5715 0.289237 2.04138 0.00724311
857.639 11.5638 0.290581 2.04117 0.00729464
858.385 11.564 0.307505 2.04121 0.00778996
859.13 11.5607 0.30592 2.04113 0.00775133
859.875 11.5513 0.273368 2.04083 0.00681793
860.621 11.5415 0.255931 2.04054 0.00632339
861.366 11.5319 0.27672 2.04029 0.00694425
862.112 11.5202 0.292148 2.03998 0.00741242
862.857 11.4999 0.284854 2.03939 0.00722619
863.602 11.4814 0.278779 2.03885 0.00707256
864.347 11.4794 0.283293 2.03881 0.00721101
865.093 11.4773 0.287798 2.03877 0.00734928
865.838 11.4761 0.267539 2.03872 0.00675738
866.583 11.4747 0.247321 2.03867 0.00616666
867.329 11.4795 0.255805 2.03883 0.00641461
868.074 11.4848 0.267244 2.03902 0.00674847
868.82 11.4748 0.269097 2.03874 0.00681736
869.565 11.4615 0.268814 2.03836 0.00682713
870.31 11.4507 0.270218 2.03805 0.00688393
871.056 11.4408 0.272223 2.03778 0.00695756
871.801 11.428 0.268702 2.03741 0.00687093
872.546 11.4137 0.262188 2.03699 0.00669684
873.292 11.4004 0.25602 2.0366 0.00653114
874.037 11.3879 0.250134 2.03623 0.00637229
874.782 11.3829 0.246969 2.03609 0.00628628
875.528 11.3863 0.246833 2.0362 0.00628162
876.273 11.3861 0.249855 2.03621 0.00637491
877.018 11.3801 0.257948 2.03606 0.00662582
877.764 11.3744 0.26116 2.0359 0.00673101
878.509 11.3694 0.252988 2.03576 0.00649535
879.254 11.364 0.24597 2.0356 0.0062942
880 11.3575 0.243043 2.03542 0.00621639
880.745 11.3527 0.239255 2.03528 0.00611084
881.49 11.3592 0.22958 2.03547 0.00581753
882.236 11.3637 0.220848 2.03561 0.00555469
882.981 11.3332 0.231531 2.03472 0.00590768
883.726 11.3032 0.241771 2.03384 0.0062496
884.472 11.2837 0.237505 2.03326 0.00614397
885.217 11.2647 0.232875 2.03269 0.00602609
885.962 11.2586 0.223389 2.03251 0.0057473
886.708 11.254 0.213347 2.03237 0.00544968
887.453 11.253 0.208463 2.03235 0.005305
888.198 11.2529 0.204776 2.03235 0.00519589
888.944 11.258 0.203107 2.03252 0.00514338
889.689 11.265 0.202165 2.03274 0.00511126
890.434 11.2611 0.206767 2.03264 0.0052571
891.18 11.2517 0.214198 2.03237 0.00549435
891.925 11.2383 0.214159 2.03198 0.0055086
892.67 11.2222 0.208858 2.03149 0.00536485
893.416 11.2056 0.208858 2.031 0.005383
894.161 11.1885 0.213854 2.03049 0.00555481
894.906 11.1715 0.21712 2.02998 0.00567417
895.652 11.1545 0.218222 2.02947 0.00572736
896.397 11.1414 0.223885 2.02909 0.0059176
897.142 11.1349 0.237603 2.02891 0.00635038
897.888 11.133 0.242235 2.02887 0.00649812
898.633 11.1424 0.224694 2.02915 0.00594956
899.378 11.1497 0.215529 2.02938 0.00566238
900.124 11.1499 0.23676 2.02942 0.0063191
900.869 11.1498 0.250766 2.02944 0.00675355
901.614 11.1487 0.224104 2.02939 0.00593552
902.36 11.1467 0.1994 2.02932 0.00517833
903.105 11.1385 0.195377 2.02907 0.00506404
903.85 11.1303 0.191444 2.02882 0.00495239
904.596 11.1121 0.190338 2.02827 0.0049365
905.341 11.0942 0.189245 2.02773 0.00492068
906.086 11.0851 0.18651 2.02745 0.004846
906.832 11.0765 0.183721 2.0272 0.00476903
907.577 11.0579 0.187802 2.02663 0.00491473
908.322 11.0383 0.192605 2.02603 0.00508463
909.068 11.0343 0.19168 2.02592 0.00506173
909.813 11.0336 0.189564 2.0259 0.00499857
910.558 11.0331 0.181941 2.02589 0.00476257
911.304 11.0327 0.17262 2.02588 0.00447329
912.049 11.0321 0.18212 2.02588 0.00477396
912.794 11.0313 0.199546 2.02588 0.00532336
913.54 11.0292 0.206198 2.02583 0.00553637
914.285 11.0264 0.206908 2.02576 0.00556373
915.03 11.0213 0.201455 2.0256 0.00539987
915.776 11.0146 0.191739 2.02539 0.00510327
916.521 11.0031 0.187258 2.02504 0.00497488
917.266 10.9875 0.18734 2.02456 0.00499346
918.012 10.9711 0.190808 2.02405 0.00511991
918.757 10.9537 0.197881 2.02352 0.00536201
919.502 10.9402 0.204973 2.02311 0.00560205
920.248 10.9321 0.212235 2.02287 0.00584311
920.993 10.9209 0.21317 2.02252 0.00588635
921.738 10.9047 0.203573 2.02201 0.00559872
922.484 10.8945 0.203507 2.02169 0.00560884
923.229 10.8963 0.223519 2.02178 0.00624864
923.974 10.8995 0.231632 2.0219 0.00650673
924.72 10.9064 0.207015 2.02211 0.00571624
925.465 10.9103 0.183576 2.02222 0.00496734
926.21 10.9046 0.165112 2.02203 0.0043853
926.956 10.8991 0.148668 2.02186 0.00386652
927.701 10.8962 0.141119 2.02177 0.00362958
928.446 10.8917 0.137887 2.02163 0.00353156
929.192 10.8764 0.163465 2.02117 0.00436392
929.937 10.8613 0.186483 2.02072 0.00511725
930.682 10.8532 0.187665 2.02047 0.00516472
931.428 10.8453 0.188047 2.02022 0.0051864
932.173 10.8398 0.170665 2.02004 0.00463367
932.918 10.834 0.153469 2.01985 0.00408614
933.664 10.8211 0.166582 2.01946 0.00452159
934.409 10.8082 0.179441 2.01906 0.00495034
935.154 10.7897 0.169045 2.01846 0.00463135
935.9 10.7712 0.15803 2.01786 0.0042905
936.645 10.7693 0.161876 2.01781 0.00441933
937.39 10.7686 0.166933 2.0178 0.00458658
938.136 10.7841 0.168582 2.01832 0.00462966
938.881 10.8017 0.169817 2.0189 0.0046573
939.626 10.8101 0.181893 2.01919 0.00504329
940.372 10.8167 0.195986 2.01943 0.00549522
941.117 10.7944 0.188589 2.01871 0.00527849
941.862 10.7664 0.176871 2.0178 0.00492479
942.608 10.7549 0.168144 2.01743 0.00465225
943.353 10.7478 0.160226 2.0172 0.0044017
944.098 10.7357 0.18856 2.01683 0.00533993
944.844 10.7209 0.227761 2.0164 0.00664002
945.589 10.7283 0.202566 2.01662 0.00580944
946.334 10.7425 0.152724 2.01706 0.00416914
947.08 10.7349 0.148506 2.01681 0.00403898
947.825 10.7186 0.163567 2.0163 0.00454689
948.57 10.7083 0.173294 2.01598 0.00487661
949.316 10.701 0.180533 2.01576 0.00512284
950.061 10.6984 0.194734 2.01569 0.00559414
950.806 10.6979 0.212664 2.0157 0.00618605
951.552 10.6927 0.19885 2.01553 0.00573911
952.297 10.6841 0.16695 2.01522 0.00469859
953.042 10.6734 0.180389 2.01489 0.00515291
953.788 10.6607 0.221748 2.01452 0.00653333
954.533 10.6662 0.195976 2.01469 0.00567824
955.278 10.6815 0.12329 2.01514 0.00326943
956.024 10.6667 0.114474 2.01466 0.00298937
956.769 10.632 0.151488 2.01354 0.00424075
957.514 10.6187 0.159067 2.01312 0.00450498
958.26 10.6221 0.144874 2.01323 0.00403232
959.005 10.6269 0.13333 2.01339 0.00364717
959.75 10.6328 0.123928 2.01359 0.0033329
960.496 10.6286 0.148735 2.01347 0.00416167
961.241 10.6138 0.202069 2.01304 0.00594995
961.986 10.6131 0.224439 2.01305 0.00669715
962.732 10.6264 0.219969 2.01349 0.00653583
963.477 10.6305 0.215038 2.01363 0.00636962
964.222 10.6261 0.209791 2.01349 0.00620189
964.968 10.6275 0.191933 2.01353 0.00560923
965.713 10.6336 0.162033 2.01371 0.00461273
966.458 10.6258 0.155513 2.01346 0.00440425
967.204 10.6054 0.170987 2.0128 0.00493797
967.949 10.5806 0.18567 2.01199 0.00545239
968.694 10.5518 0.199422 2.01105 0.00594316
969.44 10.5426 0.19709 2.01075 0.00587586
970.185 10.5517 0.179677 2.01105 0.00528386
970.93 10.5392 0.171658 2.01063 0.00502733
971.676 10.507 0.172638 2.00955 0.00509059
972.421 10.4888 0.165655 2.00894 0.00487183
973.166 10.4831 0.151438 2.00874 0.00439624
973.912 10.4832 0.14586 2.00875 0.00420878
974.657 10.4886 0.148057 2.00894 0.00428095
975.402 10.4934 0.149004 2.00911 0.00431115
976.148 10.4977 0.148837 2.00927 0.00430397
976.893 10.4973 0.14853 2.00926 0.00429571
977.638 10.4929 0.148109 2.00912 0.00428661
978.384 10.4909 0.14499 2.00906 0.00418423
979.129 10.4908 0.139702 2.00906 0.00400682
979.874 10.4938 0.140304 2.00917 0.00402677
980.62 10.4992 0.145412 2.00937 0.00419757
981.365 10.4803 0.151012 2.00874 0.00440369
982.11 10.4452 0.156595 2.00756 0.00462361
982.856 10.4255 0.163421 2.0069 0.00487501
983.601 10.4157 0.171142 2.00658 0.0051497
984.346 10.3998 0.16818 2.00604 0.00506394
985.092 10.3805 0.159094 2.00537 0.00476984
985.837 10.3743 0.144229 2.00516 0.00426433
986.583 10.3749 0.126094 2.00517 0.00364045
987.328 10.3745 0.127116 2.00517 0.00367763
988.073 10.3736 0.137472 2.00515 0.00403702
988.818 10.3794 0.151465 2.00537 0.0045165
989.564 10.3881 0.16725 2.00569 0.00505441
990.309 10.3942 0.180123 2.00592 0.00549323
991.055 10.3993 0.191956 2.00612 0.00589656
991.8 10.3985 0.180574 2.00609 0.00550804
992.545 10.3957 0.161967 2.00598 0.00487293
993.291 10.3967 0.161114 2.00602 0.0048444
994.036 10.3989 0.164842 2.00611 0.00497235
994.781 10.3995 0.162618 2.00614 0.00489708
995.527 10.3998 0.159181 2.00615 0.00478038
996.272 10.3949 0.151768 2.00598 0.00453134
997.017 10.3891 0.143839 2.00578 0.00426479
997.763 10.3738 0.135432 2.00526 0.00398807
998.508 10.3579 0.127198 2.00471 0.0037166
999.253 10.366 0.169077 2.00503 0.00515865
999.999 10.3736 0.214185 2.00535 0.00670893
