255.408 1.09869 1.49563 1.22653 0.461672
256.154 1.13896 1.5264 1.24249 0.459573
256.899 1.17921 1.55598 1.25778 0.457141
257.644 1.15003 1.53121 1.24553 0.458077
258.39 1.11036 1.49706 1.22853 0.459101
259.135 1.13763 1.55314 1.24713 0.465678
259.88 1.1915 1.63836 1.27767 0.471867
260.626 1.21159 1.64996 1.28413 0.469746
261.371 1.20888 1.61553 1.27566 0.463173
262.116 1.21743 1.59733 1.2732 0.457439
262.862 1.23779 1.597 1.27716 0.452945
263.607 1.25153 1.59605 1.27959 0.44979
264.353 1.25291 1.59399 1.27918 0.449049
265.098 1.25812 1.59826 1.28092 0.448828
265.843 1.27774 1.62586 1.29055 0.450379
266.589 1.29492 1.64764 1.29836 0.451175
267.334 1.2808 1.60736 1.28678 0.445926
268.079 1.26746 1.56663 1.27526 0.44016
268.825 1.2882 1.64674 1.29604 0.452408
269.57 1.31454 1.73245 1.31902 0.463633
270.315 1.32975 1.69663 1.31415 0.453588
271.061 1.34339 1.6346 1.30386 0.438611
271.806 1.35413 1.61214 1.30126 0.43196
272.551 1.36303 1.60765 1.30193 0.4293
273.297 1.3788 1.6098 1.30529 0.426642
274.042 1.40008 1.61719 1.31074 0.423984
274.787 1.40895 1.62483 1.31375 0.4238
275.533 1.4007 1.63311 1.3135 0.427058
276.278 1.39822 1.62825 1.31184 0.426608
277.023 1.41057 1.59075 1.30686 0.416792
277.769 1.42519 1.56565 1.30486 0.408998
278.514 1.45037 1.60591 1.3172 0.41235
279.259 1.47578 1.64392 1.32901 0.415014
280.005 1.47437 1.61241 1.32269 0.409236
280.75 1.47345 1.58095 1.31653 0.403268
281.495 1.47208 1.54663 1.30983 0.396697
282.241 1.47118 1.51198 1.30326 0.389851
282.986 1.47851 1.5127 1.3047 0.388732
283.731 1.48847 1.52486 1.30869 0.389481
284.477 1.49129 1.50295 1.30524 0.384559
285.222 1.49045 1.46034 1.29752 0.375929
285.967 1.49952 1.44473 1.29659 0.371151
286.713 1.5183 1.45726 1.30245 0.370627
287.458 1.53086 1.46219 1.30571 0.369576
288.203 1.53208 1.45363 1.30436 0.367645
288.949 1.53503 1.44193 1.30288 0.364772
289.694 1.54416 1.41925 1.30091 0.358593
290.439 1.55392 1.39849 1.29945 0.352709
291.185 1.56866 1.39576 1.30196 0.349829
291.93 1.5833 1.39303 1.30444 0.346995
292.675 1.57764 1.34061 1.29499 0.336858
293.421 1.57253 1.28566 1.28545 0.325808
294.166 1.56908 1.26715 1.28183 0.322297
294.911 1.56584 1.25668 1.27945 0.3205
295.657 1.56587 1.23075 1.27556 0.314761
296.402 1.56785 1.1978 1.27118 0.307109
297.147 1.57512 1.16875 1.26866 0.299539
297.893 1.58657 1.14304 1.26766 0.292148
298.638 1.58687 1.12245 1.26487 0.28742
299.383 1.57129 1.10848 1.25931 0.286289
300.129 1.55594 1.08815 1.25294 0.283591
300.874 1.54162 1.05188 1.24472 0.276874
301.619 1.52881 1.01737 1.23713 0.27021
302.365 1.52135 0.995446 1.23247 0.265815
303.11 1.51405 0.973161 1.22783 0.261244
303.855 1.50266 0.935284 1.22031 0.25319
304.601 1.49199 0.89703 1.21303 0.244772
305.346 1.46237 0.869581 1.20216 0.241136
306.091 1.42997 0.842782 1.19051 0.237809
306.837 1.39933 0.801481 1.17757 0.230163
307.582 1.36998 0.7542 1.16429 0.220357
308.327 1.34098 0.736178 1.15417 0.218392
309.073 1.31146 0.737481 1.14585 0.221929
309.818 1.28422 0.717783 1.1358 0.219163
310.563 1.26042 0.674159 1.12416 0.208807
311.309 1.23622 0.640995 1.11351 0.201294
312.054 1.20985 0.629461 1.10428 0.200387
312.799 1.17891 0.616187 1.09334 0.199333
313.545 1.13075 0.596749 1.07613 0.197932
314.29 1.08249 0.575739 1.05834 0.195845
315.035 1.0446 0.546271 1.04281 0.189678
315.781 1.00647 0.515685 1.02689 0.182806
316.526 0.966099 0.489119 1.01031 0.177187
317.271 0.925163 0.461844 0.993201 0.171026
318.017 0.875649 0.435311 0.972668 0.165507
318.762 0.823256 0.407925 0.950492 0.159481
319.507 0.769407 0.388288 0.927821 0.156173
320.253 0.714083 0.372303 0.90421 0.154161
320.998 0.661442 0.356618 0.881061 0.151814
321.743 0.611217 0.34121 0.858332 0.149146
322.489 0.561074 0.326538 0.83508 0.146547
323.234 0.511615 0.313468 0.811629 0.144382
323.979 0.461226 0.301145 0.787147 0.142422
324.725 0.410012 0.292141 0.761812 0.141933
325.47 0.357555 0.283212 0.735101 0.141446
326.215 0.303073 0.277423 0.706747 0.142616
326.961 0.247313 0.271329 0.676751 0.143685
327.706 0.191246 0.271754 0.646089 0.148373
328.451 0.133834 0.272222 0.613602 0.153405
329.197 0.0805387 0.27638 0.582754 0.160507
329.942 0.0269851 0.281321 0.550817 0.168481
330.687 -0.0264811 0.287398 0.518001 0.177594
331.433 -0.0806281 0.29408 0.483724 0.187684
332.178 -0.133373 0.305258 0.449796 0.201251
332.923 -0.185337 0.319923 0.415838 0.217971
333.669 -0.236832 0.334588 0.381264 0.235619
334.414 -0.287474 0.349093 0.346343 0.25406
335.159 -0.336504 0.36405 0.311797 0.273649
335.905 -0.380725 0.379301 0.280247 0.293668
336.65 -0.424409 0.39438 0.248431 0.314474
337.395 -0.463015 0.40678 0.219591 0.332965
338.141 -0.50222 0.419554 0.189786 0.352755
338.886 -0.542908 0.433034 0.158303 0.374458
339.631 -0.584206 0.446926 0.125786 0.397743
340.377 -0.62916 0.461404 0.0894581 0.423806
341.122 -0.675158 0.47639 0.0515351 0.452085
341.867 -0.717955 0.489646 0.0153157 0.479108
342.613 -0.760253 0.502661 -0.0212298 0.507084
343.358 -0.794965 0.511242 -0.0525125 0.528917
344.103 -0.825446 0.517277 -0.081021 0.547239
344.849 -0.862151 0.523023 -0.116781 0.568598
345.594 -0.905229 0.528516 -0.16047 0.593511
346.339 -0.950057 0.536297 -0.206283 0.623129
347.085 -0.997426 0.548022 -0.2543 0.660279
347.83 -1.0458 0.560291 -0.304469 0.700823
348.575 -1.09568 0.57337 -0.357319 0.745722
349.321 -1.14569 0.585101 -0.412598 0.791776
350.066 -1.18978 0.57975 -0.473388 0.81381
350.811 -1.23463 0.574278 -0.537724 0.837106
351.557 -1.2775 0.587039 -0.588236 0.886246
352.302 -1.32082 0.600985 -0.639529 0.940266
353.047 -1.37487 0.606879 -0.715345 0.994444
353.793 -1.43206 0.611387 -0.800919 1.05314
354.538 -1.49799 0.62415 -0.897333 1.1394
355.283 -1.56853 0.641425 -1.00179 1.24745
356.029 -1.62859 0.655559 -1.0953 1.34742
356.774 -1.68011 0.666938 -1.17953 1.43916
357.519 -1.72944 0.67473 -1.26789 1.52768
358.265 -1.77551 0.677201 -1.36186 1.60633
359.01 -1.82295 0.681733 -1.46017 1.69845
359.755 -1.87312 0.691154 -1.56039 1.816
360.501 -1.92669 0.703844 -1.6659 1.96109
361.246 -1.99758 0.733784 -1.77525 2.21349
361.991 -2.06917 0.764432 -1.87366 2.5053
362.737 -2.14383 0.795329 -1.96045 2.84935
363.482 -2.21951 0.826861 -2.01664 3.24612
364.227 -2.28134 0.849084 -2.0471 3.59808
364.973 -2.34197 0.870271 -2.04635 3.97469
365.718 -2.39917 0.878305 -2.08537 4.34152
366.463 -2.45563 0.881654 -2.12807 4.73611
367.209 -2.5094 0.899758 -2.01769 5.15666
367.954 -2.56165 0.927735 -1.7659 5.5698
368.699 -2.62631 0.954912 -1.42531 6.06999
369.445 -2.70523 0.981186 -0.93124 6.65896
370.19 -2.78708 1.00808 -0.264187 7.18601
370.935 -2.87325 1.03568 0.579161 7.59072
371.681 -2.95662 1.06286 1.48471 7.77738
372.426 -3.02301 1.08622 2.21809 7.75095
373.171 -3.08908 1.10892 2.90916 7.60139
373.917 -3.13614 1.1162 3.36509 7.51293
374.662 -3.18379 1.12352 3.80506 7.37095
375.407 -3.2447 1.13622 4.31629 7.09286
376.153 -3.30747 1.14947 4.77101 6.74722
376.898 -3.39739 1.18315 5.21947 6.09987
377.643 -3.49604 1.22319 5.51232 5.3985
378.389 -3.60088 1.26686 5.66108 4.72347
379.134 -3.71031 1.31339 5.69699 4.11361
379.879 -3.80472 1.35639 5.65611 3.6624
380.625 -3.88499 1.39589 5.58513 3.32988
381.37 -3.96371 1.43026 5.5181 3.04852
382.116 -4.0392 1.45567 5.46756 2.81322
382.861 -4.10886 1.47614 5.42129 2.61871
383.606 -4.15888 1.48091 5.40906 2.4923
384.352 -4.21478 1.49023 5.38036 2.35848
385.097 -4.30969 1.53292 5.26605 2.15257
385.842 -4.40653 1.57707 5.15273 1.971
386.587 -4.53741 1.62521 5.02793 1.75754
387.333 -4.6724 1.67546 4.9041 1.57288
388.078 -4.79937 1.73817 4.77514 1.43156
388.824 -4.92741 1.80549 4.65241 1.31138
389.569 -5.05182 1.85945 4.55521 1.20714
390.314 -5.17663 1.90898 4.46893 1.11444
391.06 -5.27619 1.94132 4.41 1.04708
391.805 -5.35713 1.96067 4.36919 0.995391
392.55 -5.44111 1.99159 4.32058 0.949057
393.296 -5.52852 2.03736 4.26361 0.908575
394.041 -5.62215 2.08873 4.20492 0.869128
394.786 -5.72807 2.1514 4.14047 0.82909
395.532 -5.84566 2.2143 4.07765 0.78664
396.277 -6.01209 2.27051 4.01088 0.724329
397.022 -6.18292 2.33075 3.94626 0.668717
397.768 -6.33848 2.42952 3.87577 0.633287
398.513 -6.49782 2.53317 3.80948 0.600936
399.258 -6.64099 2.59865 3.76351 0.569866
400.004 -6.78565 2.66218 3.72087 0.540802
400.749 -6.90288 2.72502 3.68544 0.521277
401.494 -7.01308 2.78893 3.65279 0.504945
402.24 -7.11347 2.85285 3.6233 0.491885
402.985 -7.20863 2.91743 3.59584 0.480744
403.73 -7.33774 2.97807 3.5662 0.462354
404.476 -7.50275 3.03496 3.53443 0.437657
405.221 -7.67639 3.11256 3.49961 0.415883
405.966 -7.86178 3.22656 3.45964 0.397916
406.712 -8.0617 3.3557 3.41896 0.380588
407.457 -8.29935 3.52451 3.37261 0.362802
408.202 -8.53911 3.69682 3.33003 0.346444
408.948 -8.7378 3.80975 3.30139 0.331871
409.693 -8.94212 3.928 3.27367 0.318119
410.438 -9.13563 4.06263 3.24682 0.307549
411.184 -9.33324 4.20405 3.22085 0.297605
411.929 -9.49215 4.33538 3.19971 0.291231
412.674 -9.64468 4.46826 3.17996 0.285714
413.42 -9.81061 4.58023 3.16239 0.27818
414.165 -9.98504 4.68466 3.14592 0.269974
414.91 -10.2001 4.83766 3.12478 0.261285
415.656 -10.45 5.03501 3.10043 0.252417
416.401 -10.7248 5.23883 3.07654 0.242649
417.146 -11.0338 5.44842 3.05297 0.23164
417.892 -11.3503 5.69966 3.02868 0.222335
418.637 -11.6662 6.04027 3.00181 0.216111
419.382 -11.9825 6.39158 2.97686 0.210159
420.128 -12.272 6.6862 2.95722 0.204245
420.873 -12.567 6.99825 2.93824 0.198621
421.618 -12.8171 7.28203 2.9226 0.194432
422.364 -13.0712 7.58097 2.90735 0.190391
423.109 -13.3358 7.80874 2.89548 0.184983
423.854 -13.6083 8.03591 2.88421 0.179562
424.6 -13.8485 8.3424 2.87145 0.176451
425.345 -14.0772 8.68724 2.85842 0.174123
426.09 -14.3977 9.08418 2.84377 0.169573
426.836 -14.7829 9.53043 2.82832 0.163831
427.581 -15.1586 10.039 2.81268 0.159041
428.326 -15.5171 10.6182 2.79686 0.155186
429.072 -15.9083 11.2739 2.7806 0.150959
429.817 -16.3615 12.0522 2.7632 0.145966
430.562 -16.7848 12.8909 2.74664 0.141668
431.308 -17.0924 13.757 2.73156 0.13918
432.053 -17.3685 14.6668 2.71725 0.13685
432.798 -17.5449 15.3825 2.70702 0.135437
433.544 -17.7005 16.1346 2.697 0.134052
434.289 -18.0488 16.8956 2.68762 0.129995
435.034 -18.4055 17.707 2.67843 0.125914
435.78 -18.6281 18.5889 2.66915 0.123319
436.525 -18.7945 19.5254 2.65999 0.121113
437.27 -18.938 20.5362 2.65082 0.11884
438.016 -19.0456 21.6152 2.64174 0.116573
438.761 -19.0659 22.9299 2.63136 0.114316
439.506 -18.9582 24.4748 2.62001 0.112086
440.252 -18.7234 26.1299 2.60877 0.10988
440.997 -18.3308 27.9042 2.59755 0.107673
441.742 -17.7653 29.7583 2.58658 0.105466
442.488 -17.013 31.6984 2.57581 0.103137
443.233 -16.0228 33.6676 2.56531 0.100907
443.978 -14.7661 35.6115 2.55511 0.0988482
444.724 -13.2385 37.5027 2.54516 0.0968622
445.469 -12.0914 38.6548 2.53898 0.0958394
446.214 -10.8299 39.7477 2.53289 0.0948365
446.96 -9.41395 41.1881 2.52616 0.0924766
447.705 -7.80546 42.6186 2.51943 0.0899796
448.45 -5.8368 43.9353 2.51227 0.0877027
449.196 -3.61495 45.0704 2.50504 0.0855469
449.941 -1.15441 45.7108 2.49773 0.0842752
450.686 1.40698 45.8939 2.49042 0.0835711
451.432 4.11074 45.8715 2.48286 0.0825483
452.177 6.95244 45.6042 2.47502 0.0811797
452.922 9.79013 44.9956 2.46711 0.0797361
453.668 12.6438 44.0318 2.45893 0.0781117
454.413 15.1816 42.7598 2.45116 0.0766854
455.158 17.1129 41.3465 2.44446 0.0758832
455.904 18.8217 39.8007 2.43786 0.0751144
456.649 20.3049 38.02 2.43097 0.0746093
457.394 21.5426 36.2117 2.42421 0.0741095
458.14 22.7663 34.8348 2.41867 0.0724321
458.885 23.8479 33.4428 2.41331 0.0707093
459.63 24.8101 32.2412 2.40875 0.0687607
460.376 25.6675 31.0627 2.40443 0.0667883
461.121 26.1362 29.5351 2.39906 0.0659653
461.866 26.3398 27.9137 2.39321 0.0657159
462.612 26.4848 26.6012 2.38834 0.065315
463.357 26.6065 25.5349 2.38431 0.0647851
464.102 26.7516 24.2544 2.3793 0.063799
464.848 26.902 22.6552 2.37278 0.062135
465.593 26.8998 21.2456 2.36677 0.0607999
466.338 26.7358 20.1836 2.36194 0.0602808
467.084 26.5504 19.1902 2.35722 0.0597183
467.829 26.421 18.2783 2.35285 0.058802
468.574 26.2619 17.4151 2.34854 0.0579055
469.32 25.9396 16.352 2.34268 0.0570722
470.065 25.592 15.3695 2.33692 0.0562604
470.81 25.1876 14.574 2.33171 0.0560523
471.556 24.7784 13.8556 2.32667 0.05594
472.301 24.4523 13.1983 2.32206 0.0554266
473.046 24.1535 12.5862 2.31766 0.0547714
473.792 23.8963 12.0497 2.31374 0.0540526
474.537 23.6667 11.5675 2.31015 0.0532943
475.282 23.4084 11.0914 2.30637 0.0526061
476.028 23.1192 10.6206 2.30235 0.0519975
476.773 22.8017 10.1637 2.29814 0.0515018
477.518 22.4273 9.70889 2.29346 0.0512272
478.264 22.0796 9.28213 2.28894 0.0508399
479.009 21.8076 8.87006 2.28487 0.0499615
479.754 21.5409 8.48439 2.28088 0.0491018
480.5 21.3287 8.16006 2.27758 0.048234
481.245 21.1176 7.85136 2.27431 0.0473836
481.99 20.8001 7.56957 2.2703 0.0473109
482.736 20.484 7.30519 2.26628 0.0473026
483.481 20.1784 7.00937 2.26201 0.0468886
484.226 19.8818 6.71937 2.25774 0.0463727
484.972 19.6442 6.49403 2.2543 0.0459841
485.717 19.4391 6.30423 2.25132 0.0456641
486.462 19.2421 6.09483 2.24824 0.0450474
487.208 19.0516 5.86952 2.24505 0.0441627
487.953 18.8397 5.66623 2.24172 0.0435717
488.698 18.5952 5.49112 2.23815 0.0434334
489.444 18.3762 5.32676 2.23484 0.0431999
490.189 18.2158 5.17534 2.23222 0.0426825
490.934 18.0486 5.02751 2.22949 0.0422083
491.68 17.8126 4.86857 2.22581 0.0420108
492.425 17.5842 4.71776 2.22218 0.0418146
493.17 17.3904 4.56071 2.21886 0.0412602
493.916 17.2019 4.41089 2.21559 0.0407094
494.661 17.0288 4.28016 2.2126 0.0402594
495.406 16.8618 4.15722 2.20967 0.0398336
496.152 16.6817 4.00541 2.20632 0.0390467
496.897 16.499 3.8478 2.20283 0.0381311
497.642 16.3192 3.73787 2.19963 0.0378353
498.388 16.1438 3.66102 2.19664 0.0379769
499.133 15.981 3.59679 2.19388 0.0382118
499.878 15.832 3.5466 2.19138 0.0385634
500.624 15.6973 3.47622 2.18892 0.0384891
501.369 15.5877 3.36096 2.18652 0.0374928
502.115 15.4707 3.25279 2.18403 0.0366207
502.86 15.3164 3.16235 2.18099 0.036257
503.605 15.1689 3.07638 2.17804 0.0358922
504.35 15.087 3.00746 2.17631 0.0353564
505.096 15.0059 2.94041 2.17459 0.034828
505.841 14.863 2.87506 2.17175 0.0347217
506.587 14.7177 2.81219 2.16883 0.0346571
507.332 14.5981 2.75625 2.16638 0.0345306
508.077 14.4875 2.70345 2.16409 0.0343872
508.823 14.3756 2.63869 2.16167 0.0340063
509.568 14.264 2.56871 2.15918 0.0334987
510.313 14.152 2.51059 2.15672 0.0332032
511.059 14.0399 2.46337 2.1543 0.0331086
511.804 13.9184 2.39977 2.15155 0.032727
512.549 13.7797 2.30948 2.14821 0.0318746
513.294 13.6556 2.23821 2.14526 0.0312847
514.04 13.5694 2.21588 2.1434 0.0314729
514.785 13.4808 2.19286 2.14146 0.0316582
515.531 13.3604 2.16071 2.13874 0.0318514
516.276 13.2433 2.12947 2.13605 0.0320368
517.021 13.1877 2.0775 2.13457 0.0313286
517.767 13.1343 2.02606 2.13315 0.0306014
518.512 13.0541 1.956 2.13097 0.0296017
519.257 12.9694 1.88461 2.12867 0.0285676
520.003 12.9033 1.85531 2.12705 0.028386
520.748 12.8455 1.84339 2.12572 0.0285601
521.493 12.7613 1.84267 2.12382 0.0291745
522.239 12.6583 1.84966 2.12149 0.0301084
522.984 12.576 1.83653 2.1195 0.0304198
523.729 12.5189 1.79866 2.11795 0.0299435
524.475 12.4574 1.75841 2.11627 0.0294236
525.22 12.385 1.71172 2.11425 0.0287956
525.965 12.3093 1.66739 2.11214 0.0282308
526.711 12.2131 1.62904 2.10952 0.0279361
527.456 12.1201 1.59252 2.10695 0.0276517
528.201 12.0592 1.5702 2.10531 0.027528
528.947 11.9993 1.5484 2.10367 0.0274054
529.692 11.926 1.50355 2.10152 0.0267319
530.437 11.8522 1.45758 2.09932 0.0260094
531.183 11.7669 1.44808 2.097 0.0263586
531.928 11.6795 1.44919 2.09467 0.0270228
532.673 11.6159 1.43297 2.09287 0.027046
533.419 11.5661 1.40718 2.09139 0.0267007
534.164 11.5053 1.37252 2.08953 0.0261579
534.909 11.4339 1.32948 2.08728 0.0254212
535.655 11.373 1.29888 2.0854 0.0249677
536.4 11.3294 1.28828 2.08415 0.0249942
537.145 11.2825 1.27738 2.08279 0.0250291
537.891 11.2237 1.26511 2.08104 0.0250945
538.636 11.1667 1.25275 2.07934 0.0251426
539.381 11.1186 1.23747 2.07787 0.0250422
540.127 11.0712 1.2225 2.07642 0.0249425
540.872 11.0225 1.21522 2.07497 0.0250867
541.617 10.9745 1.20833 2.07352 0.0252385
542.363 10.9437 1.17928 2.07248 0.0245785
543.108 10.9165 1.14598 2.07151 0.0237525
543.853 10.8609 1.12209 2.0697 0.0233893
544.599 10.7937 1.10279 2.06751 0.0232345
545.344 10.741 1.0903 2.06582 0.0232079
546.089 10.6996 1.08302 2.06452 0.0232816
546.835 10.6551 1.07194 2.06309 0.0232462
547.58 10.6062 1.05579 2.06147 0.0230641
548.325 10.5527 1.04256 2.05969 0.0230028
549.071 10.4867 1.0358 2.05751 0.0232327
549.816 10.4247 1.02716 2.05544 0.0233733
550.561 10.3781 1.0081 2.05382 0.0230575
551.307 10.3323 0.989405 2.05221 0.022742
552.052 10.2963 0.964809 2.0509 0.0221543
552.797 10.2606 0.940781 2.0496 0.0215756
553.543 10.2166 0.926215 2.04805 0.0213723
554.288 10.1722 0.913153 2.04649 0.0212202
555.033 10.1289 0.912409 2.04502 0.0215005
555.779 10.0866 0.91555 2.0436 0.0219185
556.524 10.0463 0.902232 2.04215 0.0217252
557.269 10.0076 0.879157 2.04069 0.0211597
558.015 9.96959 0.870096 2.03933 0.0210994
558.76 9.93236 0.87556 2.03807 0.0215726
559.505 9.89929 0.872405 2.03691 0.0217022
560.251 9.87348 0.853526 2.03592 0.0211977
560.996 9.84697 0.835927 2.03491 0.0207397
561.741 9.81747 0.822122 2.03381 0.0204371
562.487 9.78838 0.809447 2.03272 0.0201708
563.232 9.76073 0.807304 2.03174 0.020296
563.977 9.73339 0.805159 2.03076 0.0204193
564.723 9.69172 0.805287 2.02924 0.0207118
565.468 9.64984 0.80543 2.0277 0.0210076
566.213 9.61794 0.792164 2.02646 0.0207215
566.959 9.58859 0.776035 2.0253 0.0203034
567.704 9.56132 0.764261 2.02425 0.0200406
568.449 9.53518 0.754633 2.02324 0.019853
569.195 9.50403 0.742531 2.02201 0.0195913
569.94 9.46881 0.728475 2.02061 0.019269
570.685 9.43119 0.711712 2.01908 0.0188444
571.431 9.38991 0.691018 2.01737 0.0182717
572.176 9.35287 0.680683 2.01589 0.0180919
572.921 9.3259 0.696656 2.01494 0.0189399
573.667 9.29748 0.708502 2.01392 0.019631
574.412 9.25931 0.696483 2.01234 0.0193881
575.157 9.22177 0.684765 2.01079 0.0191492
575.903 9.18224 0.669187 2.00912 0.0187532
576.648 9.14337 0.654057 2.00747 0.0183653
577.393 9.12044 0.645614 2.00653 0.0181716
578.139 9.10009 0.63827 2.0057 0.0180088
578.884 9.07934 0.632279 2.00485 0.0179041
579.629 9.05856 0.626825 2.00401 0.017821
580.375 9.03067 0.624364 2.00286 0.0179035
581.12 8.99825 0.62384 2.00153 0.0180939
581.865 8.97207 0.624589 2.00046 0.0183074
582.611 8.95282 0.626822 1.99971 0.0185497
583.356 8.9327 0.628149 1.9989 0.0187575
584.101 8.9107 0.627709 1.998 0.0188979
584.847 8.88779 0.623541 1.99704 0.0188777
585.592 8.86041 0.604157 1.99579 0.0182012
586.337 8.83397 0.58576 1.99458 0.0175561
587.083 8.81901 0.575961 1.99393 0.0172323
587.828 8.80414 0.566292 1.99329 0.0169116
588.573 8.78237 0.559216 1.99234 0.0167406
589.319 8.76026 0.552461 1.99137 0.0165837
590.064 8.73494 0.547582 1.99027 0.0165263
590.809 8.70904 0.543246 1.98913 0.0164952
591.555 8.68267 0.542034 1.98798 0.0166091
592.3 8.65624 0.542402 1.98683 0.0167965
593.045 8.6323 0.543266 1.98579 0.0169949
593.791 8.61061 0.544582 1.98486 0.0172036
594.536 8.58862 0.540517 1.98388 0.0171623
595.281 8.56598 0.528098 1.98282 0.0167299
596.027 8.54062 0.517723 1.98164 0.0164031
596.772 8.50684 0.512863 1.98008 0.0163761
597.517 8.47632 0.5077 1.97867 0.0163167
598.263 8.46649 0.499605 1.97822 0.0160126
599.008 8.45668 0.49159 1.97778 0.0157106
599.753 8.43272 0.487597 1.97667 0.0156689
600.499 8.40879 0.483743 1.97556 0.0156326
601.244 8.3833 0.484202 1.97439 0.0158122
601.989 8.35782 0.485366 1.97322 0.0160269
602.735 8.33832 0.481027 1.97231 0.0159433
603.48 8.32129 0.474553 1.97151 0.0157412
604.225 8.30512 0.474361 1.97077 0.0158431
604.971 8.28959 0.478679 1.97009 0.016165
605.716 8.27195 0.474992 1.96926 0.0161013
606.461 8.25164 0.461439 1.96825 0.0155578
607.207 8.2331 0.452594 1.96734 0.0152366
607.952 8.21834 0.453868 1.96667 0.0154023
608.697 8.20541 0.452477 1.96608 0.0154256
609.443 8.20077 0.438351 1.96584 0.0147682
610.188 8.19534 0.424974 1.96557 0.0141504
610.933 8.17105 0.429516 1.96442 0.0145214
611.679 8.14708 0.433887 1.96329 0.0148845
612.424 8.1265 0.431649 1.96229 0.0148968
613.169 8.1065 0.42873 1.96131 0.0148708
613.915 8.09558 0.43215 1.96083 0.0151271
614.66 8.0874 0.437456 1.96049 0.015468
615.405 8.07306 0.431041 1.95978 0.0152353
616.151 8.05521 0.418009 1.95886 0.014675
616.896 8.03464 0.411687 1.95782 0.0144707
617.641 8.01145 0.411942 1.95668 0.014619
618.387 7.98961 0.409735 1.95558 0.0146325
619.132 7.96986 0.403331 1.95458 0.0144153
619.878 7.95358 0.39797 1.95375 0.0142352
620.623 7.94848 0.395808 1.95353 0.0141723
621.368 7.94174 0.393963 1.95322 0.0141331
622.113 7.9186 0.395113 1.95206 0.0143258
622.859 7.89578 0.396186 1.95091 0.0145137
623.604 7.87256 0.390559 1.9497 0.0143457
624.349 7.84965 0.384754 1.9485 0.0141646
625.095 7.83787 0.377073 1.94789 0.0138307
625.84 7.82851 0.369051 1.9474 0.0134659
626.586 7.81673 0.366303 1.94681 0.0133951
627.331 7.80392 0.365937 1.94617 0.0134571
628.076 7.78473 0.36364 1.94517 0.0134416
628.822 7.76058 0.359831 1.94389 0.0133642
629.567 7.74171 0.359276 1.94291 0.0134412
630.312 7.72985 0.363155 1.94233 0.0137315
631.057 7.72015 0.365452 1.94185 0.013926
631.803 7.7158 0.36386 1.94166 0.0138827
632.548 7.70976 0.361689 1.94137 0.0138147
633.294 7.6938 0.356142 1.94052 0.0136025
634.039 7.67801 0.350741 1.93967 0.013396
634.784 7.66256 0.349752 1.93886 0.013432
635.53 7.64727 0.348762 1.93805 0.013467
636.275 7.63127 0.347136 1.9372 0.0134692
637.02 7.61532 0.345434 1.93635 0.0134663
637.766 7.60438 0.340189 1.93576 0.013242
638.511 7.59518 0.333769 1.93526 0.0129426
639.256 7.5854 0.332262 1.93476 0.0129221
640.002 7.57528 0.333889 1.93424 0.0130802
640.747 7.56186 0.331755 1.93352 0.0130389
641.492 7.54482 0.325516 1.93257 0.0127782
642.238 7.53191 0.321919 1.93187 0.0126494
642.983 7.52683 0.323325 1.93163 0.0127737
643.728 7.52182 0.324425 1.9314 0.0128802
644.474 7.51705 0.324346 1.93117 0.0129182
645.219 7.51129 0.32425 1.93089 0.0129591
645.964 7.49139 0.323899 1.92979 0.0130442
646.71 7.47178 0.323522 1.92871 0.0131267
647.455 7.45537 0.319677 1.92779 0.0129945
648.2 7.43937 0.315647 1.92689 0.0128486
648.946 7.43124 0.307899 1.92643 0.0124525
649.691 7.42507 0.29926 1.92608 0.011995
650.436 7.4168 0.293427 1.92563 0.0117082
651.182 7.4075 0.289051 1.92511 0.0115095
651.927 7.39143 0.289619 1.92422 0.0116262
652.672 7.36948 0.294443 1.92299 0.0120172
653.418 7.35174 0.297433 1.922 0.0122854
654.163 7.34021 0.297812 1.92136 0.0123749
654.908 7.32963 0.297325 1.92077 0.0124092
655.654 7.32158 0.294396 1.92033 0.0122876
656.399 7.31379 0.291153 1.9199 0.0121458
657.144 7.30745 0.28547 1.91954 0.0118517
657.89 7.30113 0.279841 1.91919 0.0115598
658.635 7.27751 0.279926 1.91781 0.0116759
659.38 7.2541 0.280031 1.91645 0.0117928
660.126 7.24367 0.279159 1.91586 0.0118003
660.871 7.23552 0.278129 1.9154 0.0117892
661.616 7.22983 0.278132 1.9151 0.0118309
662.362 7.22513 0.278537 1.91486 0.0118931
663.107 7.21819 0.280645 1.91449 0.0120676
663.852 7.20967 0.283935 1.91403 0.0123205
664.598 7.20005 0.281723 1.91348 0.0122428
665.343 7.18909 0.272886 1.91281 0.0117646
666.088 7.17708 0.267664 1.9121 0.0115096
666.834 7.16276 0.270043 1.91127 0.0117289
667.579 7.15086 0.271782 1.91059 0.0119004
668.324 7.14945 0.2709 1.91054 0.01187
669.07 7.14795 0.269828 1.91048 0.0118281
669.815 7.14446 0.264552 1.91029 0.0115341
670.56 7.14096 0.259307 1.91009 0.0112415
671.306 7.1246 0.253063 1.9091 0.0109335
672.051 7.10719 0.246873 1.90804 0.0106303
672.796 7.0933 0.248549 1.90722 0.0108027
673.542 7.08051 0.252394 1.90647 0.0111072
674.287 7.0728 0.252064 1.90603 0.0111326
675.032 7.06792 0.249443 1.90575 0.0110038
675.778 7.06395 0.24928 1.90554 0.0110255
676.523 7.06086 0.251498 1.9054 0.0111933
677.268 7.05535 0.25228 1.90509 0.01128
678.014 7.04578 0.25066 1.90452 0.0112305
678.759 7.03407 0.248857 1.90382 0.011177
679.504 7.01545 0.246446 1.90267 0.0111096
680.25 6.99874 0.244067 1.90164 0.0110364
680.995 6.99612 0.241602 1.9015 0.0109058
681.74 6.99351 0.239147 1.90137 0.0107756
682.486 6.99119 0.240071 1.90126 0.0108592
683.231 6.98889 0.2411 1.90116 0.0109495
683.976 6.97756 0.233007 1.90044 0.0104898
684.722 6.96452 0.223312 1.89961 0.00993109
685.467 6.95491 0.221524 1.89903 0.00986514
686.212 6.9468 0.223032 1.89855 0.0100056
686.958 6.93443 0.225546 1.8978 0.0102257
687.703 6.91895 0.228753 1.89685 0.0105024
688.448 6.90668 0.230287 1.89609 0.0106605
689.194 6.89847 0.229744 1.8956 0.01067
689.939 6.89222 0.229253 1.89523 0.0106756
690.684 6.89045 0.22888 1.89515 0.0106731
691.43 6.88667 0.228279 1.89493 0.0106628
692.175 6.87272 0.226533 1.89405 0.0106133
692.92 6.85907 0.224722 1.89319 0.010558
693.666 6.84945 0.220127 1.89258 0.0103054
694.411 6.8399 0.215608 1.89197 0.0100564
695.156 6.83211 0.212278 1.89149 0.00987863
695.902 6.82457 0.209119 1.89101 0.0097105
696.647 6.82121 0.207041 1.89082 0.00959923
697.392 6.81914 0.205294 1.89071 0.00950542
698.138 6.81705 0.201854 1.8906 0.00929962
698.883 6.81494 0.197432 1.89048 0.00902869
699.628 6.80736 0.198188 1.89002 0.00911706
700.374 6.79433 0.204047 1.88921 0.00956162
701.119 6.783 0.209089 1.8885 0.00994819
701.864 6.77451 0.21289 1.88799 0.0102439
702.61 6.76716 0.215213 1.88754 0.0104379
703.355 6.76348 0.212816 1.88732 0.0103046
704.1 6.76054 0.210968 1.88715 0.0102051
704.846 6.76439 0.214093 1.88745 0.0104146
705.591 6.76825 0.217246 1.88775 0.0106258
706.336 6.75558 0.210584 1.88692 0.0102377
707.082 6.74244 0.203726 1.88605 0.00983581
707.827 6.72825 0.19591 1.8851 0.00937036
708.572 6.71399 0.188083 1.88415 0.00890134
709.318 6.7048 0.186272 1.88355 0.0088208
710.063 6.6978 0.186984 1.88311 0.00890388
710.808 6.69717 0.189736 1.88311 0.00910542
711.554 6.7014 0.194098 1.88344 0.00940045
712.299 6.70165 0.194781 1.8835 0.00945901
713.044 6.69668 0.190634 1.88318 0.00920703
713.79 6.68896 0.187872 1.88268 0.0090569
714.535 6.67494 0.188228 1.88176 0.00913767
715.28 6.66095 0.188779 1.88084 0.00923181
716.026 6.64634 0.19039 1.87988 0.00940078
716.771 6.63237 0.191902 1.87896 0.0095616
717.516 6.62969 0.192706 1.87881 0.00963796
718.262 6.62702 0.193504 1.87865 0.00971399
719.007 6.6324 0.188523 1.87904 0.00936727
719.752 6.63863 0.182854 1.87948 0.00897127
720.498 6.63143 0.177952 1.879 0.0086691
721.243 6.62038 0.173382 1.87826 0.00839998
721.988 6.60955 0.169539 1.87753 0.00817891
722.734 6.59891 0.166124 1.87682 0.00798573
723.479 6.58944 0.166055 1.87619 0.00802009
724.224 6.58107 0.169116 1.87565 0.0082685
724.97 6.57521 0.170127 1.87528 0.00836772
725.715 6.57342 0.167848 1.87517 0.0082264
726.46 6.57136 0.16769 1.87506 0.0082331
727.206 6.56847 0.173978 1.87491 0.0086909
727.951 6.56523 0.180071 1.87473 0.00913666
728.696 6.55962 0.184881 1.87438 0.00950099
729.442 6.554 0.189629 1.87404 0.00986179
730.187 6.53872 0.184151 1.87298 0.00953883
730.932 6.52353 0.178677 1.87193 0.00921361
731.678 6.51479 0.175119 1.87133 0.00900145
732.423 6.50719 0.17192 1.87081 0.00881031
733.168 6.50299 0.169878 1.87054 0.00869006
733.914 6.50008 0.168277 1.87036 0.00859679
734.659 6.49859 0.167545 1.87028 0.00856063
735.404 6.49808 0.167409 1.87027 0.00856359
736.15 6.49656 0.165441 1.87018 0.00844003
736.895 6.49385 0.161358 1.87001 0.00817
737.641 6.4884 0.157733 1.86964 0.00793974
738.386 6.47752 0.155031 1.86889 0.00778921
739.131 6.46736 0.154226 1.86819 0.00777077
739.876 6.45959 0.160653 1.86769 0.00826074
740.622 6.45241 0.166697 1.86722 0.00872319
741.367 6.45264 0.169331 1.86727 0.00892107
742.112 6.45287 0.171969 1.86732 0.00911928
742.858 6.45334 0.17178 1.86738 0.00911494
743.603 6.45383 0.171417 1.86744 0.00909818
744.349 6.44826 0.167742 1.86706 0.00886295
745.094 6.44133 0.16337 1.86658 0.00858104
745.839 6.43246 0.155292 1.86595 0.00803803
746.584 6.4227 0.145676 1.86525 0.00738475
747.33 6.41354 0.143724 1.86461 0.00727872
748.075 6.40489 0.14771 1.86403 0.00759894
748.82 6.39903 0.148998 1.86363 0.00771776
749.566 6.39687 0.146763 1.8635 0.0075722
750.311 6.39662 0.145314 1.8635 0.00747815
751.057 6.40093 0.145698 1.86384 0.00750436
751.802 6.40324 0.14618 1.86404 0.00754289
752.547 6.39568 0.147107 1.86352 0.00763986
753.293 6.38805 0.147868 1.86299 0.00772522
754.038 6.3772 0.14539 1.86223 0.00758441
754.783 6.3665 0.142967 1.86147 0.00744636
755.529 6.36036 0.140353 1.86104 0.00728182
756.274 6.35467 0.137751 1.86065 0.00711648
757.019 6.34903 0.137697 1.86026 0.00713648
757.765 6.34343 0.138317 1.85988 0.00720563
758.51 6.33904 0.14152 1.85959 0.00746059
759.255 6.33524 0.146025 1.85935 0.00780979
760.001 6.33361 0.144757 1.85925 0.00773067
760.746 6.33386 0.13844 1.85928 0.00727668
761.491 6.32964 0.136939 1.85899 0.00718676
762.237 6.31902 0.142383 1.85825 0.00762313
762.982 6.30925 0.144991 1.85756 0.00785018
763.727 6.30152 0.140693 1.857 0.0075631
764.473 6.29393 0.137087 1.85646 0.00732571
765.218 6.28691 0.136893 1.85596 0.0073385
765.963 6.28015 0.136604 1.85549 0.00734345
766.709 6.28021 0.132974 1.85551 0.00708328
767.454 6.28025 0.129343 1.85552 0.00682301
768.199 6.2818 0.127297 1.85566 0.00667644
768.945 6.28352 0.125415 1.85581 0.00654167
769.69 6.28209 0.126649 1.85573 0.00664528
770.435 6.27975 0.128772 1.85558 0.006817
771.181 6.27342 0.12846 1.85513 0.00681803
771.926 6.26503 0.126873 1.85453 0.00672916
772.671 6.25522 0.126098 1.85382 0.00670376
773.417 6.24419 0.126023 1.85302 0.00673342
774.162 6.23773 0.126814 1.85256 0.00681672
774.907 6.23784 0.128908 1.8526 0.00698149
775.653 6.23784 0.128874 1.85262 0.00698745
776.398 6.23753 0.123322 1.85261 0.00658118
777.143 6.23729 0.118732 1.8526 0.00624668
777.889 6.23769 0.119387 1.85266 0.00630305
778.634 6.23805 0.120079 1.85271 0.00636225
779.379 6.23696 0.121855 1.85266 0.00650596
780.125 6.23586 0.123627 1.8526 0.00664942
780.87 6.22471 0.120535 1.85178 0.00645212
781.615 6.21273 0.117053 1.85089 0.00622626
782.361 6.20227 0.117777 1.85013 0.00631282
783.106 6.19233 0.119574 1.84941 0.00647958
783.851 6.18921 0.114912 1.84918 0.00614228
784.597 6.18944 0.106986 1.8492 0.00555032
785.342 6.18871 0.110593 1.84918 0.0058326
786.087 6.18701 0.123949 1.8491 0.00685479
786.833 6.18663 0.129724 1.84911 0.0073006
787.578 6.18835 0.125045 1.84925 0.00695023
788.323 6.18793 0.121759 1.84923 0.0067104
789.069 6.18258 0.12179 1.84885 0.00673324
789.814 6.17595 0.12195 1.84837 0.00676881
790.559 6.16338 0.122692 1.84744 0.00686277
791.305 6.15143 0.123022 1.84655 0.00692423
792.05 6.1461 0.11739 1.84615 0.00651467
792.795 6.14077 0.111846 1.84575 0.00611079
793.541 6.14074 0.108897 1.84577 0.00589289
794.286 6.14106 0.106115 1.8458 0.00568702
795.031 6.14361 0.109574 1.84603 0.00595327
795.777 6.14665 0.114471 1.84629 0.00632804
796.522 6.14685 0.112284 1.84632 0.00616799
797.267 6.1458 0.107038 1.84625 0.00577695
798.013 6.13698 0.1067 1.8456 0.0057773
798.758 6.12278 0.109784 1.84454 0.00605179
799.503 6.11307 0.110634 1.84381 0.00614577
800.249 6.10837 0.109029 1.84347 0.00603985
800.994 6.10285 0.108977 1.84307 0.00605505
801.739 6.09577 0.111812 1.84255 0.00629667
802.485 6.09009 0.112226 1.84213 0.00634853
803.23 6.08898 0.10457 1.84205 0.005766
803.975 6.08837 0.0979022 1.842 0.0052586
804.721 6.09259 0.0990921 1.84235 0.00534902
805.466 6.09684 0.100298 1.8427 0.0054405
806.211 6.09396 0.110428 1.84252 0.00623609
806.957 6.09087 0.120545 1.84233 0.00703211
807.702 6.08314 0.118967 1.84175 0.00693532
808.447 6.07485 0.115819 1.84112 0.00671752
809.193 6.06828 0.111458 1.84062 0.00640067
809.938 6.06225 0.106778 1.84016 0.00605689
810.683 6.05777 0.106148 1.83983 0.00602431
811.429 6.05413 0.107691 1.83957 0.0061592
812.174 6.05113 0.107907 1.83935 0.00618934
812.919 6.04867 0.106969 1.83918 0.00612819
813.665 6.04687 0.104926 1.83905 0.00597928
814.41 6.04596 0.101341 1.83899 0.00570782
815.155 6.04459 0.0989593 1.8389 0.00553117
815.901 6.0422 0.0993169 1.83873 0.00557055
816.646 6.0389 0.0999665 1.83849 0.00563466
817.391 6.03176 0.10184 1.83796 0.00580266
818.137 6.02449 0.103402 1.83741 0.00594694
818.882 6.01502 0.101873 1.83668 0.00585324
819.627 6.0057 0.10038 1.83596 0.00576156
820.373 6.00128 0.101791 1.83564 0.00588846
821.118 5.99705 0.103281 1.83533 0.00602132
821.863 5.99768 0.102553 1.83539 0.00596888
822.609 5.99915 0.101447 1.83552 0.00588472
823.354 6.00072 0.0986176 1.83566 0.00566452
824.099 6.00231 0.0951802 1.8358 0.00539638
824.845 6.00324 0.0935052 1.83589 0.00526864
825.59 6.0038 0.0928559 1.83595 0.00522251
826.335 6.0038 0.0931848 1.83597 0.00525461
827.081 6.0033 0.0944032 1.83595 0.00535784
827.826 5.99944 0.095383 1.83566 0.00544892
828.571 5.99093 0.0960075 1.83501 0.00552133
829.317 5.98285 0.095785 1.83439 0.00552595
830.062 5.97559 0.0937272 1.83383 0.00538322
830.807 5.96884 0.0914684 1.8333 0.005223
831.553 5.96387 0.0882693 1.83292 0.00498407
832.298 5.95941 0.0858193 1.83258 0.00480324
833.043 5.95991 0.0903451 1.83265 0.00516863
833.789 5.96038 0.0948843 1.83271 0.0055351
834.534 5.9592 0.0926498 1.83263 0.00536534
835.279 5.95798 0.0903178 1.83254 0.00518774
836.025 5.95893 0.0903846 1.83264 0.00519708
836.77 5.96017 0.0907845 1.83275 0.00523235
837.515 5.95693 0.0939721 1.83252 0.00549845
838.261 5.95236 0.0979205 1.83218 0.00582828
839.006 5.94649 0.0984441 1.83173 0.00588786
839.751 5.94003 0.0973073 1.83123 0.0058159
840.497 5.93391 0.0972211 1.83076 0.00582717
841.242 5.92805 0.0979189 1.8303 0.00590076
841.987 5.92511 0.101834 1.83009 0.00622667
842.733 5.92545 0.109544 1.83016 0.00685043
843.478 5.92386 0.109421 1.83004 0.00684983
844.223 5.91879 0.0954352 1.82962 0.00574257
844.969 5.91437 0.0859281 1.82927 0.00499195
845.714 5.91258 0.0886866 1.82915 0.00522284
846.459 5.91044 0.0911436 1.82899 0.00543028
847.205 5.90648 0.0920323 1.82869 0.00551509
847.95 5.90275 0.0932246 1.82841 0.00562403
848.695 5.90276 0.0999139 1.82844 0.00616918
849.441 5.90268 0.106613 1.82847 0.00671536
850.186 5.89579 0.10376 1.82792 0.00650544
850.931 5.88865 0.100534 1.82735 0.00626517
851.677 5.88455 0.0886096 1.82701 0.00531307
852.422 5.88068 0.0754021 1.82669 0.00425472
853.167 5.88058 0.0791355 1.82671 0.0045629
853.913 5.88161 0.0882925 1.82682 0.00530882
854.658 5.88 0.092403 1.82672 0.00565054
855.403 5.87709 0.0938832 1.8265 0.00578164
856.149 5.87351 0.0926392 1.82622 0.00569295
856.894 5.86941 0.0893323 1.8259 0.00543734
857.639 5.86728 0.0896956 1.82574 0.00547615
858.385 5.86734 0.0942044 1.82577 0.00584796
859.13 5.86637 0.0937614 1.82571 0.00581901
859.875 5.86362 0.0850272 1.82548 0.00511846
860.621 5.86085 0.0803473 1.82526 0.00474732
861.366 5.85829 0.0859493 1.82508 0.00521357
862.112 5.85512 0.0901262 1.82485 0.00556524
862.857 5.84955 0.088225 1.8244 0.00542575
863.602 5.84447 0.086639 1.824 0.00531069
864.347 5.84386 0.0878355 1.82397 0.00541467
865.093 5.84325 0.0890301 1.82394 0.00551852
865.838 5.84277 0.0835265 1.8239 0.00507409
866.583 5.84224 0.0780344 1.82387 0.00463055
867.329 5.84349 0.0802757 1.82399 0.00481665
868.074 5.8449 0.0833104 1.82412 0.00506725
868.82 5.84214 0.0838236 1.82391 0.00511912
869.565 5.83847 0.0837751 1.82363 0.00512666
870.31 5.83548 0.0841723 1.8234 0.00516947
871.056 5.83275 0.0847287 1.82319 0.00522491
871.801 5.8292 0.0838008 1.82291 0.00516005
872.546 5.82521 0.0820657 1.8226 0.00502953
873.292 5.82151 0.0804163 1.82231 0.00490528
874.037 5.81803 0.0788369 1.82203 0.00478615
874.782 5.81659 0.0779655 1.82193 0.00472162
875.528 5.81745 0.0778835 1.82201 0.00471806
876.273 5.81734 0.0786759 1.82202 0.00478813
877.018 5.81568 0.0808739 1.8219 0.00497666
877.764 5.81407 0.0817431 1.82178 0.00505575
878.509 5.8126 0.0795083 1.82167 0.00487881
879.254 5.81105 0.0775879 1.82156 0.0047278
880 5.8092 0.0767865 1.82142 0.00466944
880.745 5.80781 0.0757426 1.82132 0.00459022
881.49 5.80946 0.073049 1.82146 0.00436982
882.236 5.8106 0.0706221 1.82157 0.00417232
882.981 5.80225 0.0736216 1.8209 0.00443787
883.726 5.79402 0.0765127 1.82024 0.00469515
884.472 5.78859 0.0753935 1.8198 0.00461607
885.217 5.78331 0.0741689 1.81937 0.00452777
885.962 5.78152 0.0715572 1.81924 0.00431837
886.708 5.78016 0.0687851 1.81913 0.0040948
887.453 5.77981 0.067417 1.81911 0.00398611
888.198 5.7797 0.0663754 1.81912 0.00390412
888.944 5.78103 0.0658715 1.81924 0.0038646
889.689 5.78289 0.0655615 1.81941 0.00384038
890.434 5.78179 0.0668104 1.81934 0.00395
891.18 5.77915 0.0688576 1.81913 0.00412837
891.925 5.7754 0.0688669 1.81884 0.00413925
892.67 5.77089 0.0674357 1.81847 0.00403143
893.416 5.76626 0.0674656 1.8181 0.00404527
894.161 5.7615 0.0688781 1.81772 0.0041746
894.906 5.75674 0.0698158 1.81734 0.00426453
895.652 5.75197 0.0701566 1.81695 0.00430473
896.397 5.74831 0.0717487 1.81666 0.00444789
897.142 5.74652 0.0755529 1.81653 0.00477327
897.888 5.74595 0.0768189 1.8165 0.00488434
898.633 5.74841 0.0718887 1.81671 0.00447188
899.378 5.75033 0.069294 1.81688 0.00425593
900.124 5.75043 0.0751492 1.81691 0.00474952
900.869 5.75038 0.0790039 1.81693 0.00507604
901.614 5.74993 0.0715941 1.81689 0.00446122
902.36 5.74921 0.064729 1.81684 0.00389213
903.105 5.74688 0.0636144 1.81665 0.00380633
903.85 5.74451 0.0625241 1.81647 0.0037225
904.596 5.73941 0.0622486 1.81605 0.00371077
905.341 5.73437 0.0619754 1.81564 0.00369909
906.086 5.73178 0.0612168 1.81544 0.00364305
906.832 5.72932 0.0604408 1.81524 0.00358528
907.577 5.72409 0.061611 1.81482 0.00369503
908.322 5.71857 0.0629899 1.81437 0.003823
909.068 5.71739 0.0627195 1.81428 0.00380583
909.813 5.71713 0.0621053 1.81427 0.00375835
910.558 5.71692 0.0599503 1.81426 0.0035809
911.304 5.71671 0.0573207 1.81425 0.0033634
912.049 5.71652 0.0599541 1.81425 0.00358947
912.794 5.71629 0.0648053 1.81425 0.00400255
913.54 5.71566 0.0666485 1.81422 0.00416273
914.285 5.71482 0.0668325 1.81416 0.00418334
915.03 5.71332 0.0653006 1.81404 0.00406019
915.776 5.71136 0.0625795 1.81389 0.00383726
916.521 5.70807 0.0613373 1.81362 0.00374086
917.266 5.70365 0.0613859 1.81326 0.00375502
918.012 5.699 0.0623892 1.81288 0.0038503
918.757 5.69407 0.0644127 1.81248 0.00403259
919.502 5.69026 0.0664331 1.81217 0.00421329
920.248 5.68793 0.0684858 1.81199 0.0043947
920.993 5.68473 0.0687684 1.81173 0.00442738
921.738 5.68008 0.0660968 1.81134 0.00421127
922.484 5.67712 0.0660921 1.8111 0.00421901
923.229 5.67768 0.0717176 1.81117 0.00470024
923.974 5.67855 0.0739735 1.81126 0.00489431
924.72 5.68036 0.0669698 1.81142 0.00429962
925.465 5.68132 0.0603162 1.8115 0.00373627
926.21 5.67959 0.0550974 1.81136 0.00329854
926.956 5.67796 0.0504438 1.81123 0.00290838
927.701 5.67707 0.0482951 1.81116 0.00273018
928.446 5.67574 0.0473695 1.81106 0.00265648
929.192 5.6714 0.0546201 1.81071 0.00328275
929.937 5.66716 0.0611618 1.81037 0.00384962
930.682 5.66481 0.0615014 1.81018 0.00388543
931.428 5.66251 0.0616141 1.81 0.00390184
932.173 5.66084 0.0566767 1.80986 0.00348608
932.918 5.65912 0.0517884 1.80972 0.00307421
933.664 5.65543 0.0555275 1.80942 0.00340196
934.409 5.65175 0.0592018 1.80912 0.00372469
935.154 5.6464 0.0562763 1.80867 0.00348489
935.9 5.64104 0.0531657 1.80822 0.00322862
936.645 5.64044 0.0542475 1.80818 0.00332558
937.39 5.64023 0.0556718 1.80818 0.00345143
938.136 5.64458 0.0560759 1.80856 0.00348368
938.881 5.64958 0.0563546 1.809 0.00350426
939.626 5.65193 0.0597438 1.80922 0.00379458
940.372 5.6538 0.063708 1.8094 0.00413451
941.117 5.64741 0.0616596 1.80886 0.00397174
941.862 5.63932 0.0583895 1.80817 0.00370595
942.608 5.63597 0.0559117 1.80789 0.00350099
943.353 5.63388 0.0536482 1.80772 0.00331252
944.098 5.63044 0.0617696 1.80745 0.00401874
944.844 5.62631 0.0730304 1.80712 0.00499739
945.589 5.62827 0.0657641 1.80729 0.00437218
946.334 5.63213 0.0514363 1.80761 0.00313756
947.08 5.6299 0.050229 1.80743 0.00303967
947.825 5.62521 0.0545656 1.80704 0.0034221
948.57 5.62226 0.0573646 1.80681 0.00367037
949.316 5.62014 0.0594445 1.80664 0.00385579
950.061 5.61938 0.0635087 1.80659 0.00421055
950.806 5.61928 0.0686354 1.8066 0.00465606
951.552 5.61766 0.064671 1.80646 0.00431973
952.297 5.61504 0.0555186 1.80624 0.00353666
953.042 5.61198 0.0593952 1.80599 0.00387876
953.788 5.60843 0.071322 1.80571 0.00491804
954.533 5.60986 0.0638644 1.80583 0.00427428
955.278 5.61401 0.0429031 1.80618 0.00246094
956.024 5.6097 0.0403768 1.80581 0.00225025
956.769 5.59972 0.0510986 1.80497 0.00319259
957.514 5.59586 0.053304 1.80465 0.00339166
958.26 5.59677 0.0491775 1.80473 0.00303578
959.005 5.59807 0.0458149 1.80485 0.00274577
959.75 5.59972 0.0430707 1.805 0.00250911
960.496 5.5985 0.0502192 1.80492 0.00313308
961.241 5.59436 0.0656465 1.80459 0.00447957
961.986 5.5942 0.0720924 1.8046 0.00504212
962.732 5.59798 0.0707245 1.80493 0.00492044
963.477 5.5991 0.0692656 1.80504 0.00479524
964.222 5.59777 0.067751 1.80493 0.00466904
964.968 5.59804 0.0625747 1.80496 0.00422284
965.713 5.59967 0.0539114 1.8051 0.00347258
966.458 5.59736 0.0520345 1.80491 0.00331571
967.204 5.59148 0.0565459 1.80441 0.00371777
967.949 5.5843 0.060859 1.8038 0.00410542
968.694 5.57595 0.0649354 1.80309 0.00447538
969.44 5.57323 0.0642753 1.80287 0.00442483
970.185 5.57576 0.0591676 1.80309 0.0039789
970.93 5.57205 0.0568624 1.80277 0.00378589
971.676 5.56264 0.0572346 1.80196 0.00383395
972.421 5.55729 0.0552388 1.8015 0.00366943
973.166 5.55554 0.0510887 1.80136 0.00331128
973.912 5.5555 0.0494429 1.80136 0.00317008
974.657 5.55704 0.0500523 1.80151 0.00322438
975.402 5.5584 0.0502983 1.80164 0.00324707
976.148 5.55961 0.0502207 1.80175 0.00324161
976.893 5.55944 0.0501152 1.80175 0.00323539
977.638 5.55812 0.0499871 1.80164 0.00322858
978.384 5.55749 0.0490658 1.80159 0.00315149
979.129 5.55741 0.0475066 1.8016 0.00301787
979.874 5.55824 0.0476575 1.80168 0.00303286
980.62 5.55979 0.0491161 1.80183 0.00316144
981.365 5.55426 0.0507841 1.80135 0.00331689
982.11 5.54394 0.0525003 1.80046 0.00348297
982.856 5.53818 0.0545435 1.79997 0.00367259
983.601 5.53527 0.0568234 1.79972 0.00387965
984.346 5.53056 0.0559892 1.79932 0.00381526
985.092 5.52481 0.0533615 1.79882 0.00359392
985.837 5.5229 0.0489865 1.79865 0.00321311
986.583 5.52298 0.0436287 1.79866 0.00274302
987.328 5.52282 0.0439143 1.79866 0.00277103
988.073 5.52255 0.0469502 1.79865 0.00304183
988.818 5.52427 0.0510379 1.79882 0.00340304
989.564 5.52682 0.0556397 1.79906 0.00380821
990.309 5.52862 0.0593874 1.79923 0.00413874
991.055 5.53013 0.0628296 1.79938 0.00444253
991.8 5.52982 0.0594721 1.79935 0.00414983
992.545 5.52888 0.0539979 1.79927 0.00367137
993.291 5.52915 0.0537281 1.79931 0.00364986
994.036 5.52974 0.0548009 1.79937 0.00374623
994.781 5.52988 0.0541297 1.79939 0.0036895
995.527 5.52993 0.0531031 1.7994 0.00360157
996.272 5.5284 0.0509241 1.79928 0.00341401
997.017 5.52664 0.0485939 1.79913 0.00321324
997.763 5.5221 0.0461444 1.79873 0.00300492
998.508 5.51734 0.0437418 1.79832 0.00280053
999.253 5.51982 0.0560444 1.79856 0.00388701
999.999 5.52218 0.0692814 1.7988 0.00505498
