255.408 1.10834 1.55772 1.26497 0.598516
256.154 1.15119 1.58997 1.28584 0.597419
256.899 1.19404 1.62095 1.30594 0.595814
257.644 1.16287 1.59456 1.28993 0.595788
258.39 1.12059 1.55829 1.26782 0.595396
259.135 1.14971 1.61744 1.29124 0.605808
259.88 1.20735 1.70746 1.33029 0.617028
260.626 1.22873 1.71943 1.33894 0.61494
261.371 1.22557 1.68259 1.32858 0.605489
262.116 1.23446 1.66295 1.32597 0.597765
262.862 1.25601 1.66222 1.33159 0.59231
263.607 1.27052 1.66088 1.33506 0.588438
264.353 1.2719 1.65844 1.3346 0.587431
265.098 1.27737 1.66271 1.33689 0.587317
265.843 1.29833 1.69161 1.34931 0.590309
266.589 1.31667 1.71436 1.35944 0.592136
267.334 1.30126 1.67149 1.34484 0.584113
268.079 1.28671 1.6282 1.33037 0.575452
268.825 1.30926 1.71275 1.35628 0.593515
269.57 1.33787 1.80333 1.38526 0.610586
270.315 1.35362 1.76488 1.3799 0.596901
271.061 1.36741 1.69869 1.3679 0.576234
271.806 1.37847 1.67456 1.36514 0.567269
272.551 1.38775 1.6695 1.36628 0.563849
273.297 1.40436 1.67141 1.37094 0.560689
274.042 1.42687 1.67879 1.37834 0.557724
274.787 1.43623 1.68658 1.38231 0.557769
275.533 1.42746 1.69522 1.38167 0.562022
276.278 1.42467 1.6899 1.37954 0.561272
277.023 1.43721 1.6499 1.37393 0.547925
277.769 1.45226 1.62301 1.37203 0.53752
278.514 1.47922 1.66507 1.38792 0.543058
279.259 1.50644 1.70476 1.4032 0.547662
280.005 1.50443 1.67127 1.39541 0.539472
280.75 1.50293 1.63785 1.38786 0.531064
281.495 1.50093 1.60146 1.37966 0.521834
282.241 1.49942 1.56478 1.37164 0.512274
282.986 1.50703 1.56528 1.37363 0.510932
283.731 1.51755 1.57781 1.3788 0.512263
284.477 1.52012 1.55454 1.3747 0.505506
285.222 1.51857 1.50955 1.36532 0.493535
285.967 1.52779 1.49288 1.3645 0.487197
286.713 1.54757 1.50567 1.37222 0.486998
287.458 1.56071 1.51055 1.37658 0.485889
288.203 1.56175 1.50139 1.37498 0.483245
288.949 1.56457 1.48893 1.37326 0.479353
289.694 1.57372 1.46486 1.37118 0.47109
290.439 1.58355 1.44282 1.36974 0.46326
291.185 1.59885 1.43963 1.37326 0.459681
291.93 1.61403 1.43644 1.37674 0.456156
292.675 1.60723 1.38149 1.36512 0.442139
293.421 1.60098 1.32396 1.35345 0.426964
294.166 1.597 1.30457 1.34896 0.422109
294.911 1.59335 1.29359 1.34598 0.419588
295.657 1.59292 1.26641 1.3413 0.411813
296.402 1.59443 1.23192 1.33611 0.401516
297.147 1.60151 1.20146 1.33333 0.391463
297.893 1.61299 1.17445 1.33251 0.381751
298.638 1.61291 1.15293 1.32918 0.375402
299.383 1.5964 1.13854 1.32201 0.373573
300.129 1.58007 1.11754 1.31388 0.369657
300.874 1.56463 1.07996 1.3036 0.360407
301.619 1.55081 1.04421 1.29414 0.351289
302.365 1.54272 1.0215 1.28835 0.345307
303.11 1.5348 0.99842 1.28259 0.339108
303.855 1.52248 0.959235 1.27331 0.328244
304.601 1.51094 0.919685 1.26434 0.31695
305.346 1.47991 0.891548 1.25048 0.311671
306.091 1.44606 0.864107 1.23563 0.306768
306.837 1.41394 0.821653 1.21936 0.296264
307.582 1.38316 0.773025 1.20277 0.283015
308.327 1.35303 0.754619 1.18989 0.280014
309.073 1.32252 0.756154 1.17907 0.284147
309.818 1.29424 0.735979 1.16636 0.280133
310.563 1.26938 0.6911 1.15198 0.266383
311.309 1.24421 0.657026 1.13873 0.256343
312.054 1.21695 0.645255 1.12704 0.254794
312.799 1.18499 0.631701 1.1132 0.252989
313.545 1.13529 0.611851 1.09146 0.250489
314.29 1.08551 0.590351 1.06907 0.247112
315.035 1.04642 0.560093 1.04977 0.238713
315.781 1.00713 0.528675 1.03003 0.229458
316.526 0.965565 0.501386 1.00948 0.221794
317.271 0.923459 0.473355 0.988318 0.213476
318.017 0.872571 0.446073 0.962935 0.205886
318.762 0.818765 0.417889 0.935611 0.197663
319.507 0.763492 0.397635 0.907681 0.192839
320.253 0.706724 0.3811 0.878657 0.189613
320.998 0.652734 0.364851 0.850321 0.186016
321.743 0.601245 0.348869 0.822612 0.182065
322.489 0.549858 0.333623 0.794368 0.17821
323.234 0.499186 0.320004 0.765976 0.174904
323.979 0.447576 0.307131 0.736442 0.171839
324.725 0.395119 0.29764 0.705959 0.170541
325.47 0.341406 0.288203 0.673956 0.169218
326.215 0.285614 0.281959 0.64009 0.169831
326.961 0.228532 0.275378 0.604437 0.170273
327.706 0.171112 0.275459 0.568069 0.174956
328.451 0.11233 0.275558 0.52973 0.179941
329.197 0.0577586 0.27945 0.493437 0.187335
329.942 0.00293383 0.284126 0.456025 0.195631
330.687 -0.0517909 0.28995 0.417743 0.205127
331.433 -0.107196 0.296373 0.377939 0.215592
332.178 -0.16118 0.30739 0.338609 0.229922
332.923 -0.214373 0.321959 0.299305 0.247671
333.669 -0.267064 0.336509 0.259435 0.266247
334.414 -0.318858 0.350879 0.21931 0.285487
335.159 -0.368987 0.365701 0.179717 0.30581
335.905 -0.414188 0.380845 0.143588 0.326535
336.65 -0.458818 0.395794 0.10724 0.347901
337.395 -0.498223 0.408043 0.074415 0.366672
338.141 -0.538225 0.420646 0.0405535 0.386631
338.886 -0.579725 0.433929 0.00484521 0.408372
339.631 -0.621827 0.447599 -0.0319814 0.431534
340.377 -0.667632 0.461793 -0.0729961 0.457172
341.122 -0.714476 0.476455 -0.115745 0.484759
341.867 -0.758017 0.489364 -0.156443 0.510802
342.613 -0.801023 0.502003 -0.197433 0.537517
343.358 -0.836248 0.510223 -0.232238 0.557907
344.103 -0.86713 0.515906 -0.263725 0.57466
344.849 -0.904287 0.521186 -0.302937 0.593764
345.594 -0.947858 0.526086 -0.350515 0.615578
346.339 -0.993195 0.533238 -0.400479 0.641701
347.085 -1.04112 0.544284 -0.453197 0.674872
347.83 -1.09004 0.555805 -0.508223 0.710715
348.575 -1.14043 0.568047 -0.566189 0.750023
349.321 -1.19089 0.578857 -0.626461 0.789507
350.066 -1.23499 0.572566 -0.688971 0.804046
350.811 -1.27977 0.566114 -0.754546 0.819081
351.557 -1.32294 0.577938 -0.809437 0.860363
352.302 -1.36656 0.590864 -0.865561 0.905508
353.047 -1.42068 0.595367 -0.944728 0.946655
353.793 -1.47782 0.598288 -1.03298 0.989588
354.538 -1.54385 0.609029 -1.13444 1.0549
355.283 -1.61459 0.623888 -1.24583 1.13641
356.029 -1.67479 0.635773 -1.34551 1.20982
356.774 -1.7264 0.645087 -1.43517 1.27542
357.519 -1.77568 0.650794 -1.52735 1.33563
358.265 -1.8215 0.65124 -1.62175 1.38466
359.01 -1.86877 0.65356 -1.72152 1.4424
359.755 -1.91904 0.66048 -1.82716 1.51846
360.501 -1.97292 0.670347 -1.94235 1.61259
361.246 -2.04516 0.696286 -2.08499 1.78531
361.991 -2.1184 0.722755 -2.23206 1.98255
362.737 -2.195 0.749184 -2.38954 2.21176
363.482 -2.27293 0.776114 -2.54849 2.47598
364.227 -2.33654 0.794553 -2.68462 2.70636
364.973 -2.39903 0.812008 -2.81734 2.95474
365.718 -2.45726 0.816395 -2.98061 3.17212
366.463 -2.51451 0.816059 -3.16366 3.39339
367.209 -2.57016 0.830825 -3.2782 3.68254
367.954 -2.62506 0.855728 -3.32801 4.02659
368.699 -2.69258 0.878979 -3.39866 4.46203
369.445 -2.77467 0.900319 -3.48186 5.02874
370.19 -2.85992 0.922099 -3.50801 5.68535
370.935 -2.94977 0.944312 -3.4476 6.44995
371.681 -3.03685 0.966318 -3.26357 7.25211
372.426 -3.10638 0.985689 -2.99121 7.91436
373.171 -3.17558 1.00443 -2.61697 8.5745
373.917 -3.22422 1.00881 -2.37876 9.06102
374.662 -3.27348 1.01318 -2.07871 9.55511
375.407 -3.33676 1.02211 -1.56234 10.1568
376.153 -3.40202 1.03146 -0.914931 10.7256
376.898 -3.49673 1.05978 0.3334 11.2326
377.643 -3.60095 1.094 1.82271 11.4021
378.389 -3.7119 1.13151 3.34741 11.1587
379.134 -3.8279 1.17162 4.71449 10.5349
379.879 -3.92823 1.20925 5.63113 9.78385
380.625 -4.01378 1.24439 6.20316 9.06709
381.37 -4.09738 1.27438 6.63364 8.40189
382.116 -4.17696 1.29538 6.97175 7.82756
382.861 -4.25018 1.31175 7.21737 7.32672
383.606 -4.30189 1.31346 7.40463 7.02324
384.352 -4.36004 1.31942 7.55706 6.66825
385.097 -4.46109 1.35677 7.59955 6.00802
385.842 -4.5643 1.39546 7.57531 5.4158
386.587 -4.70305 1.43555 7.5306 4.7439
387.333 -4.8463 1.47743 7.42298 4.1597
388.078 -4.98235 1.53281 7.23952 3.69476
388.824 -5.12 1.59283 7.04191 3.30385
389.569 -5.25285 1.63929 6.88626 2.98404
390.314 -5.38581 1.6811 6.7435 2.7084
391.06 -5.49117 1.7072 6.64598 2.51539
391.805 -5.57614 1.72142 6.57995 2.37231
392.55 -5.66524 1.74737 6.49189 2.23961
393.296 -5.75919 1.78842 6.38126 2.11861
394.041 -5.8601 1.83473 6.26635 2.00177
394.786 -5.97477 1.89167 6.13907 1.88378
395.532 -6.10163 1.94781 6.01685 1.76399
396.277 -6.27864 1.99259 5.89346 1.60227
397.022 -6.46065 2.041 5.7719 1.45973
397.768 -6.63045 2.13073 5.63166 1.362
398.513 -6.80479 2.22512 5.50062 1.27455
399.258 -6.95882 2.28125 5.41265 1.19721
400.004 -7.11428 2.33514 5.33136 1.1262
400.749 -7.24116 2.39089 5.26293 1.07759
401.494 -7.36085 2.44841 5.19976 1.03678
402.24 -7.47035 2.50688 5.14256 1.00379
402.985 -7.57447 2.56656 5.08934 0.975475
403.73 -7.71358 2.61875 5.03338 0.932474
404.476 -7.88974 2.66337 4.97452 0.876985
405.221 -8.07702 2.72857 4.90919 0.827444
405.966 -8.28038 2.83038 4.83331 0.785221
406.712 -8.50066 2.94632 4.7564 0.744788
407.457 -8.76481 3.09949 4.66906 0.703279
408.202 -9.03198 3.25585 4.58941 0.665763
408.948 -9.24999 3.35439 4.53662 0.634072
409.693 -9.47463 3.45768 4.48569 0.604402
410.438 -9.68998 3.57914 4.43619 0.581152
411.184 -9.9106 3.70712 4.3885 0.559419
411.929 -10.0896 3.82886 4.34964 0.545104
412.674 -10.2623 3.95293 4.31342 0.53265
413.42 -10.4466 4.0534 4.28157 0.516779
414.165 -10.6391 4.14483 4.25191 0.499885
414.91 -10.8801 4.28219 4.21378 0.481753
415.656 -11.1635 4.46165 4.1699 0.463141
416.401 -11.4744 4.6445 4.12712 0.443102
417.146 -11.8224 4.82864 4.08518 0.421022
417.892 -12.1844 5.05514 4.04196 0.402163
418.637 -12.5587 5.37558 3.99403 0.38882
419.382 -12.9361 5.70705 3.94974 0.376242
420.128 -13.2784 5.98196 3.91511 0.364236
420.873 -13.6299 6.27428 3.88175 0.352882
421.618 -13.9305 6.54283 3.85431 0.344374
422.364 -14.2382 6.82677 3.82765 0.336206
423.109 -14.5472 7.0331 3.80708 0.325896
423.854 -14.8648 7.23725 3.7876 0.315647
424.6 -15.1607 7.53062 3.7654 0.309403
425.345 -15.451 7.86668 3.74274 0.304539
426.09 -15.8487 8.24395 3.71744 0.295731
426.836 -16.3252 8.66328 3.69087 0.284856
427.581 -16.804 9.1507 3.664 0.275684
428.326 -17.2786 9.71702 3.63684 0.268172
429.072 -17.805 10.3608 3.60901 0.260042
429.817 -18.4248 11.1269 3.57936 0.250591
430.562 -19.0286 11.9655 3.55118 0.242431
431.308 -19.5164 12.8579 3.52555 0.237477
432.053 -19.9826 13.8076 3.50128 0.232854
432.798 -20.3039 14.5654 3.48396 0.229993
433.544 -20.6118 15.37 3.46703 0.227201
434.289 -21.1393 16.147 3.45133 0.219927
435.034 -21.6911 16.9799 3.43597 0.212645
435.78 -22.1118 17.9226 3.42042 0.207891
436.525 -22.4848 18.9429 3.40508 0.203811
437.27 -22.8522 20.057 3.38975 0.199634
438.016 -23.1983 21.2629 3.3746 0.195483
438.761 -23.5031 22.7685 3.35731 0.191316
439.506 -23.7184 24.5854 3.33842 0.187176
440.252 -23.8146 26.5811 3.31974 0.183095
440.997 -23.7533 28.7802 3.30115 0.179032
441.742 -23.5003 31.146 3.28302 0.174995
442.488 -23.0318 33.6952 3.26524 0.170778
443.233 -22.2585 36.3747 3.24795 0.16675
443.978 -21.1156 39.1235 3.23117 0.16303
444.724 -19.5729 41.9023 3.21485 0.159451
445.469 -18.3172 43.6411 3.20471 0.157582
446.214 -16.8745 45.3323 3.19474 0.155752
446.96 -15.2753 47.5297 3.18376 0.151682
447.705 -13.3757 49.765 3.1728 0.147397
448.45 -10.9107 51.9196 3.16114 0.143472
449.196 -8.00314 53.8555 3.14939 0.139753
449.941 -4.62256 55.0974 3.13749 0.137485
450.686 -0.998005 55.6431 3.12559 0.136147
451.432 2.87143 55.8391 3.11332 0.134288
452.177 6.96465 55.6121 3.1006 0.131865
452.922 11.0546 54.8039 3.08781 0.129326
453.668 15.135 53.3982 3.07459 0.126495
454.413 18.6957 51.483 3.06204 0.124003
455.158 21.319 49.3545 3.05124 0.12255
455.904 23.5612 47.0434 3.04061 0.121157
456.649 25.4131 44.4281 3.02951 0.120186
457.394 26.8735 41.8177 3.01864 0.119228
458.14 28.3244 39.8134 3.00978 0.116408
458.885 29.5527 37.8166 3.0012 0.113525
459.63 30.6238 36.1007 2.99392 0.110302
460.376 31.5419 34.4398 2.98704 0.107051
461.121 31.8857 32.3952 2.97845 0.105624
461.866 31.8661 30.2942 2.9691 0.105109
462.612 31.8187 28.6193 2.96131 0.104372
463.357 31.7808 27.2744 2.95489 0.103447
464.102 31.74 25.6693 2.94691 0.101777
464.848 31.6565 23.6848 2.93656 0.0990007
465.593 31.4162 21.9778 2.92701 0.0967642
466.338 31.0369 20.7332 2.91933 0.0958511
467.084 30.6479 19.5829 2.91184 0.0948725
467.829 30.3433 18.5292 2.90492 0.0933404
468.574 30.0147 17.5438 2.89809 0.091843
469.32 29.4687 16.3512 2.88882 0.0904221
470.065 28.912 15.2642 2.87972 0.0890397
470.81 28.3217 14.4085 2.87148 0.0886239
471.556 27.7428 13.6457 2.86351 0.0883627
472.301 27.2733 12.9443 2.85625 0.0874765
473.046 26.8454 12.2931 2.84931 0.0863712
473.792 26.4784 11.7247 2.84314 0.0851752
474.537 26.1523 11.216 2.8375 0.0839241
475.282 25.7967 10.7184 2.83156 0.0827819
476.028 25.409 10.2311 2.82525 0.0817628
476.773 24.9937 9.76331 2.81864 0.0809198
477.518 24.517 9.3045 2.81129 0.080418
478.264 24.0764 8.87423 2.80421 0.0797428
479.009 23.7248 8.45214 2.79783 0.0783055
479.754 23.384 8.05922 2.79161 0.0769009
480.5 23.1122 7.72912 2.78644 0.0754954
481.245 22.8444 7.41635 2.78134 0.0741192
481.99 22.4624 7.14425 2.77507 0.0739503
482.736 22.085 6.89077 2.76879 0.073882
483.481 21.7177 6.60086 2.76214 0.0731773
484.226 21.3623 6.31615 2.75548 0.0723146
484.972 21.0794 6.09698 2.75013 0.0716628
485.717 20.8363 5.9137 2.74549 0.0711247
486.462 20.6011 5.70778 2.74069 0.0701239
487.208 20.3723 5.48356 2.73575 0.068706
487.953 20.1227 5.28521 2.73058 0.0677448
488.698 19.8404 5.12024 2.72503 0.067485
489.444 19.5874 4.9645 2.71989 0.0670809
490.189 19.4003 4.81776 2.71582 0.0662453
490.934 19.2065 4.67526 2.71159 0.0654761
491.68 18.937 4.52581 2.70589 0.0651253
492.425 18.677 4.38426 2.70027 0.0647776
493.17 18.4547 4.23288 2.69514 0.0638795
493.916 18.2392 4.08872 2.69009 0.0629886
494.661 18.0423 3.96393 2.68545 0.0622577
495.406 17.8528 3.84695 2.68094 0.0615659
496.152 17.6475 3.69928 2.67577 0.0603123
496.897 17.4392 3.5453 2.67038 0.0588599
497.642 17.2379 3.4426 2.66545 0.0583688
498.388 17.0437 3.37519 2.66085 0.0585549
499.133 16.8643 3.3203 2.65659 0.0588869
499.878 16.7009 3.27942 2.65273 0.0594013
500.624 16.5516 3.21556 2.64894 0.0592598
501.369 16.4269 3.10137 2.64526 0.0577004
502.115 16.2948 2.99521 2.64143 0.0563324
502.86 16.1238 2.91036 2.63676 0.0557416
503.605 15.9605 2.82974 2.63223 0.0551507
504.35 15.869 2.76342 2.62958 0.0543101
505.096 15.7788 2.69895 2.62694 0.0534813
505.841 15.622 2.63984 2.62258 0.0532903
506.587 15.463 2.58333 2.6181 0.0531624
507.332 15.3321 2.53265 2.61436 0.0529445
508.077 15.2111 2.4847 2.61085 0.0527024
508.823 15.0882 2.42381 2.60713 0.0520954
509.568 14.9654 2.35716 2.60332 0.0512942
510.313 14.8429 2.30317 2.59957 0.0508187
511.059 14.7209 2.26077 2.59587 0.0506513
511.804 14.588 2.20113 2.59166 0.0500422
512.549 14.4355 2.11355 2.58657 0.0487089
513.294 14.2997 2.04554 2.58206 0.0477814
514.04 14.2071 2.02805 2.57922 0.0480525
514.785 14.1119 2.00984 2.57626 0.0483181
515.531 13.9822 1.98326 2.5721 0.0485886
516.276 13.8561 1.95736 2.568 0.0488471
517.021 13.795 1.90623 2.56576 0.0477545
517.767 13.7364 1.85551 2.5636 0.0466338
518.512 13.6481 1.78603 2.56029 0.0450923
519.257 13.5551 1.71527 2.55678 0.0434986
520.003 13.484 1.68869 2.55432 0.0432093
520.748 13.4225 1.68029 2.5523 0.0434637
521.493 13.3332 1.68498 2.5494 0.0443831
522.239 13.2242 1.69865 2.54584 0.0457843
522.984 13.1364 1.68979 2.54282 0.0462409
523.729 13.0745 1.6533 2.54047 0.0455039
524.475 13.0079 1.61441 2.53792 0.0447
525.22 12.9294 1.56901 2.53486 0.0437299
525.965 12.8475 1.52623 2.53166 0.0428555
526.711 12.7439 1.49061 2.52768 0.0423877
527.456 12.6439 1.45673 2.52379 0.0419365
528.201 12.5788 1.4367 2.5213 0.0417363
528.947 12.5147 1.41714 2.51882 0.0415379
529.692 12.4355 1.37341 2.51556 0.0405012
530.437 12.3558 1.32845 2.51223 0.0393906
531.183 12.2651 1.32282 2.50872 0.0399025
531.928 12.1726 1.32854 2.50518 0.0408905
532.673 12.1049 1.3148 2.50247 0.0409121
533.419 12.0515 1.2903 2.50023 0.0403789
534.164 11.9862 1.25668 2.49742 0.0395444
534.909 11.9092 1.21446 2.49403 0.038415
535.655 11.8439 1.1851 2.49119 0.0377168
536.4 11.7977 1.17644 2.4893 0.0377481
537.145 11.7481 1.16754 2.48725 0.0377913
537.891 11.6857 1.15755 2.48461 0.037878
538.636 11.6252 1.14736 2.48204 0.0379388
539.381 11.5741 1.13372 2.47983 0.0377771
540.127 11.5237 1.12036 2.47764 0.0376168
540.872 11.4723 1.1152 2.47544 0.0378242
541.617 11.4215 1.11042 2.47327 0.038043
542.363 11.3885 1.08141 2.47169 0.0370411
543.108 11.3591 1.04774 2.47025 0.0357899
543.853 11.2998 1.02499 2.46751 0.0352309
544.599 11.2282 1.00745 2.46423 0.0349839
545.344 11.1723 0.996678 2.46168 0.034933
546.089 11.1286 0.99109 2.45973 0.0350355
546.835 11.0815 0.981517 2.45757 0.0349732
547.58 11.0296 0.966639 2.45513 0.034689
548.325 10.9728 0.95498 2.45246 0.0345855
549.071 10.9029 0.950558 2.44918 0.0349173
549.816 10.8372 0.94397 2.44607 0.0351152
550.561 10.7877 0.925802 2.44363 0.0346306
551.307 10.739 0.907984 2.44122 0.0341468
552.052 10.7006 0.883586 2.43926 0.0332564
552.797 10.6625 0.859764 2.43731 0.0323799
553.543 10.6158 0.846227 2.43499 0.0320659
554.288 10.5687 0.83428 2.43264 0.0318284
555.033 10.5233 0.835388 2.43044 0.0322404
555.779 10.4788 0.840585 2.42831 0.0328585
556.524 10.4362 0.828183 2.42614 0.0325603
557.269 10.3949 0.805339 2.42395 0.0317042
558.015 10.3548 0.797371 2.42191 0.031606
558.76 10.3159 0.804821 2.42002 0.0323074
559.505 10.2811 0.802974 2.41828 0.0324947
560.251 10.2537 0.784196 2.41681 0.0317336
560.996 10.2256 0.766784 2.4153 0.0310422
561.741 10.1944 0.753471 2.41365 0.0305831
562.487 10.1637 0.741336 2.41202 0.0301786
563.232 10.1347 0.740357 2.41055 0.0303606
563.977 10.1061 0.739355 2.40909 0.0305395
564.723 10.0623 0.741101 2.40682 0.0309684
565.468 10.0182 0.742847 2.40451 0.0314019
566.213 9.98446 0.730075 2.40266 0.0309673
566.959 9.95336 0.714184 2.40093 0.030336
567.704 9.92456 0.702866 2.39935 0.0299375
568.449 9.89702 0.693792 2.39785 0.0296519
569.195 9.8641 0.682189 2.39602 0.0292545
569.94 9.82679 0.668586 2.39393 0.0287658
570.685 9.78688 0.652145 2.39165 0.0281242
571.431 9.743 0.631592 2.3891 0.027261
572.176 9.70385 0.621944 2.38689 0.0269855
572.921 9.67598 0.64003 2.38548 0.0282454
573.667 9.64647 0.653747 2.38394 0.0292707
574.412 9.60608 0.642288 2.3816 0.0289002
575.157 9.56637 0.631121 2.37928 0.0285361
575.903 9.52446 0.61588 2.3768 0.0279375
576.648 9.48326 0.601087 2.37435 0.0273514
577.393 9.45915 0.593058 2.37294 0.0270583
578.139 9.43779 0.586136 2.37171 0.0268117
578.884 9.41604 0.580651 2.37045 0.0266518
579.629 9.39427 0.575729 2.36919 0.0265241
580.375 9.36499 0.574121 2.36749 0.0266413
581.12 9.33094 0.574652 2.3655 0.0269181
581.865 9.30354 0.5764 2.36391 0.0272305
582.611 9.28352 0.57958 2.36279 0.0275871
583.356 9.26257 0.581807 2.36159 0.027892
584.101 9.23958 0.582184 2.36025 0.0280962
584.847 9.21555 0.578609 2.35882 0.0280612
585.592 9.18647 0.558942 2.35697 0.0270494
586.337 9.15842 0.540299 2.35518 0.026085
587.083 9.14273 0.530568 2.35421 0.025601
587.828 9.12712 0.520967 2.35325 0.0251215
588.573 9.10424 0.514243 2.35185 0.0248633
589.319 9.081 0.507859 2.35041 0.0246259
590.064 9.05439 0.503518 2.34877 0.0245358
590.809 9.02716 0.499756 2.34708 0.0244845
591.555 8.9995 0.499313 2.34538 0.0246485
592.3 8.97178 0.50054 2.34367 0.0249214
593.045 8.94673 0.502241 2.34213 0.025211
593.791 8.92407 0.504376 2.34074 0.0255162
594.536 8.90098 0.500793 2.33929 0.0254505
595.281 8.87708 0.488341 2.33772 0.0248045
596.027 8.8503 0.4781 2.33597 0.0243148
596.772 8.81469 0.473851 2.33366 0.0242679
597.517 8.78253 0.469216 2.33157 0.0241736
598.263 8.77229 0.461114 2.33091 0.0237212
599.008 8.76208 0.453094 2.33026 0.0232719
599.753 8.7369 0.449573 2.32862 0.0232055
600.499 8.71175 0.446192 2.32697 0.023147
601.244 8.68502 0.447408 2.32524 0.0234081
601.989 8.6583 0.449366 2.32351 0.0237209
602.735 8.63784 0.445379 2.32216 0.0235933
603.48 8.61998 0.43908 2.32097 0.0232908
604.225 8.60312 0.439432 2.31988 0.0234384
604.971 8.58701 0.444558 2.31887 0.0239117
605.716 8.56853 0.441212 2.31764 0.0238138
606.461 8.54706 0.427428 2.31615 0.0230058
607.207 8.52755 0.418611 2.31481 0.0225272
607.952 8.5122 0.420473 2.31382 0.0227693
608.697 8.49875 0.419475 2.31294 0.0228013
609.443 8.49391 0.404828 2.31259 0.0218287
610.188 8.48824 0.390985 2.31219 0.0209145
610.933 8.46282 0.396444 2.3105 0.0214584
611.679 8.43773 0.401709 2.30882 0.0219904
612.424 8.41614 0.399904 2.30734 0.0220046
613.169 8.39515 0.397361 2.3059 0.0219623
613.915 8.38389 0.401412 2.30519 0.0223389
614.66 8.37557 0.407423 2.30469 0.0228409
615.405 8.36053 0.401076 2.30364 0.0224944
616.151 8.34168 0.387749 2.30228 0.0216635
616.896 8.32002 0.38158 2.30075 0.021358
617.641 8.29568 0.382424 2.29906 0.0215723
618.387 8.27274 0.38063 2.29745 0.021588
619.132 8.25196 0.374347 2.29596 0.0212637
619.878 8.23488 0.36912 2.29475 0.0209949
620.623 8.2297 0.367134 2.29442 0.0209013
621.368 8.22279 0.365503 2.29397 0.0208423
622.113 8.1985 0.367269 2.29225 0.021122
622.859 8.17455 0.368943 2.29055 0.0213946
623.604 8.15009 0.363506 2.28877 0.0211424
624.349 8.12596 0.357871 2.287 0.020871
625.095 8.11361 0.350097 2.2861 0.0203767
625.84 8.10382 0.341926 2.28539 0.0198376
626.586 8.09153 0.339382 2.28451 0.0197311
627.331 8.07818 0.339374 2.28357 0.0198202
628.076 8.05804 0.337395 2.2821 0.0197938
628.822 8.03261 0.333871 2.28022 0.0196752
629.567 8.01282 0.333728 2.27877 0.019785
630.312 8.00052 0.3382 2.27791 0.0202101
631.057 7.99049 0.340963 2.27722 0.0204947
631.803 7.9861 0.339532 2.27693 0.0204303
632.548 7.9799 0.337505 2.27651 0.0203291
633.294 7.96313 0.332014 2.27525 0.0200138
634.039 7.94654 0.326673 2.274 0.0197069
634.784 7.93036 0.326005 2.27281 0.019757
635.53 7.91436 0.325332 2.27162 0.0198056
636.275 7.89758 0.323989 2.27037 0.0198057
637.02 7.88087 0.322562 2.26912 0.0197985
637.766 7.86942 0.317314 2.26826 0.0194666
638.511 7.85981 0.310797 2.26753 0.0190248
639.256 7.84964 0.309496 2.26678 0.0189929
640.002 7.83913 0.311524 2.26602 0.0192236
640.747 7.82509 0.309595 2.26496 0.0191604
641.492 7.80716 0.30335 2.26357 0.0187741
642.238 7.79364 0.299859 2.26254 0.0185824
642.983 7.78847 0.301585 2.26219 0.0187642
643.728 7.78338 0.302984 2.26185 0.0189199
644.474 7.77853 0.303128 2.26152 0.0189749
645.219 7.77263 0.303264 2.26111 0.0190341
645.964 7.75172 0.303282 2.25949 0.0191553
646.71 7.73111 0.303266 2.2579 0.0192726
647.455 7.71387 0.299531 2.25655 0.0190754
648.2 7.69706 0.295594 2.25523 0.0188582
648.946 7.68855 0.287627 2.25456 0.0182753
649.691 7.68211 0.27869 2.25405 0.0176026
650.436 7.67348 0.272752 2.25338 0.0171804
651.182 7.66377 0.268368 2.25262 0.0168872
651.927 7.64692 0.269299 2.25131 0.0170557
652.672 7.62388 0.274803 2.24951 0.0176255
653.418 7.60529 0.278314 2.24805 0.0180156
654.163 7.59325 0.278988 2.24712 0.0181448
654.908 7.58221 0.278733 2.24626 0.0181931
655.654 7.57384 0.275858 2.24561 0.0180134
656.399 7.56572 0.272648 2.24497 0.0178041
657.144 7.55914 0.266832 2.24445 0.0173719
657.89 7.55256 0.261072 2.24393 0.016943
658.635 7.52769 0.261544 2.24192 0.0171089
659.38 7.50304 0.26203 2.23992 0.0172758
660.126 7.49216 0.26135 2.23906 0.017285
660.871 7.48368 0.26048 2.23839 0.0172674
661.616 7.47783 0.260679 2.23795 0.0173275
662.362 7.47303 0.261294 2.2376 0.0174179
663.107 7.46586 0.263735 2.23705 0.0176722
663.852 7.45703 0.267444 2.23638 0.0180412
664.598 7.44699 0.265326 2.23557 0.0179255
665.343 7.43546 0.256191 2.2346 0.0172233
666.088 7.42284 0.2509 2.23356 0.0168478
666.834 7.40785 0.253689 2.23234 0.0171663
667.579 7.39542 0.255775 2.23134 0.0174151
668.324 7.39408 0.254985 2.23127 0.0173705
669.07 7.39264 0.253992 2.23119 0.017309
669.815 7.38907 0.248557 2.2309 0.0168782
670.56 7.38548 0.243154 2.23062 0.0164494
671.306 7.36823 0.236806 2.22917 0.0159959
672.051 7.34988 0.230524 2.22761 0.0155493
672.796 7.33533 0.23255 2.22641 0.0157991
673.542 7.32196 0.236865 2.22532 0.0162424
674.287 7.31394 0.236706 2.22468 0.0162782
675.032 7.3089 0.234091 2.22427 0.016089
675.778 7.30485 0.234074 2.22397 0.0161201
676.523 7.30176 0.236573 2.22375 0.016365
677.268 7.29607 0.23757 2.22331 0.0164909
678.014 7.28607 0.236052 2.22248 0.0164169
678.759 7.27379 0.234358 2.22144 0.0163366
679.504 7.25418 0.232075 2.21977 0.0162347
680.25 7.23659 0.229807 2.21826 0.0161248
680.995 7.23395 0.227329 2.21806 0.0159336
681.74 7.23131 0.224861 2.21786 0.015743
682.486 7.22902 0.225973 2.21771 0.0158648
683.231 7.22674 0.227196 2.21755 0.0159964
683.976 7.2148 0.218817 2.21651 0.0153229
684.722 7.20104 0.208752 2.2153 0.0145045
685.467 7.19099 0.207043 2.21445 0.0144067
686.212 7.18254 0.208817 2.21375 0.0146105
686.958 7.1696 0.21169 2.21265 0.0149299
687.703 7.15334 0.215322 2.21126 0.0153312
688.448 7.14049 0.217151 2.21016 0.01556
689.194 7.13192 0.216745 2.20944 0.0155724
689.939 7.12544 0.216377 2.20889 0.0155797
690.684 7.12371 0.216099 2.20878 0.0155757
691.43 7.11983 0.215595 2.20847 0.0155601
692.175 7.10516 0.213953 2.20719 0.0154854
692.92 7.09082 0.212238 2.20593 0.0154023
693.666 7.08072 0.207538 2.20504 0.0150322
694.411 7.0707 0.202918 2.20415 0.0146674
695.156 7.06255 0.199545 2.20344 0.0144068
695.902 7.05467 0.196349 2.20275 0.0141604
696.647 7.05123 0.194267 2.20247 0.0139977
697.392 7.04915 0.192527 2.20232 0.0138606
698.138 7.04705 0.18899 2.20215 0.0135602
698.883 7.04491 0.184411 2.20198 0.0131649
699.628 7.03701 0.185363 2.2013 0.0132926
700.374 7.02337 0.191766 2.20012 0.0139388
701.119 7.01152 0.197289 2.19909 0.0145005
701.864 7.00268 0.201473 2.19834 0.0149301
702.61 6.99503 0.204081 2.19768 0.0152117
703.355 6.99125 0.201657 2.19736 0.0150168
704.1 6.98824 0.199809 2.19712 0.0148713
704.846 6.99248 0.203186 2.19756 0.0151775
705.591 6.99672 0.206594 2.19799 0.015486
706.336 6.98336 0.199706 2.19678 0.0149182
707.082 6.96951 0.192613 2.19551 0.0143304
707.827 6.95453 0.184511 2.19413 0.0136499
708.572 6.93948 0.176396 2.19275 0.0129644
709.318 6.92985 0.174626 2.19188 0.0128458
710.063 6.92255 0.175514 2.19124 0.0129657
710.808 6.92202 0.178521 2.19124 0.0132592
711.554 6.92666 0.183202 2.19172 0.0136896
712.299 6.92705 0.184008 2.1918 0.013775
713.044 6.92188 0.179727 2.19134 0.0134073
713.79 6.9138 0.176933 2.19061 0.0131875
714.535 6.89905 0.177487 2.18927 0.0133029
715.28 6.88435 0.178246 2.18793 0.0134378
716.026 6.86898 0.180131 2.18653 0.0136813
716.771 6.8543 0.181906 2.18519 0.0139131
717.516 6.85158 0.182854 2.18497 0.0140238
718.262 6.84886 0.183797 2.18475 0.0141341
719.007 6.85465 0.17856 2.18531 0.0136305
719.752 6.86134 0.172585 2.18595 0.0130553
720.498 6.85379 0.167512 2.18526 0.0126145
721.243 6.84215 0.162813 2.18418 0.0122213
721.988 6.83076 0.158884 2.18312 0.0118981
722.734 6.81957 0.155406 2.18208 0.0116156
723.479 6.80964 0.155468 2.18117 0.0116642
724.224 6.8009 0.158842 2.18038 0.0120244
724.97 6.79481 0.160024 2.17984 0.0121678
725.715 6.793 0.157693 2.17969 0.0119621
726.46 6.79093 0.157611 2.17953 0.0119716
727.206 6.78802 0.164369 2.1793 0.0126369
727.951 6.78473 0.170923 2.17904 0.0132847
728.696 6.77891 0.17613 2.17854 0.0138135
729.442 6.77309 0.181271 2.17803 0.0143372
730.187 6.75696 0.175624 2.1765 0.0138651
730.932 6.74093 0.169981 2.17497 0.0133898
731.678 6.73175 0.16633 2.1741 0.0130801
732.423 6.72378 0.163052 2.17335 0.0128012
733.168 6.71942 0.160981 2.17295 0.0126258
733.914 6.71643 0.159368 2.17269 0.0124899
734.659 6.71495 0.158669 2.17257 0.0124372
735.404 6.71451 0.158595 2.17256 0.0124415
736.15 6.71299 0.156585 2.17244 0.0122618
736.895 6.7102 0.152337 2.17219 0.0118691
737.641 6.7045 0.148592 2.17165 0.0115338
738.386 6.69305 0.145856 2.17056 0.0113136
739.131 6.68237 0.145126 2.16955 0.0112854
739.876 6.67427 0.152049 2.16881 0.0119959
740.622 6.66679 0.158563 2.16813 0.0126664
741.367 6.66716 0.161418 2.16821 0.0129538
742.112 6.66752 0.164279 2.16828 0.0132418
742.858 6.66811 0.164139 2.16837 0.0132356
743.603 6.66873 0.163816 2.16846 0.0132114
744.349 6.66289 0.160013 2.1679 0.012869
745.094 6.65562 0.155476 2.16721 0.0124586
745.839 6.64627 0.147021 2.16629 0.0116689
746.584 6.63597 0.13694 2.16528 0.0107191
747.33 6.62634 0.134982 2.16435 0.010564
748.075 6.61728 0.139316 2.1635 0.0110276
748.82 6.61117 0.140773 2.16293 0.0111993
749.566 6.60896 0.138475 2.16273 0.0109878
750.311 6.60879 0.136999 2.16274 0.0108513
751.057 6.61346 0.137441 2.16323 0.01089
751.802 6.61601 0.137998 2.16351 0.0109463
752.547 6.60809 0.139081 2.16276 0.011086
753.293 6.60009 0.139986 2.162 0.0112088
754.038 6.58866 0.137474 2.16089 0.011003
754.783 6.57739 0.135017 2.15979 0.0108012
755.529 6.57096 0.132334 2.15917 0.0105617
756.274 6.56501 0.129662 2.15859 0.0103212
757.019 6.55912 0.12969 2.15803 0.0103495
757.765 6.55328 0.130432 2.15748 0.0104491
758.51 6.54873 0.133905 2.15706 0.0108182
759.255 6.54482 0.138757 2.15671 0.0113241
760.001 6.54317 0.137475 2.15657 0.0112092
760.746 6.54349 0.13083 2.15661 0.010551
761.491 6.5391 0.129314 2.15619 0.01042
762.237 6.52795 0.135194 2.15512 0.0110513
762.982 6.51769 0.138062 2.15412 0.011379
763.727 6.50956 0.133595 2.15332 0.0109618
764.473 6.50159 0.129862 2.15253 0.0106167
765.218 6.49423 0.129744 2.15181 0.0106343
765.963 6.48714 0.129522 2.15112 0.0106405
766.709 6.48727 0.125724 2.15115 0.0102636
767.454 6.48738 0.121926 2.15117 0.0098865
768.199 6.4891 0.1198 2.15137 0.00967435
768.945 6.491 0.117846 2.15158 0.00947932
769.69 6.48957 0.119212 2.15146 0.00962932
770.435 6.48719 0.121524 2.15125 0.00987789
771.181 6.48056 0.121274 2.15061 0.00987859
771.926 6.47174 0.119681 2.14973 0.00974877
772.671 6.46141 0.118955 2.14871 0.00971074
773.417 6.4498 0.118978 2.14755 0.0097523
774.162 6.44304 0.119895 2.14688 0.00987214
774.907 6.44325 0.122162 2.14694 0.0101108
775.653 6.44333 0.122175 2.14697 0.0101195
776.398 6.44305 0.116337 2.14695 0.00953111
777.143 6.44286 0.111519 2.14694 0.00904665
777.889 6.44337 0.112259 2.14702 0.00912839
778.634 6.44383 0.113038 2.1471 0.00921421
779.379 6.44276 0.114973 2.14702 0.00942224
780.125 6.44169 0.116904 2.14694 0.00962992
780.87 6.42992 0.113723 2.14575 0.0093428
781.615 6.41728 0.110131 2.14447 0.00901432
782.361 6.40628 0.110992 2.14336 0.00913839
783.106 6.39582 0.112988 2.14231 0.00937858
783.851 6.39257 0.108103 2.14199 0.00889001
784.597 6.39286 0.0997435 2.14202 0.00803328
785.342 6.39218 0.103616 2.14198 0.00844179
786.087 6.39051 0.117829 2.14187 0.00992111
786.833 6.39021 0.123999 2.14188 0.0105664
787.578 6.39209 0.119074 2.14209 0.0100595
788.323 6.3917 0.115634 2.14206 0.00971236
789.069 6.3861 0.115735 2.14151 0.00974476
789.814 6.37915 0.115977 2.14081 0.00979538
790.559 6.3659 0.11686 2.13946 0.0099297
791.305 6.35331 0.117304 2.13818 0.010017
792.05 6.34771 0.111398 2.1376 0.00942386
792.795 6.34211 0.105584 2.13703 0.008839
793.541 6.34213 0.102499 2.13705 0.00852384
794.286 6.34253 0.0995897 2.1371 0.00822611
795.031 6.34532 0.103287 2.13743 0.00861157
795.777 6.34864 0.108509 2.13781 0.00915413
796.522 6.34892 0.10623 2.13785 0.00892265
797.267 6.34785 0.100712 2.13775 0.00835687
798.013 6.33857 0.100431 2.13681 0.00835639
798.758 6.3236 0.103801 2.13527 0.00875175
799.503 6.31338 0.104783 2.13422 0.00888651
800.249 6.30845 0.103141 2.13372 0.00873281
800.994 6.30268 0.103147 2.13314 0.00875416
801.739 6.29525 0.106221 2.13239 0.00910264
802.485 6.2893 0.106722 2.13178 0.00917692
803.23 6.28816 0.0986478 2.13167 0.00833474
803.975 6.28755 0.0916198 2.13161 0.00760123
804.721 6.2921 0.0929022 2.13211 0.00773242
805.466 6.29668 0.094202 2.13262 0.00786516
806.211 6.29374 0.104993 2.13236 0.00901503
806.957 6.29057 0.115771 2.13207 0.0101654
807.702 6.28243 0.114166 2.13123 0.0100244
808.447 6.2737 0.110898 2.13032 0.00970853
809.193 6.26678 0.106336 2.1296 0.00924978
809.938 6.26044 0.101435 2.12894 0.00875225
810.683 6.25575 0.100821 2.12846 0.00870467
811.429 6.25197 0.102508 2.12808 0.00889915
812.174 6.24885 0.102785 2.12777 0.00894235
812.919 6.2463 0.101836 2.12752 0.00885373
813.665 6.24445 0.0997137 2.12734 0.0086384
814.41 6.24354 0.0959514 2.12725 0.00824612
815.155 6.24215 0.0934671 2.12712 0.00799079
815.901 6.23968 0.0938907 2.12688 0.00804744
816.646 6.23625 0.0946274 2.12654 0.0081397
817.391 6.22874 0.0966759 2.12576 0.0083816
818.137 6.2211 0.0983942 2.12497 0.00858915
818.882 6.21113 0.096843 2.12392 0.00845272
819.627 6.2013 0.0953287 2.12288 0.00831925
820.373 6.19668 0.0968755 2.12241 0.00850198
821.118 6.19226 0.0985043 2.12196 0.00869333
821.863 6.193 0.0977648 2.12205 0.00861772
822.609 6.19461 0.0966197 2.12225 0.00849642
823.354 6.19633 0.0936483 2.12244 0.00817869
824.099 6.19806 0.0900314 2.12264 0.00779173
824.845 6.19911 0.0882853 2.12277 0.0076074
825.59 6.19976 0.0876278 2.12286 0.00754089
826.335 6.19982 0.0880095 2.12289 0.00758726
827.081 6.19936 0.0893361 2.12286 0.00773628
827.826 6.19533 0.0904217 2.12245 0.0078674
828.571 6.18637 0.0911469 2.1215 0.00797102
829.317 6.17786 0.0909721 2.12061 0.0079768
830.062 6.17022 0.0888481 2.1198 0.00776998
830.807 6.16311 0.086509 2.11904 0.00753803
831.553 6.15788 0.0831666 2.11849 0.00719269
832.298 6.15321 0.0806163 2.118 0.00693132
833.043 6.15382 0.0854439 2.11809 0.00745868
833.789 6.15438 0.0902861 2.11818 0.00798761
834.534 6.15318 0.0879521 2.11806 0.00774252
835.279 6.15195 0.0855147 2.11794 0.00748612
836.025 6.15301 0.0856131 2.11808 0.00749972
836.77 6.15439 0.0860635 2.11825 0.00755077
837.515 6.15101 0.0894852 2.11791 0.00793445
838.261 6.14624 0.0937177 2.11742 0.00840989
839.006 6.14008 0.094323 2.11677 0.00849518
839.751 6.13328 0.0931693 2.11605 0.0083906
840.497 6.12685 0.0931281 2.11536 0.00840614
841.242 6.12069 0.0939171 2.11471 0.00851162
841.987 6.11765 0.098107 2.11441 0.0089814
842.733 6.11809 0.10631 2.1145 0.00988123
843.478 6.11646 0.106215 2.11434 0.00988016
844.223 6.11109 0.0914319 2.11373 0.00828243
844.969 6.10643 0.0813957 2.11322 0.00719937
845.714 6.1046 0.084355 2.11304 0.00753218
846.459 6.1024 0.0869956 2.11282 0.00783114
847.205 6.09825 0.0879793 2.11239 0.00795302
847.95 6.09436 0.0892838 2.11198 0.0081097
848.695 6.09444 0.0964044 2.11203 0.00889585
849.441 6.09443 0.103536 2.11206 0.00968347
850.186 6.08717 0.100561 2.11127 0.00937985
850.931 6.07965 0.0971907 2.11046 0.00903249
851.677 6.07532 0.0845887 2.10997 0.0076594
852.422 6.07122 0.0706265 2.10951 0.00613331
853.167 6.07119 0.0746119 2.10953 0.00657757
853.913 6.07236 0.0843441 2.10969 0.007653
854.658 6.07071 0.0887345 2.10954 0.00814545
855.403 6.06768 0.0903399 2.10923 0.00833412
856.149 6.06393 0.0890589 2.10883 0.00820586
856.894 6.05964 0.0855922 2.10836 0.00783698
857.639 6.05743 0.0860106 2.10813 0.00789269
858.385 6.05756 0.0908175 2.10818 0.00842863
859.13 6.05658 0.0903774 2.10808 0.0083868
859.875 6.05369 0.0811516 2.10776 0.00737682
860.621 6.05079 0.0762244 2.10745 0.00684167
861.366 6.04814 0.0821977 2.10718 0.00751336
862.112 6.04485 0.0866617 2.10685 0.00801981
862.857 6.03898 0.0846884 2.10621 0.00781818
863.602 6.03365 0.0830476 2.10563 0.00765183
864.347 6.03305 0.0843435 2.10558 0.00780161
865.093 6.03246 0.0856374 2.10553 0.0079512
865.838 6.03199 0.079829 2.10549 0.00731081
866.583 6.03146 0.0740327 2.10543 0.0066717
867.329 6.03283 0.0764304 2.10561 0.00693999
868.074 6.03439 0.079669 2.1058 0.00730124
868.82 6.03151 0.0802463 2.1055 0.0073757
869.565 6.02768 0.0802304 2.10509 0.00738619
870.31 6.02456 0.0806848 2.10476 0.00744756
871.056 6.02171 0.0813073 2.10446 0.00752715
871.801 6.01799 0.0803581 2.10406 0.00743335
872.546 6.01381 0.0785542 2.10361 0.00724491
873.292 6.00992 0.0768401 2.10318 0.00706556
874.037 6.00628 0.0751995 2.10279 0.00689363
874.782 6.0048 0.0743036 2.10264 0.00680056
875.528 6.00575 0.074238 2.10276 0.00679554
876.273 6.00569 0.0751022 2.10277 0.00689647
877.018 6.00398 0.0774612 2.1026 0.00716786
877.764 6.00232 0.078411 2.10243 0.00728163
878.509 6.00081 0.0760689 2.10228 0.00702665
879.254 5.99921 0.0740603 2.10211 0.00680902
880 5.99729 0.0732389 2.10191 0.0067248
880.745 5.99586 0.0721591 2.10176 0.00661059
881.49 5.99765 0.0693211 2.10197 0.00629333
882.236 5.9989 0.0667672 2.10212 0.00600902
882.981 5.9901 0.0699942 2.10116 0.0063907
883.726 5.98142 0.0731052 2.1002 0.00676039
884.472 5.97571 0.0719559 2.09958 0.006646
885.217 5.97016 0.0706943 2.09896 0.00651838
885.962 5.9683 0.0679523 2.09876 0.00621677
886.708 5.96689 0.065039 2.09861 0.00589481
887.453 5.96656 0.0636113 2.09859 0.00573832
888.198 5.96649 0.062529 2.0986 0.00562029
888.944 5.96794 0.0620129 2.09877 0.00556352
889.689 5.96996 0.0617007 2.09902 0.00552882
890.434 5.96884 0.0630497 2.09891 0.00568656
891.18 5.96609 0.0652494 2.09862 0.00594314
891.925 5.96216 0.0652909 2.09819 0.00595848
892.67 5.95742 0.0638068 2.09766 0.00580289
893.416 5.95255 0.0638723 2.09713 0.00582243
894.161 5.94755 0.0654039 2.09658 0.00600817
894.906 5.94255 0.0664319 2.09603 0.00613717
895.652 5.93754 0.0668267 2.09548 0.0061946
896.397 5.93371 0.0685452 2.09506 0.00640028
897.142 5.93186 0.0726041 2.09487 0.00686833
897.888 5.9313 0.0739687 2.09483 0.00702811
898.633 5.93395 0.0687556 2.09513 0.00643486
899.378 5.93602 0.06602 2.09538 0.00612431
900.124 5.93617 0.0722491 2.09542 0.00683461
900.869 5.93618 0.0763574 2.09544 0.0073045
901.614 5.93573 0.0685215 2.09539 0.00641973
902.36 5.93499 0.0612636 2.09531 0.00560075
903.105 5.93256 0.0601078 2.09505 0.0054771
903.85 5.93009 0.0589777 2.09478 0.0053563
904.596 5.92472 0.0587187 2.09418 0.00533902
905.341 5.91941 0.0584617 2.09359 0.00532182
906.086 5.9167 0.0576836 2.0933 0.00524101
906.832 5.91414 0.0568867 2.09302 0.00515772
907.577 5.90864 0.0581604 2.09241 0.0053152
908.322 5.90283 0.0596558 2.09176 0.00549884
909.068 5.90162 0.0593913 2.09163 0.00547406
909.813 5.90138 0.05876 2.09162 0.00540575
910.558 5.90119 0.0564947 2.09161 0.00515052
911.304 5.90101 0.0537258 2.0916 0.00483767
912.049 5.90085 0.0565377 2.0916 0.00516283
912.794 5.90066 0.0617014 2.0916 0.00575699
913.54 5.90003 0.0636765 2.09154 0.00598734
914.285 5.89919 0.0638926 2.09146 0.00601692
915.03 5.89764 0.0622905 2.09129 0.00583967
915.776 5.89558 0.0594284 2.09107 0.00551888
916.521 5.89214 0.0581377 2.09068 0.00537998
917.266 5.88749 0.0582186 2.09017 0.00539999
918.012 5.8826 0.0593121 2.08962 0.00553664
918.757 5.87742 0.0614878 2.08904 0.00579835
919.502 5.87342 0.0636574 2.0886 0.00605784
920.248 5.87099 0.0658576 2.08834 0.00631847
920.993 5.86764 0.0661828 2.08796 0.00636516
921.738 5.86274 0.0633789 2.08741 0.00605403
922.484 5.85965 0.0633987 2.08707 0.00606491
923.229 5.86029 0.06938 2.08716 0.00675676
923.974 5.86125 0.071788 2.08729 0.00703586
924.72 5.8632 0.0643755 2.08752 0.00618113
925.465 5.86424 0.0573355 2.08764 0.00537134
926.21 5.86243 0.0518232 2.08743 0.00474194
926.956 5.86073 0.0469098 2.08724 0.00418094
927.701 5.85982 0.0446507 2.08715 0.00392472
928.446 5.85844 0.0436895 2.087 0.00381871
929.192 5.8539 0.0514055 2.0865 0.00471868
929.937 5.84945 0.0583692 2.08601 0.00553318
930.682 5.847 0.0587517 2.08574 0.00558446
931.428 5.8446 0.0588934 2.08548 0.00560786
932.173 5.84285 0.0536788 2.08528 0.00501019
932.918 5.84105 0.0485162 2.08508 0.00441814
933.664 5.83719 0.0525061 2.08465 0.00488891
934.409 5.83333 0.0564272 2.08422 0.00535242
935.154 5.82769 0.0533539 2.08357 0.00500742
935.9 5.82204 0.0500844 2.08292 0.00463881
936.645 5.82144 0.0512491 2.08287 0.00477809
937.39 5.82126 0.0527761 2.08286 0.00495891
938.136 5.82591 0.0532111 2.08341 0.00500558
938.881 5.83124 0.0535119 2.08405 0.00503555
939.626 5.83378 0.0571171 2.08436 0.00545295
940.372 5.83581 0.0613333 2.08461 0.00594163
941.117 5.82906 0.0591911 2.08384 0.00570716
941.862 5.82051 0.0557569 2.08285 0.00532458
942.608 5.81699 0.0531528 2.08245 0.00502986
943.353 5.8148 0.0507732 2.0822 0.00475894
944.098 5.81121 0.0594079 2.08181 0.00577325
944.844 5.80689 0.0713727 2.08134 0.00717874
945.589 5.80898 0.0636799 2.08158 0.00628081
946.334 5.81309 0.0484943 2.08205 0.00450749
947.08 5.81075 0.0472345 2.08179 0.00436672
947.825 5.80583 0.0518587 2.08123 0.00491577
948.57 5.80274 0.0548485 2.08089 0.00527218
949.316 5.80053 0.0570738 2.08065 0.00553835
950.061 5.79976 0.0614004 2.08058 0.00604786
950.806 5.7997 0.0668525 2.08059 0.00668779
951.552 5.79801 0.0626672 2.0804 0.00620456
952.297 5.79525 0.0529826 2.08007 0.0050796
953.042 5.79204 0.0571148 2.07971 0.0055707
953.788 5.78834 0.0697838 2.07931 0.00706297
954.533 5.78988 0.0618883 2.07949 0.00613859
955.278 5.79426 0.0396669 2.07999 0.00353454
956.024 5.78972 0.0370121 2.07946 0.00323172
956.769 5.77919 0.0484172 2.07825 0.00458439
957.514 5.77514 0.0507782 2.07779 0.00486997
958.26 5.77613 0.0464155 2.07792 0.00435902
959.005 5.77754 0.0428618 2.07809 0.00394269
959.75 5.77931 0.0399628 2.0783 0.00360297
960.496 5.77807 0.04756 2.07818 0.00449889
961.241 5.77374 0.0639418 2.07771 0.00643199
961.986 5.77361 0.0707921 2.07772 0.00723973
962.732 5.77765 0.0693494 2.0782 0.00706544
963.477 5.77888 0.0678149 2.07835 0.00688578
964.222 5.77749 0.0662256 2.0782 0.00670444
964.968 5.7778 0.06075 2.07824 0.00606376
965.713 5.77955 0.0515734 2.07844 0.00498654
966.458 5.77713 0.0496016 2.07816 0.00476113
967.204 5.77093 0.0544117 2.07745 0.00533798
967.949 5.76335 0.0590133 2.07658 0.00589393
968.694 5.75455 0.0633653 2.07556 0.00642424
969.44 5.75169 0.0626843 2.07523 0.00635143
970.185 5.7544 0.0572775 2.07556 0.00571157
970.93 5.75049 0.0548539 2.0751 0.0054342
971.676 5.74055 0.0552798 2.07394 0.00550239
972.421 5.7349 0.0531874 2.07328 0.00526584
973.166 5.73307 0.0488041 2.07307 0.00475175
973.912 5.73305 0.0470726 2.07307 0.00454913
974.657 5.73472 0.0477291 2.07328 0.00462717
975.402 5.73619 0.0480007 2.07347 0.00465984
976.148 5.7375 0.0479294 2.07363 0.0046521
976.893 5.73736 0.0478313 2.07363 0.00464318
977.638 5.73598 0.0477111 2.07347 0.00463331
978.384 5.73534 0.0467486 2.07341 0.00452264
979.129 5.73528 0.0451084 2.07341 0.00433089
979.874 5.7362 0.0452799 2.07353 0.00435247
980.62 5.73787 0.0468369 2.07374 0.00453711
981.365 5.73205 0.048629 2.07306 0.0047598
982.11 5.72114 0.0504806 2.07178 0.00499733
982.856 5.71506 0.0526702 2.07107 0.00526893
983.601 5.71202 0.0551056 2.07072 0.00556576
984.346 5.70704 0.0542422 2.07014 0.00547298
985.092 5.70097 0.0514791 2.06942 0.00515501
985.837 5.69897 0.0468569 2.06919 0.00460865
986.583 5.69907 0.0411891 2.0692 0.00393439
987.328 5.69894 0.0415046 2.0692 0.00397458
988.073 5.69869 0.0447361 2.06918 0.00436298
988.818 5.70055 0.0490794 2.06942 0.00488121
989.564 5.70329 0.0539666 2.06977 0.00546262
990.309 5.70523 0.0579499 2.07001 0.00593692
991.055 5.70686 0.0616099 2.07023 0.00637287
991.8 5.70656 0.0580626 2.07019 0.00595296
992.545 5.70558 0.0522719 2.07008 0.00526653
993.291 5.70589 0.0519977 2.07013 0.0052357
994.036 5.70656 0.0531465 2.07022 0.00537401
994.781 5.70673 0.0524468 2.07025 0.00529265
995.527 5.70681 0.0513702 2.07027 0.00516653
996.272 5.70522 0.0490742 2.07008 0.00489735
997.017 5.70337 0.0466182 2.06987 0.00460924
997.763 5.69858 0.0440406 2.0693 0.0043101
998.508 5.69356 0.0415132 2.06871 0.00401664
999.253 5.69623 0.0545666 2.06906 0.00557516
999.999 5.69879 0.0686122 2.0694 0.00725068
