255.408 0.972302 1.79522 1.24494 0.522121
256.154 1.01439 1.84007 1.26307 0.520375
256.899 1.05673 1.88383 1.28049 0.518221
257.644 1.02668 1.84778 1.26657 0.518801
258.39 0.985931 1.79861 1.2473 0.519294
259.135 1.0072 1.87125 1.26809 0.527468
259.88 1.05377 1.98515 1.30244 0.535707
260.626 1.07543 2.00342 1.30986 0.533561
261.371 1.0797 1.96103 1.30051 0.525764
262.116 1.09394 1.94069 1.29795 0.519162
262.862 1.11864 1.94451 1.30262 0.514219
263.607 1.13549 1.94615 1.30549 0.510732
264.353 1.13757 1.94376 1.30506 0.509875
265.098 1.14293 1.94991 1.30704 0.509692
265.843 1.16073 1.98758 1.31791 0.511825
266.589 1.17678 2.01777 1.32675 0.513031
267.334 1.16842 1.9654 1.31381 0.506622
268.079 1.16089 1.91279 1.30095 0.49964
268.825 1.16865 2.01464 1.32407 0.514343
269.57 1.181 2.12495 1.34977 0.528014
270.315 1.20789 2.0846 1.34462 0.516391
271.061 1.23861 2.01162 1.33349 0.49896
271.806 1.2567 1.98629 1.33078 0.491302
272.551 1.26856 1.98258 1.33164 0.488302
273.297 1.28741 1.98853 1.33556 0.485404
274.042 1.31192 2.00217 1.34186 0.48258
274.787 1.3211 2.01341 1.34529 0.482481
275.533 1.30901 2.02162 1.34489 0.486179
276.278 1.30697 2.01492 1.34302 0.485607
277.023 1.33041 1.97125 1.33771 0.47426
277.769 1.35384 1.94325 1.33571 0.465325
278.514 1.37617 1.99843 1.34963 0.469575
279.259 1.39911 2.05113 1.36299 0.47303
280.005 1.40437 2.01153 1.35598 0.466224
280.75 1.41007 1.97208 1.34918 0.459214
281.495 1.41569 1.92898 1.34179 0.451506
282.241 1.42177 1.88558 1.33455 0.443498
282.986 1.43066 1.88786 1.33622 0.442272
283.731 1.44045 1.90496 1.34074 0.443258
284.477 1.44846 1.87813 1.33697 0.437545
285.222 1.45602 1.82472 1.32848 0.42748
285.967 1.47037 1.80694 1.32757 0.42202
286.713 1.49125 1.82623 1.33425 0.421611
287.458 1.5059 1.83482 1.33799 0.420519
288.203 1.50906 1.82422 1.33653 0.41828
288.949 1.51502 1.81005 1.33492 0.414966
289.694 1.53086 1.78331 1.33287 0.407878
290.439 1.54706 1.75905 1.3314 0.401144
291.185 1.56604 1.75836 1.33434 0.397946
291.93 1.58491 1.75764 1.33725 0.394796
292.675 1.58759 1.69042 1.3268 0.382994
293.421 1.59098 1.62016 1.31628 0.370167
294.166 1.5898 1.59616 1.31226 0.366079
294.911 1.58745 1.58235 1.30961 0.363973
295.657 1.59183 1.54961 1.30535 0.357352
296.402 1.59973 1.50837 1.30058 0.348552
297.147 1.61352 1.47285 1.29792 0.339897
297.893 1.63195 1.44215 1.29697 0.331488
298.638 1.63544 1.41613 1.29392 0.326055
299.383 1.61782 1.39608 1.28765 0.324637
300.129 1.60145 1.36812 1.2805 0.321424
300.874 1.58863 1.32037 1.27134 0.313618
301.619 1.5773 1.27518 1.26291 0.305896
302.365 1.57084 1.24662 1.25773 0.300815
303.11 1.56459 1.21767 1.25259 0.29554
303.855 1.55511 1.16873 1.24427 0.286268
304.601 1.5464 1.11953 1.23621 0.276601
305.346 1.51261 1.08174 1.22401 0.272269
306.091 1.47531 1.04469 1.21093 0.268277
306.837 1.44177 0.990133 1.1965 0.259401
307.582 1.41032 0.928686 1.18172 0.248102
308.327 1.37633 0.903633 1.17038 0.245703
309.073 1.33995 0.902358 1.16095 0.249525
309.818 1.30848 0.875642 1.14971 0.24623
310.563 1.28339 0.820244 1.13683 0.234392
311.309 1.25676 0.777806 1.125 0.225778
312.054 1.22571 0.761619 1.11468 0.224605
312.799 1.18935 0.743048 1.10244 0.22324
313.545 1.13289 0.715846 1.08321 0.221386
314.29 1.07669 0.687014 1.06335 0.21876
315.035 1.03367 0.649138 1.04612 0.211625
315.781 0.990519 0.610219 1.02847 0.203716
316.526 0.944537 0.576206 1.0101 0.19721
317.271 0.898062 0.541609 0.991157 0.19011
318.017 0.841653 0.507688 0.96843 0.183693
318.762 0.782177 0.472963 0.94392 0.176712
319.507 0.720895 0.447471 0.918865 0.172755
320.253 0.658069 0.426364 0.892798 0.17023
320.998 0.598639 0.405944 0.867289 0.16735
321.743 0.542252 0.386151 0.84229 0.164131
322.489 0.48621 0.367385 0.816757 0.160992
323.234 0.431154 0.350625 0.791044 0.158338
323.979 0.375311 0.334822 0.764245 0.155905
324.725 0.318715 0.322821 0.736544 0.155078
325.47 0.261054 0.310972 0.707395 0.15424
326.215 0.201377 0.30261 0.676497 0.15519
326.961 0.14067 0.293949 0.643882 0.156007
327.706 0.0797638 0.292427 0.610575 0.160732
328.451 0.0177791 0.290904 0.575366 0.165786
329.197 -0.0395441 0.29348 0.54198 0.173067
329.942 -0.09684 0.296837 0.507482 0.181237
330.687 -0.153753 0.301346 0.472103 0.190579
331.433 -0.211077 0.306403 0.435224 0.2009
332.178 -0.266769 0.316143 0.39875 0.214886
332.923 -0.32148 0.329417 0.362267 0.232158
333.669 -0.375415 0.342549 0.325183 0.250319
334.414 -0.428181 0.355394 0.287787 0.269219
335.159 -0.479046 0.368618 0.250833 0.289243
335.905 -0.524779 0.382207 0.217095 0.309686
336.65 -0.569759 0.395505 0.183105 0.330854
337.395 -0.609295 0.406211 0.152347 0.349569
338.141 -0.649296 0.417164 0.120583 0.369539
338.886 -0.690656 0.428645 0.0870527 0.391372
339.631 -0.732472 0.440392 0.0524399 0.41472
340.377 -0.777764 0.452409 0.0138222 0.440723
341.122 -0.823903 0.464736 -0.0264694 0.468829
341.867 -0.866594 0.475407 -0.0648996 0.49554
342.613 -0.908597 0.485758 -0.103651 0.523078
343.358 -0.942797 0.492132 -0.1367 0.544356
344.103 -0.972629 0.496231 -0.166717 0.562045
344.849 -1.00834 0.499653 -0.204244 0.582467
345.594 -1.05001 0.502418 -0.249951 0.606064
346.339 -1.09329 0.507221 -0.297926 0.634196
347.085 -1.139 0.515548 -0.34839 0.669663
347.83 -1.18547 0.524217 -0.401111 0.708194
348.575 -1.23316 0.533432 -0.456676 0.750673
349.321 -1.28063 0.54125 -0.514655 0.793839
350.066 -1.32126 0.533473 -0.576626 0.812385
350.811 -1.36238 0.525592 -0.641948 0.831806
351.557 -1.40262 0.534647 -0.694919 0.877407
352.302 -1.44318 0.544643 -0.748935 0.927417
353.047 -1.49279 0.54647 -0.826962 0.975515
353.793 -1.54485 0.546761 -0.914553 1.02677
354.538 -1.60498 0.553799 -1.01437 1.10315
355.283 -1.66913 0.564334 -1.12343 1.19864
356.029 -1.72335 0.572585 -1.22122 1.28594
356.774 -1.76955 0.578862 -1.30939 1.3651
357.519 -1.81333 0.582035 -1.40105 1.43983
358.265 -1.85367 0.580733 -1.49674 1.50379
359.01 -1.89516 0.581073 -1.59757 1.57881
359.755 -1.93922 0.585358 -1.70276 1.67579
360.501 -1.98626 0.59208 -1.81604 1.79563
361.246 -2.04931 0.611979 -1.94717 2.0094
361.991 -2.11272 0.632071 -2.07685 2.25578
362.737 -2.17846 0.651762 -2.20868 2.54541
363.482 -2.24476 0.671555 -2.32935 2.88122
364.227 -2.29834 0.684542 -2.42631 3.17865
364.973 -2.35058 0.696602 -2.50877 3.50044
365.718 -2.3985 0.69798 -2.62986 3.80087
366.463 -2.44516 0.695542 -2.76776 4.11854
367.209 -2.49076 0.705397 -2.79505 4.49615
367.954 -2.53589 0.723299 -2.71523 4.91287
368.699 -2.59079 0.739162 -2.60514 5.43949
369.445 -2.65678 0.75268 -2.42276 6.11246
370.19 -2.72472 0.76616 -2.09678 6.83698
370.935 -2.79568 0.779516 -1.58181 7.59015
371.681 -2.8639 0.792558 -0.894089 8.24867
372.426 -2.91804 0.804124 -0.211528 8.66408
373.171 -2.97155 0.815036 0.542768 8.96422
373.917 -3.00854 0.81591 1.05542 9.18358
374.662 -3.04583 0.816719 1.60767 9.34566
375.407 -3.09362 0.820246 2.35937 9.4169
376.153 -3.14264 0.823926 3.13271 9.36245
376.898 -3.21397 0.84007 4.15882 8.91059
377.643 -3.29196 0.859688 5.04469 8.20504
378.389 -3.3743 0.880884 5.70215 7.36807
379.134 -3.45963 0.90316 6.12297 6.50573
379.879 -3.53296 0.924032 6.3064 5.81183
380.625 -3.59521 0.94358 6.36192 5.27557
381.37 -3.65538 0.959315 6.38552 4.81848
382.116 -3.71185 0.968805 6.40465 4.43889
382.861 -3.76329 0.97533 6.40745 4.12375
383.606 -3.79884 0.973032 6.43366 3.92547
384.352 -3.83888 0.973237 6.43474 3.71003
385.097 -3.90963 0.991964 6.3235 3.35825
385.842 -3.98138 1.01107 6.20157 3.04892
386.587 -4.07616 1.02837 6.06575 2.69328
387.333 -4.17296 1.04604 5.91988 2.38718
388.078 -4.26496 1.07238 5.75471 2.15021
388.824 -4.35739 1.10087 5.5939 1.9501
389.569 -4.44492 1.12043 5.46754 1.78099
390.314 -4.53132 1.13656 5.3549 1.63273
391.06 -4.59867 1.14461 5.27825 1.52673
391.805 -4.65212 1.14669 5.22564 1.44659
392.55 -4.7086 1.15553 5.16096 1.37377
393.296 -4.76877 1.17296 5.08356 1.30898
394.041 -4.83311 1.1927 5.00374 1.24608
394.786 -4.90602 1.21731 4.91594 1.18235
395.532 -4.98547 1.23996 4.83092 1.11601
396.277 -5.09238 1.25145 4.74225 1.02201
397.022 -5.20102 1.26419 4.65606 0.93856
397.768 -5.3047 1.30066 4.56027 0.883667
398.513 -5.41016 1.33824 4.47047 0.833949
399.258 -5.50004 1.3555 4.40897 0.787853
400.004 -5.58952 1.37092 4.35204 0.745063
400.749 -5.66291 1.38936 4.30453 0.716076
401.494 -5.73201 1.40893 4.26074 0.691783
402.24 -5.79531 1.4295 4.22115 0.67226
402.985 -5.85549 1.45077 4.18432 0.655553
403.73 -5.93265 1.4646 4.14495 0.62895
404.476 -6.02724 1.47082 4.10307 0.593816
405.221 -6.1281 1.48607 4.05696 0.562671
405.966 -6.23897 1.51735 4.00382 0.536606
406.712 -6.35792 1.55278 3.94983 0.511535
407.457 -6.49964 1.60032 3.8884 0.485788
408.202 -6.64076 1.64694 3.83214 0.462278
408.948 -6.75139 1.67003 3.79452 0.441803
409.693 -6.86389 1.69369 3.75817 0.422543
410.438 -6.9725 1.72535 3.72291 0.407613
411.184 -7.08263 1.75812 3.68886 0.393602
411.929 -7.17289 1.79132 3.66114 0.384511
412.674 -7.2598 1.82517 3.63526 0.376623
413.42 -7.34821 1.84698 3.61235 0.366171
414.165 -7.43796 1.86351 3.59093 0.354896
414.91 -7.55114 1.89272 3.56341 0.342886
415.656 -7.68396 1.93267 3.53174 0.330598
416.401 -7.82547 1.96899 3.50075 0.317191
417.146 -7.97839 1.99972 3.47025 0.302225
417.892 -8.13789 2.04242 3.43882 0.289517
418.637 -8.30896 2.11429 3.40402 0.280803
419.382 -8.47915 2.18514 3.37177 0.27252
420.128 -8.62771 2.23694 3.34645 0.264433
420.873 -8.7786 2.29029 3.32201 0.25676
421.618 -8.9078 2.33914 3.3019 0.251028
422.364 -9.03908 2.38935 3.28231 0.24551
423.109 -9.15916 2.4135 3.26712 0.238309
423.854 -9.27937 2.43453 3.25271 0.231116
424.6 -9.40214 2.48247 3.23635 0.22688
425.345 -9.52691 2.54056 3.21965 0.223652
426.09 -9.68433 2.59329 3.20093 0.217552
426.836 -9.86439 2.64329 3.18122 0.209925
427.581 -10.049 2.70571 3.16127 0.203533
428.326 -10.2384 2.78221 3.1411 0.198348
429.072 -10.4453 2.86313 3.1204 0.192695
429.817 -10.6832 2.95045 3.09829 0.186062
430.562 -10.9202 3.04453 3.07725 0.180345
431.308 -11.1356 3.15353 3.05811 0.176964
432.053 -11.3508 3.26478 3.03995 0.173803
432.798 -11.5114 3.3522 3.02699 0.171867
433.544 -11.6746 3.44234 3.0143 0.169975
434.289 -11.8658 3.4908 3.00247 0.164707
435.034 -12.0626 3.53788 2.99088 0.15942
435.78 -12.2505 3.611 2.97917 0.156019
436.525 -12.439 3.69235 2.96761 0.153116
437.27 -12.636 3.77667 2.95604 0.150133
438.016 -12.8394 3.86395 2.9446 0.147162
438.761 -13.0752 3.97537 2.93154 0.144194
439.506 -13.3408 4.10993 2.91725 0.141254
440.252 -13.6176 4.25247 2.90311 0.138349
440.997 -13.9082 4.4046 2.88902 0.13545
441.742 -14.2086 4.56285 2.87525 0.132558
442.488 -14.5231 4.72569 2.86175 0.129521
443.233 -14.8459 4.89687 2.84859 0.126614
443.978 -15.1743 5.07819 2.83581 0.12393
444.724 -15.5115 5.26852 2.82337 0.121345
445.469 -15.7308 5.40007 2.81563 0.120005
446.214 -15.954 5.536 2.80802 0.118691
446.96 -16.2437 5.65505 2.79962 0.115676
447.705 -16.5504 5.77522 2.79122 0.112493
448.45 -16.8788 5.92193 2.7823 0.109584
449.196 -17.2213 6.08307 2.77329 0.106829
449.941 -17.5522 6.28959 2.76418 0.10518
450.686 -17.8765 6.53173 2.75506 0.104241
451.432 -18.2365 6.7875 2.74564 0.102904
452.177 -18.6392 7.05927 2.73588 0.101135
452.922 -19.0684 7.35126 2.72605 0.0992744
453.668 -19.5417 7.67157 2.71587 0.0971891
454.413 -20.011 8.0065 2.70621 0.0953558
455.158 -20.4144 8.33898 2.6979 0.0943084
455.904 -20.8275 8.69185 2.68971 0.0933043
456.649 -21.2564 9.10469 2.68115 0.0926264
457.394 -21.6935 9.54115 2.67276 0.0919568
458.14 -22.163 9.85106 2.66591 0.0898362
458.885 -22.6486 10.1651 2.65926 0.0876623
459.63 -23.1251 10.4177 2.65363 0.0852159
460.376 -23.6104 10.6611 2.64829 0.0827433
461.121 -24.0879 11.094 2.64164 0.0816891
461.866 -24.5617 11.6461 2.6344 0.0813427
462.612 -24.9933 12.1271 2.62837 0.0808154
463.357 -25.3877 12.5362 2.62339 0.0801343
464.102 -25.9231 13.05 2.6172 0.0788834
464.848 -26.6886 13.7386 2.60916 0.0767865
465.593 -27.4115 14.4528 2.60174 0.075101
466.338 -27.9459 15.1279 2.59578 0.0744315
467.084 -28.4916 15.8323 2.58995 0.0737095
467.829 -29.0813 16.4988 2.58456 0.0725536
468.574 -29.683 17.2055 2.57925 0.0714231
469.32 -30.4379 18.2768 2.57203 0.0703629
470.065 -31.2014 19.4391 2.56494 0.0693306
470.81 -31.7872 20.6449 2.55852 0.0690459
471.556 -32.3234 21.9247 2.55231 0.0688801
472.301 -32.9139 23.1587 2.54664 0.0682233
473.046 -33.5234 24.4246 2.54123 0.0673935
473.792 -34.1127 25.639 2.5364 0.0664885
474.537 -34.6894 26.8302 2.532 0.0655373
475.282 -35.2521 28.1862 2.52735 0.0646718
476.028 -35.7841 29.7447 2.52242 0.0639033
476.773 -36.2462 31.5181 2.51724 0.0632733
477.518 -36.5602 33.6556 2.5115 0.0629128
478.264 -36.8192 35.893 2.50595 0.062415
479.009 -37.2328 38.099 2.50095 0.0613169
479.754 -37.5555 40.444 2.49607 0.0602429
480.5 -37.8455 42.5773 2.49202 0.0591629
481.245 -38.0479 44.8435 2.48802 0.0581049
481.99 -37.4841 47.6331 2.4831 0.0579975
482.736 -36.6088 50.5434 2.47817 0.0579691
483.481 -35.6335 53.865 2.47295 0.0574425
484.226 -34.3442 57.3856 2.46771 0.0567914
484.972 -32.9679 60.3284 2.46351 0.0563003
485.717 -31.4952 62.9348 2.45986 0.0558954
486.462 -29.8907 65.8397 2.45609 0.0551272
487.208 -28.0739 69.0612 2.45219 0.054031
487.953 -25.5275 72.1487 2.44813 0.0532941
488.698 -22.0091 74.8198 2.44376 0.05311
489.444 -18.4146 77.1512 2.43971 0.0528108
490.189 -15.4137 79.2207 2.4365 0.0521676
490.934 -11.987 81.0691 2.43317 0.0515769
491.68 -6.93303 82.4514 2.42868 0.0513209
492.425 -1.7192 83.1933 2.42425 0.0510666
493.17 3.23336 83.8252 2.4202 0.0503765
493.916 8.23658 83.8762 2.41621 0.0496913
494.661 12.8403 83.3242 2.41255 0.0491304
495.406 17.2426 82.2872 2.40899 0.0485997
496.152 22.2911 80.8989 2.4049 0.0476271
496.897 27.3851 78.9155 2.40064 0.0464976
497.642 31.2114 76.0291 2.39674 0.0461253
498.388 33.9423 72.7219 2.39311 0.0462871
499.133 35.9936 69.5067 2.38974 0.0465633
499.878 37.4174 66.5021 2.38669 0.0469826
500.624 39.0036 63.8115 2.38369 0.046883
501.369 41.3053 61.5577 2.38078 0.0456609
502.115 43.2707 59.0146 2.37774 0.0445901
502.86 44.5432 55.7005 2.37404 0.0441368
503.605 45.4843 52.5506 2.37045 0.0436826
504.35 46.2664 50.7056 2.36835 0.0430247
505.096 46.929 48.8796 2.36625 0.042376
505.841 47.0339 46.0322 2.3628 0.0422373
506.587 46.9248 43.2732 2.35925 0.0421491
507.332 46.7884 41.0609 2.35628 0.0419872
508.077 46.5957 39.0782 2.35349 0.0418053
508.823 46.4774 37.043 2.35055 0.0413345
509.568 46.344 35.0294 2.34752 0.0407096
510.313 45.989 33.186 2.34454 0.0403427
511.059 45.4582 31.5151 2.3416 0.0402201
511.804 44.9684 29.6667 2.33825 0.0397481
512.549 44.5111 27.4861 2.33421 0.0387027
513.294 43.9458 25.7163 2.33062 0.0379777
514.04 43.3011 24.8001 2.32837 0.0382006
514.785 42.6426 23.8947 2.32601 0.0384197
515.531 41.7606 22.7073 2.32271 0.0386459
516.276 40.9082 21.6134 2.31944 0.0388626
517.021 40.7477 20.7876 2.31766 0.0379993
517.767 40.5889 19.9951 2.31593 0.037113
518.512 40.281 18.8875 2.3133 0.0358945
519.257 39.9154 17.7751 2.3105 0.0346343
520.003 39.4751 17.1713 2.30854 0.0344099
520.748 39.0207 16.7805 2.30694 0.0346173
521.493 38.2869 16.3673 2.30463 0.0353567
522.239 37.376 15.9456 2.3018 0.0364819
522.984 36.752 15.4701 2.29939 0.0368535
523.729 36.4497 14.9193 2.29751 0.036272
524.475 36.1182 14.3438 2.29547 0.0356376
525.22 35.721 13.6884 2.29303 0.0348715
525.965 35.285 13.059 2.29048 0.0341819
526.711 34.6658 12.4249 2.2873 0.0338182
527.456 34.0722 11.8417 2.2842 0.0334672
528.201 33.6817 11.4873 2.28221 0.0333132
528.947 33.3002 11.1489 2.28024 0.0331605
529.692 32.8893 10.6113 2.27762 0.0323402
530.437 32.4779 10.0809 2.27497 0.0314607
531.183 31.8911 9.79755 2.27217 0.0318774
531.928 31.2762 9.59275 2.26934 0.0326747
532.673 30.8785 9.33321 2.26717 0.0326982
533.419 30.6007 9.04754 2.26538 0.032277
534.164 30.2706 8.68435 2.26313 0.0316162
534.909 29.8882 8.25274 2.26042 0.0307204
535.655 29.551 7.93535 2.25815 0.030168
536.4 29.2892 7.78766 2.25663 0.030197
537.145 29.01 7.63473 2.25499 0.030236
537.891 28.6602 7.45423 2.25288 0.0303109
538.636 28.3265 7.28064 2.25082 0.0303649
539.381 28.0563 7.10814 2.24906 0.0302402
540.127 27.7923 6.94205 2.2473 0.0301165
540.872 27.5105 6.82333 2.24554 0.0302872
541.617 27.2351 6.71022 2.2438 0.030467
542.363 27.0984 6.49456 2.24254 0.0296678
543.108 26.9885 6.26162 2.24138 0.0286686
543.853 26.6975 6.04648 2.23919 0.0282262
544.599 26.3358 5.8471 2.23655 0.0280347
545.344 26.0524 5.71038 2.23451 0.0279989
546.089 25.8289 5.62001 2.23294 0.0280849
546.835 25.5948 5.506 2.23121 0.0280392
547.58 25.3451 5.36078 2.22926 0.027816
548.325 25.0684 5.22878 2.22712 0.0277382
549.071 24.7203 5.12033 2.22449 0.0280107
549.816 24.4008 5.00889 2.22199 0.0281756
550.561 24.177 4.86167 2.22003 0.0277915
551.307 23.9591 4.71998 2.2181 0.0274078
552.052 23.7983 4.55987 2.21652 0.0266968
552.797 23.6391 4.40523 2.21496 0.0259967
553.543 23.4295 4.29329 2.21309 0.0257488
554.288 23.218 4.1904 2.2112 0.0255623
555.033 23.0038 4.15164 2.20944 0.0258971
555.779 22.7923 4.1332 2.20773 0.0263976
556.524 22.6075 4.0363 2.20599 0.0261619
557.269 22.4389 3.89474 2.20423 0.025478
558.015 22.2637 3.8233 2.20259 0.0254027
558.76 22.0822 3.82276 2.20107 0.0259698
559.505 21.9286 3.78446 2.19967 0.0261235
560.251 21.8222 3.67802 2.19848 0.0255143
560.996 21.7116 3.5781 2.19727 0.024961
561.741 21.5847 3.49476 2.19594 0.0245947
562.487 21.4594 3.41786 2.19463 0.0242721
563.232 21.3342 3.39129 2.19345 0.024421
563.977 21.2111 3.36512 2.19228 0.0245675
564.723 21.0221 3.33999 2.19045 0.0249164
565.468 20.8339 3.31504 2.18859 0.0252693
566.213 20.7006 3.23693 2.18711 0.0249228
566.959 20.581 3.14858 2.18571 0.0244177
567.704 20.4683 3.08169 2.18444 0.0240996
568.449 20.3598 3.02556 2.18323 0.0238721
569.195 20.2314 2.95626 2.18176 0.0235552
569.94 20.0869 2.87701 2.18007 0.0231652
570.685 19.9344 2.78584 2.17823 0.0226521
571.431 19.7691 2.67728 2.17618 0.0219607
572.176 19.6177 2.61638 2.17439 0.0217421
572.921 19.4967 2.67203 2.17326 0.0227595
573.667 19.3722 2.7089 2.17202 0.0235882
574.412 19.22 2.64107 2.17014 0.0232934
575.157 19.0713 2.5757 2.16827 0.0230036
575.903 18.9172 2.49448 2.16627 0.022525
576.648 18.7665 2.41654 2.16429 0.0220563
577.393 18.6782 2.3736 2.16315 0.021822
578.139 18.6002 2.33653 2.16216 0.0216251
578.884 18.5202 2.30498 2.16114 0.021498
579.629 18.4402 2.27578 2.16013 0.0213968
580.375 18.331 2.25575 2.15875 0.021494
581.12 18.2037 2.2417 2.15715 0.0217203
581.865 18.1012 2.23526 2.15587 0.0219748
582.611 18.0257 2.23744 2.15496 0.0222643
583.356 17.9475 2.23568 2.154 0.0225123
584.101 17.863 2.22629 2.15292 0.0226792
584.847 17.7769 2.20218 2.15176 0.0226532
585.592 17.6798 2.11809 2.15026 0.0218393
586.337 17.5862 2.03893 2.14882 0.0210633
587.083 17.5334 1.99728 2.14804 0.0206738
587.828 17.481 1.95637 2.14726 0.020288
588.573 17.4016 1.92314 2.14612 0.0200814
589.319 17.3212 1.89126 2.14497 0.0198917
590.064 17.2284 1.86561 2.14364 0.0198212
590.809 17.1336 1.842 2.14227 0.0197821
591.555 17.0366 1.83004 2.1409 0.019917
592.3 16.9394 1.82396 2.13952 0.0201399
593.045 16.8517 1.82052 2.13827 0.0203761
593.791 16.7724 1.81943 2.13715 0.0206248
594.536 16.6941 1.79861 2.13598 0.0205738
595.281 16.6163 1.74742 2.13471 0.0200537
596.027 16.5283 1.70323 2.1333 0.0196603
596.772 16.4088 1.67682 2.13143 0.0196255
597.517 16.3017 1.65054 2.12973 0.0195521
598.263 16.2696 1.6198 2.1292 0.019187
599.008 16.2376 1.58945 2.12867 0.0188246
599.753 16.1543 1.5697 2.12735 0.018773
600.499 16.0714 1.55059 2.12602 0.0187278
601.244 15.9824 1.54635 2.12461 0.0189413
601.989 15.8936 1.54457 2.12321 0.0191968
602.735 15.8275 1.5252 2.12212 0.0190953
603.48 15.7706 1.49917 2.12116 0.0188521
604.225 15.7154 1.49521 2.12028 0.018973
604.971 15.6613 1.50694 2.11946 0.0193575
605.716 15.6022 1.49056 2.11847 0.0192799
606.461 15.5365 1.43988 2.11725 0.0186277
607.207 15.4759 1.40602 2.11617 0.0182418
607.952 15.426 1.40761 2.11537 0.0184392
608.697 15.383 1.40057 2.11466 0.0184663
609.443 15.371 1.35231 2.11437 0.017679
610.188 15.3561 1.30648 2.11405 0.0169391
610.933 15.2737 1.31727 2.11268 0.0173816
611.679 15.1927 1.32743 2.11132 0.0178147
612.424 15.1248 1.31612 2.11012 0.017828
613.169 15.0593 1.30273 2.10895 0.0177955
613.915 15.0228 1.3124 2.10837 0.0181016
614.66 14.995 1.32887 2.10797 0.018509
615.405 14.9494 1.30514 2.10712 0.0182295
616.151 14.8937 1.25895 2.10602 0.0175579
616.896 14.8277 1.23456 2.10478 0.0173121
617.641 14.7522 1.23135 2.10341 0.0174879
618.387 14.6818 1.22039 2.1021 0.0175026
619.132 14.6193 1.19627 2.1009 0.0172415
619.878 14.568 1.17634 2.09991 0.017025
620.623 14.5524 1.16894 2.09965 0.0169495
621.368 14.5315 1.16226 2.09928 0.0169021
622.113 14.4571 1.16219 2.09789 0.017131
622.859 14.3842 1.16192 2.09651 0.0173542
623.604 14.3114 1.14018 2.09506 0.0171518
624.349 14.24 1.11809 2.09363 0.0169337
625.095 14.2045 1.09214 2.0929 0.0165337
625.84 14.1766 1.06563 2.09232 0.016097
626.586 14.1403 1.05546 2.09161 0.0160116
627.331 14.1004 1.05267 2.09084 0.016085
628.076 14.0408 1.04275 2.08965 0.0160652
628.822 13.9662 1.02736 2.08812 0.0159711
629.567 13.9079 1.02306 2.08694 0.0160618
630.312 13.8708 1.03369 2.08625 0.016408
631.057 13.8407 1.0397 2.08569 0.0166398
631.803 13.8279 1.03451 2.08546 0.0165878
632.548 13.8099 1.02725 2.08511 0.0165062
633.294 13.7619 1.00798 2.08409 0.0162516
634.039 13.7144 0.989283 2.08308 0.0160038
634.784 13.6674 0.984291 2.08211 0.0160458
635.53 13.6211 0.97934 2.08114 0.0160866
636.275 13.5728 0.972353 2.08013 0.0160881
637.02 13.5248 0.965173 2.07911 0.0160837
637.766 13.4926 0.947989 2.07841 0.015815
638.511 13.466 0.927548 2.07782 0.0154569
639.256 13.437 0.921978 2.07721 0.0154318
640.002 13.4065 0.925859 2.07659 0.01562
640.747 13.3666 0.91789 2.07573 0.0155698
641.492 13.3165 0.897091 2.0746 0.0152574
642.238 13.2786 0.884892 2.07376 0.0151027
642.983 13.2635 0.888798 2.07348 0.0152508
643.728 13.2487 0.891787 2.0732 0.0153777
644.474 13.2348 0.891269 2.07293 0.0154228
645.219 13.218 0.890561 2.0726 0.0154714
645.964 13.1589 0.887159 2.07128 0.0155716
646.71 13.101 0.883731 2.06999 0.0156688
647.455 13.0532 0.870467 2.06889 0.0155099
648.2 13.0067 0.856779 2.06782 0.0153347
648.946 12.9841 0.833199 2.06727 0.0148614
649.691 12.9673 0.807291 2.06686 0.014315
650.436 12.944 0.789447 2.06631 0.0139722
651.182 12.9175 0.775811 2.0657 0.0137345
651.927 12.8707 0.775936 2.06463 0.0138728
652.672 12.8062 0.787792 2.06316 0.0143381
653.418 12.7545 0.794713 2.06198 0.014657
654.163 12.7213 0.794749 2.06122 0.014763
654.908 12.691 0.792384 2.06052 0.0148032
655.654 12.6683 0.783251 2.05999 0.0146577
656.399 12.6465 0.773263 2.05947 0.014488
657.144 12.6292 0.756417 2.05905 0.0141368
657.89 12.6119 0.739761 2.05863 0.0137883
658.635 12.5442 0.737701 2.05699 0.0139253
659.38 12.4774 0.735721 2.05536 0.0140631
660.126 12.448 0.732377 2.05466 0.0140714
660.871 12.4251 0.728836 2.05412 0.0140578
661.616 12.4092 0.728511 2.05376 0.0141072
662.362 12.3961 0.729434 2.05347 0.0141811
663.107 12.3764 0.734952 2.05303 0.0143887
663.852 12.3521 0.743637 2.05248 0.0146898
664.598 12.3254 0.73657 2.05182 0.0145965
665.343 12.2956 0.710626 2.05103 0.0140256
666.088 12.2625 0.694879 2.05018 0.0137208
666.834 12.2222 0.700372 2.04919 0.0139814
667.579 12.1888 0.704288 2.04837 0.014185
668.324 12.1852 0.701921 2.04832 0.0141488
669.07 12.1814 0.69901 2.04825 0.0140987
669.815 12.1724 0.684085 2.04802 0.0137482
670.56 12.1634 0.669259 2.04779 0.0133992
671.306 12.1185 0.650416 2.0466 0.0130311
672.051 12.0706 0.631727 2.04534 0.0126686
672.796 12.0321 0.63536 2.04436 0.0128732
673.542 11.9964 0.645096 2.04347 0.0132354
674.287 11.9753 0.643691 2.04294 0.0132652
675.032 11.9623 0.6362 2.04262 0.0131114
675.778 11.9516 0.635614 2.04237 0.0131371
676.523 11.9431 0.641701 2.04219 0.0133368
677.268 11.928 0.643577 2.04183 0.0134399
678.014 11.902 0.638427 2.04115 0.0133803
678.759 11.8701 0.632589 2.04031 0.0133158
679.504 11.8193 0.624463 2.03894 0.0132344
680.25 11.774 0.616642 2.03771 0.0131461
680.995 11.7673 0.609873 2.03755 0.0129904
681.74 11.7606 0.603138 2.03739 0.0128352
682.486 11.7544 0.605678 2.03726 0.0129347
683.231 11.7483 0.608506 2.03714 0.0130421
683.976 11.7183 0.585611 2.03629 0.0124939
684.722 11.6838 0.558298 2.0353 0.0118276
685.467 11.658 0.55287 2.0346 0.0117486
686.212 11.6361 0.556529 2.03403 0.0119153
686.958 11.6026 0.562561 2.03314 0.0121768
687.703 11.5606 0.57018 2.03201 0.0125053
688.448 11.5276 0.573508 2.03111 0.0126929
689.194 11.5058 0.571562 2.03052 0.0127037
689.939 11.4892 0.569918 2.03008 0.0127101
690.684 11.4847 0.568963 2.02998 0.012707
691.43 11.4748 0.56723 2.02973 0.0126945
692.175 11.4377 0.561592 2.02868 0.0126347
692.92 11.4015 0.555828 2.02766 0.012568
693.666 11.3764 0.542961 2.02693 0.0122668
694.411 11.3515 0.530342 2.02621 0.0119699
695.156 11.3312 0.52106 2.02563 0.0117578
695.902 11.3116 0.512271 2.02506 0.0115572
696.647 11.303 0.506675 2.02483 0.0114246
697.392 11.2978 0.502059 2.02471 0.0113129
698.138 11.2927 0.49294 2.02457 0.0110679
698.883 11.2877 0.481213 2.02443 0.0107453
699.628 11.2677 0.482879 2.02388 0.0108501
700.374 11.2329 0.497686 2.02291 0.0113785
701.119 11.2028 0.510387 2.02208 0.0118378
701.864 11.1803 0.519972 2.02146 0.0121892
702.61 11.161 0.525718 2.02093 0.0124197
703.355 11.1517 0.519292 2.02066 0.0122608
704.1 11.1443 0.514371 2.02046 0.0121423
704.846 11.1544 0.523056 2.02082 0.0123919
705.591 11.1646 0.53183 2.02118 0.0126434
706.336 11.1319 0.513488 2.02019 0.0121809
707.082 11.0981 0.494672 2.01915 0.0117019
707.827 11.0616 0.473354 2.01803 0.0111473
708.572 11.025 0.452097 2.01689 0.0105886
709.318 11.0013 0.446945 2.01619 0.0104923
710.063 10.9832 0.448518 2.01567 0.0105907
710.808 10.9816 0.455804 2.01566 0.0108305
711.554 10.9925 0.467605 2.01606 0.0111817
712.299 10.9933 0.469555 2.01612 0.0112514
713.044 10.9808 0.458565 2.01574 0.0109514
713.79 10.9611 0.451025 2.01515 0.0107724
714.535 10.9248 0.45121 2.01405 0.0108677
715.28 10.8887 0.451897 2.01296 0.0109789
716.026 10.851 0.455278 2.01181 0.011179
716.771 10.815 0.458424 2.01072 0.0113694
717.516 10.8082 0.460463 2.01054 0.0114601
718.262 10.8015 0.462487 2.01036 0.0115503
719.007 10.8158 0.450134 2.01082 0.0111384
719.752 10.8325 0.436029 2.01134 0.0106679
720.498 10.8144 0.423087 2.01077 0.0103082
721.243 10.7863 0.410806 2.00989 0.00998762
721.988 10.7589 0.400448 2.00903 0.00972423
722.734 10.7319 0.391233 2.00818 0.00949402
723.479 10.7078 0.390681 2.00743 0.0095344
724.224 10.6864 0.398192 2.00679 0.00982931
724.97 10.6716 0.400584 2.00635 0.00994697
725.715 10.6673 0.394793 2.00623 0.0097789
726.46 10.6622 0.394405 2.00609 0.00978678
727.206 10.6547 0.410427 2.00591 0.0103308
727.951 10.6462 0.425915 2.0057 0.0108606
728.696 10.6318 0.437966 2.00528 0.0112933
729.442 10.6174 0.449838 2.00487 0.0117219
730.187 10.579 0.435072 2.00361 0.0113371
730.932 10.541 0.420395 2.00236 0.0109497
731.678 10.5192 0.410997 2.00165 0.010697
732.423 10.5004 0.402598 2.00104 0.0104695
733.168 10.49 0.397325 2.00071 0.0103264
733.914 10.4829 0.393241 2.0005 0.0102154
734.659 10.4794 0.391431 2.0004 0.0101724
735.404 10.4783 0.391176 2.0004 0.0101759
736.15 10.4747 0.386247 2.00029 0.010029
736.895 10.4683 0.375918 2.00009 0.00970798
737.641 10.4549 0.366618 1.99965 0.00943411
738.386 10.4278 0.359388 1.99876 0.00925471
739.131 10.4024 0.35698 1.99793 0.0092323
739.876 10.3828 0.37283 1.99733 0.00981405
740.622 10.3646 0.387713 1.99677 0.0103631
741.367 10.3652 0.394435 1.99683 0.0105982
742.112 10.3658 0.401168 1.99689 0.0108337
742.858 10.3672 0.40083 1.99697 0.0108286
743.603 10.3686 0.400058 1.99704 0.0108087
744.349 10.355 0.390655 1.99658 0.010529
745.094 10.338 0.379449 1.99601 0.0101937
745.839 10.3164 0.358914 1.99526 0.00954818
746.584 10.2927 0.334563 1.99443 0.00877169
747.33 10.2701 0.329392 1.99368 0.00864531
748.075 10.2485 0.339019 1.99298 0.00902524
748.82 10.2341 0.342051 1.99251 0.00916609
749.566 10.2289 0.336502 1.99235 0.00899312
750.311 10.2286 0.332994 1.99236 0.00888142
751.057 10.2394 0.334242 1.99276 0.00891279
751.802 10.2453 0.335645 1.99299 0.00895868
752.547 10.2266 0.337701 1.99238 0.00907349
753.293 10.2077 0.339335 1.99175 0.0091745
754.038 10.1811 0.332796 1.99084 0.00900674
754.783 10.1549 0.326419 1.98994 0.00884228
755.529 10.14 0.31979 1.98943 0.0086466
756.274 10.1262 0.313223 1.98896 0.00845002
757.019 10.1125 0.312946 1.98851 0.00847352
757.765 10.0988 0.314331 1.98805 0.00855537
758.51 10.088 0.322115 1.98771 0.0088579
759.255 10.0786 0.333119 1.98742 0.00927232
760.001 10.0748 0.33002 1.98731 0.00917832
760.746 10.0758 0.314594 1.98734 0.00863933
761.491 10.0656 0.310818 1.987 0.00853238
762.237 10.0395 0.323813 1.98612 0.00904994
762.982 10.0156 0.329858 1.9853 0.00931899
763.727 9.99696 0.319086 1.98464 0.00897781
764.473 9.97871 0.310037 1.98399 0.00869565
765.218 9.96172 0.309358 1.98341 0.00871049
765.963 9.94537 0.308456 1.98284 0.00871605
766.709 9.94579 0.299698 1.98286 0.00840726
767.454 9.94617 0.290935 1.98288 0.00809835
768.199 9.95017 0.286092 1.98304 0.00792447
768.945 9.95456 0.281652 1.98322 0.0077646
769.69 9.95115 0.284691 1.98312 0.00788753
770.435 9.94549 0.289859 1.98295 0.00809126
771.181 9.93022 0.288937 1.98242 0.0080922
771.926 9.91 0.284836 1.98171 0.00798635
772.671 9.88632 0.282661 1.98086 0.00795577
773.417 9.8597 0.282146 1.97992 0.00799047
774.162 9.84414 0.283897 1.97937 0.00808904
774.907 9.84447 0.289049 1.97942 0.00828459
775.653 9.84459 0.289048 1.97944 0.00829167
776.398 9.84416 0.275671 1.97943 0.00780957
777.143 9.84387 0.26463 1.97942 0.00741262
777.889 9.84495 0.266308 1.97949 0.00747955
778.634 9.84592 0.268073 1.97955 0.00754983
779.379 9.84333 0.272412 1.97948 0.00772033
780.125 9.84074 0.276738 1.97942 0.00789054
780.87 9.814 0.268931 1.97844 0.00765592
781.615 9.78532 0.260181 1.97739 0.00738742
782.361 9.76023 0.261639 1.97649 0.00748968
783.106 9.73636 0.265689 1.97563 0.0076871
783.851 9.72915 0.254451 1.97536 0.00728681
784.597 9.73008 0.235489 1.97539 0.00658457
785.342 9.72832 0.244205 1.97536 0.00691943
786.087 9.7239 0.276301 1.97527 0.00813204
786.833 9.72288 0.290229 1.97527 0.00866093
787.578 9.7273 0.279128 1.97544 0.00824535
788.323 9.72654 0.271289 1.97542 0.00796082
789.069 9.71379 0.271242 1.97496 0.00798769
789.814 9.698 0.271455 1.97439 0.00802958
790.559 9.66798 0.272841 1.97329 0.00814046
791.305 9.63952 0.273261 1.97224 0.0082128
792.05 9.62711 0.259695 1.97176 0.00772678
792.795 9.6147 0.24636 1.97129 0.00724753
793.541 9.61483 0.239394 1.97131 0.00698911
794.286 9.61578 0.232838 1.97135 0.00674496
795.031 9.62187 0.241233 1.97162 0.00706086
795.777 9.62908 0.253086 1.97193 0.00750551
796.522 9.62974 0.247939 1.97197 0.0073157
797.267 9.6275 0.23545 1.97189 0.00685186
798.013 9.6066 0.234439 1.97111 0.00685193
798.758 9.57281 0.241402 1.96985 0.00717689
799.503 9.54982 0.243175 1.96899 0.00728793
800.249 9.53881 0.239281 1.96858 0.00716214
800.994 9.52584 0.239046 1.9681 0.00717994
801.739 9.50909 0.245599 1.96749 0.00746615
802.485 9.49574 0.246456 1.96699 0.00752739
803.23 9.49345 0.228374 1.9669 0.00683665
803.975 9.4923 0.212651 1.96685 0.00623501
804.721 9.50236 0.215643 1.96726 0.0063424
805.466 9.51249 0.218679 1.96768 0.00645104
806.211 9.50548 0.242637 1.96746 0.00739431
806.957 9.49792 0.266534 1.96723 0.00833804
807.702 9.47979 0.262588 1.96654 0.0082229
808.447 9.46043 0.254925 1.96579 0.00796427
809.193 9.44518 0.244478 1.9652 0.00758833
809.938 9.43123 0.233319 1.96466 0.0071805
810.683 9.4208 0.231757 1.96426 0.0071417
811.429 9.41229 0.235334 1.96395 0.00730146
812.174 9.40531 0.235806 1.9637 0.00733706
812.919 9.39966 0.233582 1.96349 0.00726449
813.665 9.39559 0.228784 1.96334 0.0070879
814.41 9.39367 0.220391 1.96327 0.00676607
815.155 9.39062 0.214814 1.96317 0.00655663
815.901 9.38509 0.215643 1.96297 0.00660322
816.646 9.37743 0.217131 1.96269 0.00667909
817.391 9.36071 0.221375 1.96205 0.00687795
818.137 9.34372 0.224876 1.9614 0.00704866
818.882 9.32172 0.221076 1.96054 0.00693722
819.627 9.30009 0.217373 1.95969 0.00682818
820.373 9.28982 0.220593 1.9593 0.00697839
821.118 9.28 0.223996 1.95893 0.00713567
821.863 9.2816 0.222373 1.95901 0.00707356
822.609 9.28515 0.219888 1.95917 0.0069739
823.354 9.28898 0.213388 1.95933 0.00671302
824.099 9.29288 0.205465 1.95949 0.00639531
824.845 9.29519 0.201633 1.95959 0.00624396
825.59 9.2966 0.200184 1.95967 0.00618933
826.335 9.29669 0.201004 1.95969 0.00622738
827.081 9.29557 0.203886 1.95967 0.00634971
827.826 9.28663 0.206121 1.95933 0.00645751
828.571 9.26687 0.207398 1.95856 0.006543
829.317 9.24817 0.206712 1.95782 0.00654815
830.062 9.23143 0.201784 1.95715 0.00637874
830.807 9.2159 0.196414 1.95653 0.00618865
831.553 9.20452 0.188917 1.95608 0.00590536
832.298 9.19434 0.18318 1.95568 0.00569096
833.043 9.19548 0.193731 1.95575 0.00612392
833.789 9.19652 0.204314 1.95583 0.00655815
834.534 9.19393 0.199152 1.95573 0.00635697
835.279 9.19127 0.193765 1.95563 0.00614651
836.025 9.19354 0.193992 1.95574 0.00615761
836.77 9.19651 0.194998 1.95588 0.00619946
837.515 9.18898 0.20235 1.9556 0.00651463
838.261 9.17838 0.211419 1.9552 0.00690523
839.006 9.16486 0.212514 1.95467 0.00697558
839.751 9.15005 0.209751 1.95408 0.00689006
840.497 9.13599 0.209429 1.95352 0.00690315
841.242 9.12254 0.210922 1.95298 0.00699009
841.987 9.11573 0.219912 1.95273 0.00737605
842.733 9.11636 0.237745 1.9528 0.00811499
843.478 9.11279 0.237459 1.95267 0.00811421
844.223 9.1016 0.205126 1.95217 0.00680234
844.969 9.09175 0.183168 1.95175 0.00591304
845.714 9.08765 0.189518 1.95161 0.00618647
846.459 9.08274 0.195162 1.95143 0.00643211
847.205 9.07368 0.197148 1.95107 0.00653242
847.95 9.06517 0.199835 1.95074 0.0066613
848.695 9.06508 0.215249 1.95077 0.00730702
849.441 9.06478 0.230685 1.9508 0.00795395
850.186 9.04912 0.223964 1.95016 0.00770498
850.931 9.03292 0.216396 1.94948 0.00742008
851.677 9.02393 0.188999 1.94908 0.00629232
852.422 9.01543 0.158703 1.9487 0.00503878
853.167 9.01521 0.167292 1.94872 0.00540375
853.913 9.01743 0.188327 1.94886 0.00628718
854.658 9.01371 0.197741 1.94873 0.00669182
855.403 9.00708 0.201094 1.94847 0.00684697
856.149 8.999 0.198195 1.94815 0.00674179
856.894 8.9898 0.190569 1.94776 0.00643894
857.639 8.985 0.191387 1.94758 0.00648481
858.385 8.9851 0.201734 1.94761 0.00692513
859.13 8.98297 0.200736 1.94754 0.00689081
859.875 8.97697 0.180755 1.94727 0.00606112
860.621 8.97083 0.170046 1.94701 0.00562154
861.366 8.96493 0.182814 1.9468 0.00617355
862.112 8.95768 0.192306 1.94652 0.00658986
862.857 8.94509 0.187871 1.94599 0.00642446
863.602 8.93364 0.184173 1.94552 0.00628803
864.347 8.93229 0.186922 1.94548 0.00641113
865.093 8.93094 0.189666 1.94544 0.00653408
865.838 8.93007 0.177163 1.9454 0.00600785
866.583 8.92905 0.164687 1.94536 0.00548266
867.329 8.93191 0.169855 1.9455 0.00570307
868.074 8.93514 0.176836 1.94566 0.00599985
868.82 8.92891 0.177979 1.94541 0.00606117
869.565 8.92064 0.177822 1.94507 0.00606996
870.31 8.9139 0.178693 1.9448 0.00612054
871.056 8.90774 0.179931 1.94456 0.00618608
871.801 8.89977 0.177777 1.94423 0.00610916
872.546 8.89083 0.173781 1.94385 0.00595448
873.292 8.88253 0.169991 1.94351 0.00580725
874.037 8.87474 0.166369 1.94318 0.0056661
874.782 8.87156 0.164398 1.94306 0.00558966
875.528 8.87357 0.164267 1.94316 0.00558549
876.273 8.87339 0.166098 1.94317 0.00566843
877.018 8.86963 0.171082 1.94303 0.00589157
877.764 8.86604 0.173052 1.94289 0.00598515
878.509 8.86283 0.16799 1.94276 0.00577564
879.254 8.85943 0.16364 1.94262 0.00559682
880 8.85532 0.161821 1.94246 0.00552767
880.745 8.85227 0.159463 1.94234 0.00543385
881.49 8.85612 0.15343 1.94251 0.00517299
882.236 8.85882 0.147988 1.94264 0.00493924
882.981 8.83993 0.154654 1.94184 0.00525333
883.726 8.82131 0.161059 1.94106 0.0055576
884.472 8.80915 0.158453 1.94054 0.0054638
885.217 8.79733 0.155616 1.94004 0.00535911
885.962 8.79341 0.149723 1.93987 0.00511122
886.708 8.79044 0.143479 1.93975 0.00484656
887.453 8.78974 0.140421 1.93973 0.00471791
888.198 8.78958 0.138103 1.93974 0.00462087
888.944 8.79265 0.137023 1.93988 0.00457414
889.689 8.79692 0.136388 1.94008 0.00454553
890.434 8.79449 0.139219 1.93999 0.00467525
891.18 8.78856 0.143822 1.93975 0.00488629
891.925 8.78018 0.143807 1.9394 0.00489906
892.67 8.77011 0.140534 1.93897 0.00477131
893.416 8.75974 0.140551 1.93853 0.00478756
894.161 8.74907 0.143675 1.93808 0.00494047
894.906 8.73842 0.145727 1.93763 0.00504675
895.652 8.72777 0.146435 1.93717 0.00509417
896.397 8.71958 0.149971 1.93683 0.00526347
897.142 8.71555 0.158502 1.93668 0.00564846
897.888 8.71431 0.161362 1.93664 0.00577988
898.633 8.72 0.150381 1.93689 0.00529188
899.378 8.72442 0.144624 1.93709 0.0050364
900.124 8.72457 0.157802 1.93713 0.00562051
900.869 8.72446 0.166486 1.93715 0.00600692
901.614 8.72366 0.149873 1.9371 0.00527934
902.36 8.72224 0.134479 1.93703 0.00460587
903.105 8.71709 0.131969 1.93682 0.00450427
903.85 8.71185 0.129514 1.9366 0.00440501
904.596 8.70048 0.128844 1.93611 0.00439098
905.341 8.68924 0.12818 1.93562 0.00437701
906.086 8.68351 0.12647 1.93538 0.00431064
906.832 8.67808 0.124724 1.93515 0.00424222
907.577 8.66643 0.127289 1.93465 0.00437194
908.322 8.65413 0.130311 1.93411 0.00452319
909.068 8.65156 0.129717 1.93401 0.00450285
909.813 8.65103 0.128369 1.934 0.00444666
910.558 8.65066 0.123581 1.93399 0.00423672
911.304 8.65029 0.117733 1.93398 0.00397938
912.049 8.64989 0.123641 1.93398 0.00424685
912.794 8.64936 0.1345 1.93398 0.00473559
913.54 8.64797 0.138634 1.93394 0.0049251
914.285 8.64616 0.139059 1.93387 0.00494945
915.03 8.6429 0.13564 1.93373 0.00480371
915.776 8.63861 0.129561 1.93354 0.0045399
916.521 8.63135 0.126764 1.93323 0.00442576
917.266 8.62156 0.126829 1.9328 0.00444238
918.012 8.61123 0.129017 1.93235 0.00455497
918.757 8.60028 0.133468 1.93188 0.00477048
919.502 8.59182 0.137925 1.93151 0.00498412
920.248 8.58665 0.142475 1.9313 0.00519866
920.993 8.57959 0.143071 1.93099 0.00523721
921.738 8.56937 0.137078 1.93054 0.00498141
922.484 8.56286 0.137042 1.93025 0.00499048
923.229 8.56405 0.149568 1.93033 0.00555973
923.974 8.56598 0.154622 1.93044 0.00578933
924.72 8.5702 0.139129 1.93062 0.00508595
925.465 8.5725 0.12439 1.93072 0.0044196
926.21 8.56878 0.112798 1.93056 0.00390178
926.956 8.56529 0.102468 1.9304 0.00344022
927.701 8.56339 0.0977118 1.93032 0.00322942
928.446 8.56049 0.0956671 1.9302 0.00314222
929.192 8.55083 0.111728 1.92979 0.0038829
929.937 8.54137 0.126197 1.92938 0.00455329
930.682 8.53623 0.126937 1.92916 0.00459558
931.428 8.53118 0.127175 1.92894 0.00461492
932.173 8.52761 0.116238 1.92878 0.00412313
932.918 8.52391 0.105415 1.92861 0.00363596
933.664 8.51577 0.113666 1.92826 0.0040235
934.409 8.50761 0.121765 1.92791 0.0044051
935.154 8.49589 0.115243 1.92738 0.00412135
935.9 8.48414 0.108322 1.92684 0.00381814
936.645 8.48286 0.110727 1.9268 0.00393279
937.39 8.48242 0.113892 1.92679 0.00408163
938.136 8.49208 0.114871 1.92725 0.00411988
938.881 8.50316 0.115583 1.92777 0.00414436
939.626 8.50838 0.123138 1.92803 0.00448779
940.372 8.5125 0.131963 1.92823 0.00488988
941.117 8.49844 0.12735 1.9276 0.00469718
941.862 8.48067 0.120022 1.92679 0.00438261
942.608 8.47337 0.114527 1.92645 0.00414014
943.353 8.46883 0.109528 1.92625 0.00391721
944.098 8.46119 0.127409 1.92593 0.00475225
944.844 8.45193 0.152173 1.92554 0.00590938
945.589 8.45643 0.136223 1.92574 0.00517013
946.334 8.46523 0.104719 1.92613 0.00371028
947.08 8.46036 0.102052 1.92591 0.00359448
947.825 8.45003 0.111569 1.92545 0.00404658
948.57 8.44354 0.117714 1.92517 0.00434008
949.316 8.43889 0.122283 1.92497 0.00455927
950.061 8.43719 0.131239 1.92491 0.00497874
950.806 8.43692 0.142543 1.92492 0.00550553
951.552 8.43349 0.133812 1.92477 0.00510779
952.297 8.42792 0.113658 1.9245 0.00418179
953.042 8.42117 0.122159 1.9242 0.00458621
953.788 8.41321 0.148331 1.92387 0.00581491
954.533 8.41655 0.131992 1.92402 0.00505381
955.278 8.42599 0.0859866 1.92442 0.00290984
956.024 8.41659 0.0804127 1.92399 0.00266064
956.769 8.3946 0.10387 1.923 0.00377459
957.514 8.38616 0.108679 1.92262 0.00400985
958.26 8.38825 0.0996615 1.92272 0.00358912
959.005 8.3912 0.0923216 1.92286 0.00324628
959.75 8.39489 0.0863388 1.92304 0.00296652
960.496 8.39217 0.102032 1.92294 0.00370421
961.241 8.38291 0.135827 1.92255 0.00529603
961.986 8.38248 0.149979 1.92256 0.00596111
962.732 8.39084 0.147077 1.92296 0.0058174
963.477 8.39338 0.143919 1.92308 0.00566942
964.222 8.39054 0.140592 1.92295 0.00552017
964.968 8.39127 0.129261 1.92299 0.00499265
965.713 8.39502 0.110297 1.92315 0.00410565
966.458 8.39004 0.106167 1.92292 0.00392013
967.204 8.37711 0.115998 1.92234 0.00439531
967.949 8.36135 0.125354 1.92162 0.00485338
968.694 8.34308 0.134151 1.92078 0.00529045
969.44 8.33719 0.13268 1.92051 0.00523061
970.185 8.34285 0.121577 1.92078 0.00470356
970.93 8.33482 0.116501 1.9204 0.00447529
971.676 8.31431 0.117191 1.91945 0.00453182
972.421 8.30272 0.112779 1.9189 0.00433719
973.166 8.299 0.103728 1.91873 0.00391382
973.912 8.29897 0.100159 1.91873 0.00374693
974.657 8.30236 0.101526 1.9189 0.00381115
975.402 8.30538 0.1021 1.91906 0.00383801
976.148 8.30805 0.101965 1.91919 0.00383159
976.893 8.30774 0.101753 1.91919 0.00382424
977.638 8.30489 0.101475 1.91906 0.00381616
978.384 8.30357 0.0994776 1.91901 0.00372502
979.129 8.30346 0.0960957 1.91901 0.00356709
979.874 8.30533 0.0964538 1.91911 0.00358483
980.62 8.30871 0.0996732 1.91928 0.00373685
981.365 8.29669 0.103258 1.91872 0.00392045
982.11 8.27424 0.106877 1.91767 0.00411647
982.856 8.26171 0.111259 1.91709 0.00434041
983.601 8.25541 0.11619 1.9168 0.00458505
984.346 8.24522 0.114326 1.91632 0.0045088
985.092 8.23282 0.108558 1.91573 0.00424706
985.837 8.22877 0.0990607 1.91553 0.003797
986.583 8.22905 0.0874591 1.91555 0.00324148
987.328 8.22875 0.0880949 1.91554 0.00327459
988.073 8.22817 0.0946942 1.91553 0.0035946
988.818 8.23189 0.103601 1.91573 0.00402149
989.564 8.2374 0.11364 1.91601 0.00450038
990.309 8.24129 0.121821 1.91621 0.00489105
991.055 8.24454 0.129339 1.91639 0.00525013
991.8 8.24397 0.122061 1.91636 0.0049042
992.545 8.24205 0.110178 1.91627 0.00433874
993.291 8.24268 0.109614 1.91631 0.00431333
994.036 8.244 0.11197 1.91638 0.00442724
994.781 8.24436 0.110532 1.91641 0.00436021
995.527 8.24452 0.108321 1.91642 0.0042563
996.272 8.24127 0.103586 1.91627 0.0040346
997.017 8.2375 0.098522 1.91609 0.0037973
997.763 8.22773 0.0931696 1.91563 0.003551
998.508 8.21748 0.0879238 1.91514 0.00330936
999.253 8.22272 0.114644 1.91543 0.00459333
999.999 8.22767 0.14341 1.91571 0.00597364
