255.408 1.0911 1.49994 1.26835 0.612922
256.154 1.13124 1.53129 1.28974 0.611972
256.899 1.17137 1.56146 1.31034 0.610495
257.644 1.14241 1.53625 1.29394 0.610335
258.39 1.10301 1.50153 1.2713 0.60975
259.135 1.12981 1.55815 1.2952 0.620611
259.88 1.18299 1.64437 1.33512 0.632441
260.626 1.20311 1.65626 1.344 0.630375
261.371 1.20084 1.62164 1.33346 0.6206
262.116 1.20969 1.60343 1.33085 0.612662
262.862 1.23021 1.60333 1.33665 0.607118
263.607 1.2441 1.60252 1.34025 0.603178
264.353 1.24556 1.60045 1.33978 0.602141
265.098 1.2508 1.6048 1.34213 0.602043
265.843 1.27027 1.63275 1.35484 0.605212
266.589 1.28737 1.65484 1.36521 0.60717
267.334 1.27366 1.61417 1.3503 0.598824
268.079 1.26073 1.57307 1.33555 0.589828
268.825 1.28078 1.65383 1.36196 0.608557
269.57 1.30638 1.74032 1.39153 0.626308
270.315 1.32213 1.70444 1.38615 0.612226
271.061 1.33657 1.64217 1.37401 0.590932
271.806 1.34765 1.61967 1.37126 0.581717
272.551 1.35671 1.61523 1.37245 0.578219
273.297 1.3726 1.61753 1.37725 0.575015
274.042 1.39398 1.62516 1.38487 0.572032
274.787 1.40288 1.63293 1.38893 0.572109
275.533 1.39454 1.64116 1.38825 0.576466
276.278 1.39213 1.63623 1.38607 0.575681
277.023 1.40496 1.5986 1.38042 0.561949
277.769 1.41995 1.57345 1.37855 0.551263
278.514 1.44496 1.61418 1.3948 0.557064
279.259 1.47022 1.65266 1.41045 0.561903
280.005 1.46914 1.62091 1.40252 0.553442
280.75 1.46854 1.58921 1.39483 0.54476
281.495 1.4675 1.55463 1.38649 0.535232
282.241 1.46692 1.51973 1.37834 0.525369
282.986 1.47432 1.52049 1.38039 0.524007
283.731 1.48428 1.5328 1.38568 0.52541
284.477 1.48733 1.51075 1.38152 0.51845
285.222 1.48685 1.46783 1.37198 0.506108
285.967 1.49612 1.45218 1.37118 0.499604
286.713 1.51495 1.46491 1.37911 0.499452
287.458 1.52758 1.46995 1.38359 0.498344
288.203 1.5289 1.46131 1.38196 0.495621
288.949 1.53198 1.44954 1.38023 0.491619
289.694 1.54136 1.42676 1.37815 0.483131
290.439 1.55135 1.40592 1.37672 0.475091
291.185 1.56623 1.40325 1.38035 0.471444
291.93 1.581 1.40057 1.38394 0.467851
292.675 1.57567 1.34776 1.37211 0.453403
293.421 1.57088 1.2924 1.36024 0.437772
294.166 1.56753 1.27374 1.35567 0.432767
294.911 1.56435 1.26318 1.35263 0.430166
295.657 1.56454 1.23706 1.34788 0.422167
296.402 1.56673 1.20391 1.34262 0.411583
297.147 1.57421 1.17471 1.33982 0.401263
297.893 1.58587 1.1489 1.33903 0.391303
298.638 1.58628 1.12817 1.33565 0.384778
299.383 1.57069 1.11403 1.32831 0.382866
300.129 1.55536 1.0935 1.32 0.37881
300.874 1.54114 1.05694 1.30951 0.36928
301.619 1.52842 1.02218 1.29986 0.359891
302.365 1.52101 1.0001 1.29396 0.353735
303.11 1.51378 0.977658 1.2881 0.347357
303.855 1.50249 0.939532 1.27864 0.336186
304.601 1.49192 0.901039 1.26951 0.324579
305.346 1.46227 0.87334 1.25534 0.319113
306.091 1.42982 0.846292 1.24015 0.31403
306.837 1.39919 0.804696 1.22354 0.30321
307.582 1.36987 0.757113 1.20662 0.289585
308.327 1.34081 0.738923 1.19346 0.286464
309.073 1.31118 0.740135 1.18237 0.29065
309.818 1.28391 0.720276 1.16938 0.286495
310.563 1.26015 0.676421 1.15474 0.272379
311.309 1.23596 0.643072 1.14123 0.262066
312.054 1.20954 0.631426 1.12928 0.260441
312.799 1.17854 0.618026 1.11514 0.258547
313.545 1.13029 0.598402 1.09294 0.255916
314.29 1.08196 0.57721 1.07008 0.252389
315.035 1.04405 0.547574 1.05039 0.243747
315.781 1.00591 0.516827 1.03027 0.234234
316.526 0.965504 0.490115 1.00932 0.226347
317.271 0.924547 0.462702 0.987752 0.217796
318.017 0.875 0.436025 0.961882 0.209979
318.762 0.822579 0.408502 0.934043 0.201518
319.507 0.768697 0.388748 0.905587 0.196525
320.253 0.713344 0.372657 0.876023 0.193162
320.998 0.660688 0.356879 0.847171 0.189424
321.743 0.610459 0.34139 0.81897 0.185331
322.489 0.56032 0.326646 0.790234 0.181338
323.234 0.510875 0.313512 0.761358 0.177905
323.979 0.460509 0.301131 0.73133 0.174718
324.725 0.409324 0.292072 0.700346 0.173327
325.47 0.35691 0.283093 0.667831 0.171906
326.215 0.30248 0.277256 0.633433 0.172451
326.961 0.246789 0.271116 0.597238 0.172816
327.706 0.1908 0.27149 0.560326 0.17748
328.451 0.133483 0.271907 0.521431 0.182443
329.197 0.0802876 0.276012 0.484624 0.189847
329.942 0.026848 0.280896 0.446699 0.198153
330.687 -0.0264906 0.286912 0.407907 0.207664
331.433 -0.0804932 0.29353 0.367591 0.21814
332.178 -0.133087 0.304628 0.327764 0.232516
332.923 -0.184891 0.319195 0.287969 0.250332
333.669 -0.236213 0.333756 0.247616 0.268962
334.414 -0.286671 0.34815 0.207021 0.288242
335.159 -0.335511 0.362988 0.166975 0.308596
335.905 -0.379553 0.378117 0.130437 0.329348
336.65 -0.423051 0.393067 0.0936864 0.350726
337.395 -0.461484 0.405353 0.0605118 0.369485
338.141 -0.500506 0.418004 0.0262964 0.389419
338.886 -0.540995 0.431348 -0.0097777 0.411118
339.631 -0.582081 0.445093 -0.0469743 0.434219
340.377 -0.626792 0.459405 -0.0883867 0.459762
341.122 -0.672528 0.474211 -0.131541 0.487223
341.867 -0.715072 0.487294 -0.172609 0.513116
342.613 -0.75711 0.500131 -0.213962 0.539653
343.358 -0.791602 0.508577 -0.249048 0.55986
344.103 -0.821886 0.514502 -0.280765 0.576426
344.849 -0.858335 0.520123 -0.320237 0.595274
345.594 -0.901093 0.525471 -0.368098 0.616748
346.339 -0.94558 0.533076 -0.418359 0.642487
347.085 -0.992582 0.544572 -0.471415 0.675217
347.83 -1.04057 0.556591 -0.526781 0.710551
348.575 -1.09004 0.569392 -0.585094 0.749263
349.321 -1.1396 0.580843 -0.645685 0.788065
350.066 -1.18326 0.575402 -0.708207 0.801902
350.811 -1.22763 0.569838 -0.773737 0.816177
351.557 -1.27011 0.582299 -0.828875 0.856678
352.302 -1.31303 0.595913 -0.885266 0.900947
353.047 -1.3665 0.601507 -0.964494 0.940884
353.793 -1.42306 0.605697 -1.05271 0.982387
354.538 -1.48825 0.617967 -1.15424 1.0458
355.283 -1.55801 0.634622 -1.26575 1.12491
356.029 -1.6174 0.648203 -1.36549 1.19598
356.774 -1.66834 0.659095 -1.45513 1.2593
357.519 -1.71708 0.666444 -1.54711 1.31712
358.265 -1.76257 0.668555 -1.64101 1.36374
359.01 -1.80942 0.672671 -1.74026 1.41871
359.755 -1.85899 0.681558 -1.84555 1.49139
360.501 -1.91194 0.69361 -1.9605 1.58139
361.246 -1.98209 0.722448 -2.10404 1.74741
361.991 -2.05296 0.751918 -2.25264 1.9366
362.737 -2.12689 0.781541 -2.41248 2.15588
363.482 -2.20186 0.811718 -2.57518 2.40821
364.227 -2.26313 0.832855 -2.71507 2.62739
364.973 -2.32322 0.852956 -2.85275 2.86331
365.718 -2.37977 0.860123 -3.01921 3.06715
366.463 -2.43555 0.862661 -3.20508 3.27296
367.209 -2.48891 0.879751 -3.32838 3.54615
367.954 -2.54095 0.90658 -3.39312 3.87446
368.699 -2.60524 0.932425 -3.4844 4.28877
369.445 -2.68362 0.957141 -3.59822 4.82704
370.19 -2.76494 0.982404 -3.66773 5.45376
370.935 -2.85058 1.00828 -3.6686 6.18964
371.681 -2.9335 1.03378 -3.56211 6.973
372.426 -2.99963 1.05579 -3.36496 7.63381
373.171 -3.06545 1.07715 -3.07485 8.30759
373.917 -3.11226 1.08362 -2.90041 8.80337
374.662 -3.15965 1.0901 -2.66993 9.31662
375.407 -3.22025 1.10169 -2.24627 9.96625
376.153 -3.28274 1.11378 -1.69262 10.6099
376.898 -3.37244 1.1456 -0.535675 11.2933
377.643 -3.47092 1.18356 0.932533 11.6949
378.389 -3.57563 1.22502 2.53297 11.6892
379.134 -3.68497 1.26924 4.06158 11.2533
379.879 -3.7794 1.31025 5.15169 10.5931
380.625 -3.85979 1.34807 5.87117 9.90264
381.37 -3.93857 1.38086 6.42884 9.23718
382.116 -4.014 1.40485 6.87157 8.65093
382.861 -4.08359 1.42406 7.20142 8.12868
383.606 -4.13345 1.42807 7.44267 7.8144
384.352 -4.18922 1.43651 7.65009 7.43731
385.097 -4.28423 1.47731 7.76365 6.70781
385.842 -4.3812 1.51954 7.79034 6.04661
386.587 -4.51195 1.56512 7.79472 5.29491
387.333 -4.64683 1.61274 7.71613 4.63697
388.078 -4.77398 1.67286 7.54105 4.10874
388.824 -4.90229 1.73753 7.34341 3.66425
389.569 -5.02676 1.78906 7.18691 3.3026
390.314 -5.15155 1.83621 7.04147 2.99172
391.06 -5.251 1.86681 6.94177 2.77483
391.805 -5.3318 1.88489 6.87445 2.61464
392.55 -5.41579 1.91439 6.78227 2.46539
393.296 -5.50345 1.95856 6.66473 2.32861
394.041 -5.59737 2.00817 6.54232 2.19668
394.786 -5.70365 2.06876 6.40636 2.06354
395.532 -5.82148 2.12939 6.276 1.92904
396.277 -5.98753 2.18253 6.1454 1.7492
397.022 -6.15798 2.23958 6.01618 1.5909
397.768 -6.31398 2.33506 5.86562 1.48149
398.513 -6.47379 2.43529 5.725 1.38383
399.258 -6.61688 2.49805 5.63102 1.29828
400.004 -6.76139 2.55887 5.54418 1.21989
400.749 -6.87872 2.61951 5.47091 1.16612
401.494 -6.9891 2.68134 5.40325 1.12097
402.24 -7.08976 2.74338 5.34194 1.08444
402.985 -7.18524 2.80618 5.28489 1.05307
403.73 -7.31419 2.86447 5.22513 1.00586
404.476 -7.47852 2.9184 5.16243 0.945235
405.221 -7.65172 2.99264 5.09268 0.891028
405.966 -7.83714 3.10263 5.01153 0.844667
406.712 -8.03714 3.22726 4.92932 0.800317
407.457 -8.2751 3.3903 4.83597 0.754794
408.202 -8.51513 3.55668 4.75093 0.71374
408.948 -8.71342 3.66519 4.69466 0.679266
409.693 -8.9173 3.77882 4.6404 0.647023
410.438 -9.11078 3.90876 4.58763 0.621707
411.184 -9.30838 4.04528 4.53682 0.59806
411.929 -9.46758 4.17258 4.4954 0.582441
412.674 -9.62048 4.30152 4.45681 0.568848
413.42 -9.7861 4.40955 4.42293 0.551655
414.165 -9.95988 4.50997 4.39141 0.533401
414.91 -10.1745 4.65732 4.35085 0.513781
415.656 -10.4244 4.84751 4.3042 0.493631
416.401 -10.6988 5.04341 4.25876 0.471993
417.146 -11.0067 5.24409 4.21424 0.448212
417.892 -11.3229 5.48535 4.16836 0.427879
418.637 -11.6403 5.81413 4.11746 0.413408
419.382 -11.9584 6.15309 4.07046 0.399789
420.128 -12.2488 6.43675 4.03373 0.386845
420.873 -12.545 6.73712 3.99837 0.374614
421.618 -12.7964 7.01063 3.96929 0.365443
422.364 -13.052 7.29869 3.94104 0.356643
423.109 -13.3161 7.51656 3.91928 0.345608
423.854 -13.5877 7.73348 3.89867 0.334649
424.6 -13.8298 8.02865 3.87517 0.327928
425.345 -14.0616 8.36139 3.85118 0.322671
426.09 -14.3846 8.74225 3.82441 0.313229
426.836 -14.7721 9.16901 3.79633 0.3016
427.581 -15.1521 9.65628 3.76792 0.29178
428.326 -15.5175 10.2123 3.7392 0.283723
429.072 -15.9175 10.8411 3.70981 0.275016
429.817 -16.3823 11.5864 3.67848 0.264912
430.562 -16.8205 12.3902 3.64873 0.256186
431.308 -17.148 13.2236 3.62167 0.250862
432.053 -17.4475 14.0997 3.59605 0.245896
432.798 -17.6436 14.7901 3.57777 0.242816
433.544 -17.8217 15.5162 3.55991 0.239812
434.289 -18.188 16.2424 3.54336 0.232084
435.034 -18.5651 17.0162 3.52718 0.224353
435.78 -18.8161 17.8631 3.51079 0.219289
436.525 -19.0162 18.7647 3.49463 0.21494
437.27 -19.1988 19.7386 3.47847 0.21049
438.016 -19.3517 20.7796 3.46251 0.20607
438.761 -19.434 22.0527 3.4443 0.201629
439.506 -19.4078 23.5555 3.4244 0.197215
440.252 -19.2688 25.1725 3.40474 0.192865
440.997 -18.9886 26.9156 3.38517 0.188537
441.742 -18.5512 28.7492 3.36609 0.184239
442.488 -17.9437 30.6823 3.34738 0.179756
443.233 -17.1126 32.6652 3.32919 0.175474
443.978 -16.0252 34.6499 3.31155 0.17152
444.724 -14.6733 36.6124 3.29439 0.167717
445.469 -13.637 37.8286 3.28373 0.165727
446.214 -12.4841 39.0004 3.27325 0.16378
446.96 -11.209 40.5325 3.26171 0.159476
447.705 -9.74394 42.0789 3.2502 0.154948
448.45 -7.91174 43.5539 3.23795 0.150797
449.196 -5.80786 44.8818 3.22561 0.146865
449.941 -3.41221 45.7481 3.21311 0.144457
450.686 -0.861247 46.1715 3.20061 0.143028
451.432 1.86512 46.4041 3.18772 0.141051
452.177 4.76886 46.4024 3.17437 0.138482
452.922 7.71679 46.0504 3.16094 0.135792
453.668 10.7302 45.33 3.14706 0.132795
454.413 13.4607 44.2522 3.1339 0.130156
455.158 15.5849 42.9612 3.12257 0.128612
455.904 17.4931 41.5027 3.11142 0.127132
456.649 19.1872 39.7697 3.09977 0.126093
457.394 20.625 37.9778 3.08836 0.12507
458.14 22.0117 36.6287 3.07908 0.122097
458.885 23.2497 35.2467 3.07008 0.119058
459.63 24.3469 34.051 3.06246 0.115666
460.376 25.3312 32.8678 3.05524 0.112246
461.121 25.927 31.2853 3.04624 0.110738
461.866 26.2441 29.5839 3.03644 0.110184
462.612 26.4753 28.2043 3.02828 0.109399
463.357 26.6644 27.0835 3.02155 0.10842
464.102 26.8881 25.7367 3.01319 0.106658
464.848 27.1311 24.0516 3.00234 0.103734
465.593 27.198 22.559 2.99234 0.101377
466.338 27.0731 21.427 2.9843 0.10041
467.084 26.9205 20.3674 2.97646 0.0993744
467.829 26.8217 19.3973 2.9692 0.0977602
468.574 26.6879 18.478 2.96206 0.0961829
469.32 26.3879 17.3413 2.95236 0.0946827
470.065 26.0562 16.2904 2.94282 0.0932236
470.81 25.6562 15.4363 2.9342 0.0927776
471.556 25.2478 14.6649 2.92586 0.0924941
472.301 24.9242 13.9617 2.91825 0.0915572
473.046 24.6276 13.3078 2.911 0.0903918
473.792 24.372 12.7356 2.90454 0.0891326
474.537 24.1435 12.222 2.89865 0.0878165
475.282 23.8843 11.7144 2.89243 0.0866142
476.028 23.5921 11.212 2.88583 0.0855405
476.773 23.2697 10.724 2.87891 0.0846509
477.518 22.8873 10.2374 2.87123 0.0841174
478.264 22.532 9.78155 2.86382 0.0834031
479.009 22.2558 9.34344 2.85715 0.0818926
479.754 21.9843 8.93357 2.85064 0.0804168
480.5 21.7686 8.58956 2.84525 0.0789414
481.245 21.5536 8.26221 2.83991 0.0774969
481.99 21.2266 7.96116 2.83336 0.0773136
482.736 20.9006 7.6787 2.82679 0.0772356
483.481 20.5864 7.36388 2.81984 0.0764919
484.226 20.2815 7.05567 2.81287 0.0755832
484.972 20.0372 6.81639 2.80728 0.0748964
485.717 19.8261 6.615 2.80244 0.0743293
486.462 19.6239 6.39342 2.79743 0.0732785
487.208 19.4287 6.15549 2.79226 0.071792
487.953 19.2109 5.94035 2.78686 0.0707826
488.698 18.9586 5.75426 2.78107 0.0705057
489.444 18.7327 5.57993 2.7757 0.0700786
490.189 18.5678 5.42008 2.77144 0.0692018
490.934 18.3958 5.26395 2.76703 0.0683943
491.68 18.1523 5.09536 2.76107 0.0680225
492.425 17.9167 4.93551 2.7552 0.067654
493.17 17.7171 4.76974 2.74984 0.0667114
493.916 17.5231 4.61169 2.74457 0.0657764
494.661 17.3449 4.47378 2.73973 0.065009
495.406 17.1728 4.34413 2.73502 0.0642827
496.152 16.9876 4.1844 2.72962 0.0629693
496.897 16.7997 4.01873 2.724 0.0614484
497.642 16.6144 3.9027 2.71885 0.0609315
498.388 16.4332 3.82112 2.71405 0.0611219
499.133 16.2651 3.75283 2.7096 0.0614649
499.878 16.1112 3.69927 2.70557 0.0619985
500.624 15.9723 3.62497 2.70162 0.0618476
501.369 15.8599 3.50446 2.69778 0.0602171
502.115 15.7398 3.39127 2.69378 0.0587862
502.86 15.581 3.2961 2.68891 0.058166
503.605 15.4291 3.2057 2.68419 0.0575458
504.35 15.345 3.13363 2.68141 0.0566667
505.096 15.2617 3.06352 2.67866 0.0557999
505.841 15.1145 2.99462 2.67412 0.0555972
506.587 14.9647 2.92829 2.66945 0.0554604
507.332 14.8416 2.8694 2.66554 0.0552303
508.077 14.7276 2.81386 2.66188 0.054975
508.823 14.6126 2.74596 2.658 0.054339
509.568 14.4978 2.67271 2.65403 0.0535006
510.313 14.3826 2.61173 2.65011 0.0530019
511.059 14.2672 2.56205 2.64626 0.0528246
511.804 14.1422 2.49539 2.64186 0.0521863
512.549 13.9997 2.40105 2.63656 0.0507923
513.294 13.8722 2.32653 2.63186 0.0498222
514.04 13.7833 2.30285 2.62889 0.0501028
514.785 13.6921 2.27843 2.62581 0.0503777
515.531 13.5681 2.24437 2.62147 0.0506568
516.276 13.4475 2.21129 2.61719 0.0509235
517.021 13.3906 2.1573 2.61486 0.049783
517.767 13.336 2.10388 2.61261 0.0486131
518.512 13.2537 2.03109 2.60916 0.0470041
519.257 13.167 1.95691 2.60551 0.0453406
520.003 13.099 1.92627 2.60294 0.0450376
520.748 13.0396 1.91361 2.60084 0.0453015
521.493 12.9528 1.91231 2.59781 0.0462579
522.239 12.8466 1.91882 2.59411 0.047716
522.984 12.7619 1.90476 2.59095 0.0481899
523.729 12.7033 1.86537 2.58851 0.0474202
524.475 12.6403 1.82353 2.58584 0.0465809
525.22 12.5661 1.77498 2.58266 0.045568
525.965 12.4884 1.72887 2.57933 0.0446549
526.711 12.3896 1.6888 2.57518 0.0441651
527.456 12.2942 1.65064 2.57113 0.0436926
528.201 12.2316 1.62731 2.56853 0.0434825
528.947 12.1701 1.60452 2.56595 0.0432743
529.692 12.0949 1.55794 2.56255 0.0421924
530.437 12.0194 1.51023 2.55909 0.0410336
531.183 11.9316 1.49997 2.55543 0.0415649
531.928 11.8418 1.50062 2.55175 0.0425919
532.673 11.7765 1.48358 2.54891 0.0426128
533.419 11.7254 1.45679 2.54658 0.0420561
534.164 11.6632 1.42082 2.54366 0.0411854
534.909 11.59 1.3762 2.54013 0.0400072
535.655 11.5276 1.34442 2.53718 0.0392786
536.4 11.4828 1.3333 2.5352 0.0393101
537.145 11.4347 1.32185 2.53306 0.0393541
537.891 11.3744 1.30894 2.53032 0.0394429
538.636 11.3159 1.29594 2.52764 0.0395048
539.381 11.2665 1.27999 2.52534 0.0393352
540.127 11.2179 1.26438 2.52306 0.0391672
540.872 11.168 1.25664 2.52078 0.039382
541.617 11.1187 1.24933 2.51851 0.0396086
542.363 11.0872 1.21934 2.51687 0.0385646
543.108 11.0595 1.18501 2.51537 0.0372612
543.853 11.0025 1.16022 2.51252 0.0366778
544.599 10.9336 1.14009 2.5091 0.036419
545.344 10.8796 1.12702 2.50645 0.0363647
546.089 10.8372 1.11935 2.50441 0.0364705
546.835 10.7915 1.10776 2.50216 0.0364046
547.58 10.7415 1.09096 2.49963 0.0361075
548.325 10.6866 1.07713 2.49685 0.0359984
549.071 10.6189 1.06991 2.49344 0.0363422
549.816 10.5554 1.06076 2.4902 0.0365466
550.561 10.5077 1.041 2.48766 0.036041
551.307 10.4609 1.02163 2.48515 0.0355363
552.052 10.424 0.996247 2.48311 0.0346088
552.797 10.3875 0.971455 2.48108 0.0336958
553.543 10.3425 0.956332 2.47867 0.0333679
554.288 10.297 0.942752 2.47622 0.0331198
555.033 10.2527 0.941802 2.47394 0.0335474
555.779 10.2092 0.944836 2.47172 0.0341896
556.524 10.1681 0.931017 2.46946 0.0338783
557.269 10.1284 0.907211 2.46718 0.0329866
558.015 10.0895 0.897768 2.46506 0.0328835
558.76 10.0514 0.903205 2.4631 0.0336123
559.505 10.0175 0.899832 2.46129 0.0338063
560.251 9.99111 0.880384 2.45975 0.0330139
560.996 9.96402 0.862246 2.45818 0.0322939
561.741 9.93385 0.847985 2.45646 0.0318156
562.487 9.90409 0.834884 2.45477 0.0313941
563.232 9.87578 0.832573 2.45324 0.0315828
563.977 9.84778 0.830262 2.45173 0.0317683
564.723 9.8051 0.830228 2.44936 0.0322134
565.468 9.76222 0.830209 2.44696 0.0326633
566.213 9.72961 0.816502 2.44504 0.0322104
566.959 9.69962 0.799876 2.44324 0.031553
567.704 9.67173 0.787716 2.4416 0.0311379
568.449 9.645 0.777758 2.44004 0.0308402
569.195 9.61315 0.765253 2.43813 0.0304261
569.94 9.57714 0.750738 2.43595 0.029917
570.685 9.53869 0.73345 2.43358 0.0292488
571.431 9.49652 0.712132 2.43094 0.0283501
572.176 9.45865 0.701428 2.42863 0.0280627
572.921 9.431 0.717663 2.42716 0.0293724
573.667 9.40187 0.72967 2.42557 0.0304379
574.412 9.36287 0.717242 2.42313 0.0300516
575.157 9.3245 0.705127 2.42073 0.0296721
575.903 9.28411 0.689062 2.41814 0.0290487
576.648 9.2444 0.67346 2.41559 0.0284383
577.393 9.22097 0.664744 2.41413 0.028133
578.139 9.20017 0.65716 2.41285 0.0278762
578.884 9.17896 0.650959 2.41154 0.0277094
579.629 9.15772 0.645307 2.41023 0.0275761
580.375 9.1292 0.642695 2.40846 0.0276974
581.12 9.09606 0.642051 2.40639 0.0279844
581.865 9.06928 0.642725 2.40475 0.0283085
582.611 9.04958 0.644936 2.40357 0.0286788
583.356 9.02901 0.646219 2.40233 0.0289953
584.101 9.00651 0.64569 2.40094 0.029207
584.847 8.9831 0.641351 2.39945 0.0291701
585.592 8.95516 0.621456 2.39752 0.0281176
586.337 8.92818 0.602575 2.39566 0.0271145
587.083 8.91292 0.592508 2.39466 0.026611
587.828 8.89773 0.582576 2.39366 0.0261123
588.573 8.8755 0.575276 2.3922 0.0258433
589.319 8.85291 0.568304 2.39071 0.0255961
590.064 8.82705 0.56324 2.389 0.0255018
590.809 8.80059 0.55873 2.38725 0.025448
591.555 8.77365 0.557411 2.38548 0.0256178
592.3 8.74664 0.557705 2.3837 0.0259008
593.045 8.72218 0.558512 2.3821 0.0262013
593.791 8.70001 0.559786 2.38066 0.026518
594.536 8.67755 0.555566 2.37915 0.0264491
595.281 8.65445 0.542817 2.37752 0.0257772
596.027 8.62857 0.53215 2.3757 0.0252677
596.772 8.59408 0.527093 2.3733 0.0252182
597.517 8.56292 0.521737 2.37113 0.0251195
598.263 8.55289 0.513437 2.37044 0.0246491
599.008 8.54289 0.50522 2.36976 0.0241821
599.753 8.51842 0.501076 2.36806 0.0241126
600.499 8.49399 0.497074 2.36635 0.0240512
601.244 8.46796 0.49747 2.36455 0.0243219
601.989 8.44194 0.498586 2.36275 0.0246464
602.735 8.42203 0.494102 2.36135 0.0245133
603.48 8.40466 0.487445 2.36011 0.0241986
604.225 8.38814 0.4872 2.35899 0.0243516
604.971 8.37228 0.491557 2.35794 0.024843
605.716 8.35427 0.487743 2.35666 0.0247409
606.461 8.33356 0.473861 2.35511 0.023901
607.207 8.31465 0.464786 2.35372 0.0234033
607.952 8.29958 0.466041 2.35269 0.0236545
608.697 8.28637 0.464581 2.35178 0.0236875
609.443 8.28165 0.450151 2.35141 0.0226769
610.188 8.27612 0.436484 2.351 0.0217271
610.933 8.25133 0.441053 2.34924 0.0222916
611.679 8.22686 0.445449 2.34749 0.0228438
612.424 8.20586 0.443113 2.34596 0.022858
613.169 8.18545 0.440083 2.34446 0.0228136
613.915 8.17429 0.443536 2.34372 0.0232046
614.66 8.16593 0.448917 2.3432 0.0237259
615.405 8.1513 0.442335 2.34212 0.0233656
616.151 8.13311 0.429001 2.3407 0.0225021
616.896 8.11213 0.422503 2.33912 0.0221844
617.641 8.08847 0.422707 2.33736 0.0224064
618.387 8.06619 0.420403 2.33568 0.0224222
619.132 8.04606 0.413825 2.33414 0.0220849
619.878 8.02946 0.408318 2.33288 0.0218054
620.623 8.02425 0.406094 2.33254 0.0217081
621.368 8.01736 0.404188 2.33207 0.0216467
622.113 7.99375 0.405307 2.33029 0.0219366
622.859 7.97048 0.406347 2.32852 0.0222192
623.604 7.94681 0.400558 2.32667 0.0219568
624.349 7.92346 0.39459 2.32484 0.0216744
625.095 7.91146 0.386731 2.3239 0.0211608
625.84 7.90191 0.37853 2.32316 0.0206007
626.586 7.8899 0.375699 2.32225 0.0204899
627.331 7.87683 0.375293 2.32127 0.0205821
628.076 7.85726 0.372908 2.31974 0.0205543
628.822 7.83266 0.368976 2.31779 0.0204307
629.567 7.81341 0.368367 2.31628 0.0205443
630.312 7.80131 0.372289 2.3154 0.0209855
631.057 7.79141 0.374602 2.31467 0.0212807
631.803 7.78697 0.372962 2.31438 0.0212138
632.548 7.7808 0.37073 2.31393 0.0211086
633.294 7.76454 0.365043 2.31263 0.0207809
634.039 7.74845 0.359506 2.31134 0.0204619
634.784 7.73269 0.358463 2.3101 0.0205135
635.53 7.71711 0.35742 2.30887 0.0205637
636.275 7.7008 0.355728 2.30757 0.0205634
637.02 7.68454 0.353959 2.30627 0.0205556
637.766 7.67339 0.348591 2.30537 0.0202107
638.511 7.66402 0.342029 2.30461 0.0197519
639.256 7.65405 0.340469 2.30384 0.0197185
640.002 7.64372 0.342101 2.30305 0.0199578
640.747 7.63004 0.339897 2.30195 0.0198919
641.492 7.61269 0.33351 2.30051 0.0194905
642.238 7.59954 0.329819 2.29944 0.0192912
642.983 7.59434 0.331233 2.29908 0.0194799
643.728 7.58923 0.332336 2.29872 0.0196414
644.474 7.58436 0.332239 2.29838 0.0196984
645.219 7.57848 0.332123 2.29795 0.0197597
645.964 7.5582 0.331727 2.29627 0.0198851
646.71 7.53822 0.331306 2.29462 0.0200065
647.455 7.52151 0.327358 2.29322 0.0198014
648.2 7.50522 0.323224 2.29185 0.0195756
648.946 7.49694 0.315317 2.29115 0.0189703
649.691 7.49066 0.306506 2.29062 0.018272
650.436 7.48223 0.300549 2.28992 0.0178335
651.182 7.47276 0.296074 2.28914 0.017529
651.927 7.45639 0.296621 2.28778 0.0177036
652.672 7.43403 0.301492 2.28591 0.0182946
653.418 7.41595 0.304503 2.2844 0.0186991
654.163 7.4042 0.304864 2.28343 0.0188329
654.908 7.39342 0.304346 2.28254 0.0188829
655.654 7.38522 0.301346 2.28186 0.0186962
656.399 7.37728 0.298028 2.2812 0.0184787
657.144 7.37083 0.292229 2.28066 0.0180301
657.89 7.36439 0.286485 2.28012 0.0175848
658.635 7.34034 0.286533 2.27803 0.0177565
659.38 7.3165 0.286601 2.27596 0.0179293
660.126 7.30589 0.285693 2.27506 0.0179386
660.871 7.29757 0.284627 2.27437 0.0179201
661.616 7.29178 0.284615 2.27391 0.0179824
662.362 7.28698 0.285014 2.27355 0.0180761
663.107 7.2799 0.287141 2.27298 0.0183399
663.852 7.27121 0.29047 2.27228 0.0187226
664.598 7.26142 0.2882 2.27144 0.0186024
665.343 7.25027 0.27919 2.27043 0.0178734
666.088 7.23804 0.273856 2.26935 0.0174835
666.834 7.22346 0.27625 2.26809 0.0178137
667.579 7.21135 0.277997 2.26705 0.0180717
668.324 7.2099 0.277092 2.26698 0.0180253
669.07 7.20835 0.275992 2.26689 0.0179615
669.815 7.2048 0.270615 2.2666 0.0175144
670.56 7.20124 0.265269 2.26631 0.0170694
671.306 7.18459 0.258892 2.2648 0.0165985
672.051 7.16688 0.25257 2.26318 0.0161347
672.796 7.15274 0.254252 2.26194 0.0163937
673.542 7.13971 0.25814 2.26081 0.0168533
674.287 7.13186 0.25779 2.26014 0.0168903
675.032 7.12689 0.255112 2.25972 0.016694
675.778 7.12284 0.254935 2.2594 0.0167262
676.523 7.11968 0.25718 2.25918 0.0169802
677.268 7.11406 0.257963 2.25872 0.0171108
678.014 7.10432 0.256298 2.25785 0.0170338
678.759 7.0924 0.254445 2.25678 0.0169502
679.504 7.07346 0.251966 2.25504 0.0168441
680.25 7.05646 0.249523 2.25348 0.0167297
680.995 7.05379 0.247007 2.25327 0.0165313
681.74 7.05112 0.244503 2.25307 0.0163335
682.486 7.04876 0.245433 2.25291 0.0164598
683.231 7.04641 0.246471 2.25275 0.0165963
683.976 7.03488 0.238225 2.25167 0.0158974
684.722 7.02162 0.22835 2.25041 0.0150481
685.467 7.01184 0.226516 2.24952 0.0149464
686.212 7.00358 0.228035 2.2488 0.0151577
686.958 6.991 0.230572 2.24766 0.0154888
687.703 6.97524 0.233809 2.24622 0.0159049
688.448 6.96275 0.235349 2.24508 0.0161419
689.194 6.9544 0.234784 2.24433 0.0161546
689.939 6.94804 0.234272 2.24376 0.016162
690.684 6.94623 0.233886 2.24364 0.0161579
691.43 6.94237 0.233266 2.24332 0.0161416
692.175 6.92818 0.231472 2.24199 0.0160639
692.92 6.91431 0.229612 2.24069 0.0159774
693.666 6.90452 0.224926 2.23976 0.0155933
694.411 6.89481 0.220319 2.23885 0.0152147
695.156 6.88689 0.216923 2.23811 0.0149443
695.902 6.87922 0.2137 2.23739 0.0146885
696.647 6.87579 0.211579 2.2371 0.0145197
697.392 6.87368 0.209798 2.23694 0.0143774
698.138 6.87154 0.206295 2.23677 0.0140658
698.883 6.86939 0.201794 2.23659 0.0136557
699.628 6.86167 0.20255 2.23589 0.0137881
700.374 6.84842 0.208486 2.23466 0.0144581
701.119 6.83689 0.213594 2.2336 0.0150405
701.864 6.82825 0.217442 2.23281 0.015486
702.61 6.82077 0.21979 2.23214 0.0157779
703.355 6.81702 0.217346 2.2318 0.0155757
704.1 6.81403 0.215461 2.23155 0.0154248
704.846 6.81792 0.218634 2.232 0.0157424
705.591 6.82183 0.221837 2.23246 0.0160625
706.336 6.80895 0.215052 2.2312 0.0154733
707.082 6.7956 0.208068 2.22988 0.0148633
707.827 6.78118 0.20011 2.22845 0.0141573
708.572 6.76669 0.192141 2.22702 0.0134461
709.318 6.75734 0.190289 2.22612 0.0133229
710.063 6.75022 0.191002 2.22546 0.0134472
710.808 6.74956 0.193792 2.22545 0.0137515
711.554 6.75385 0.198222 2.22595 0.014198
712.299 6.75409 0.198911 2.22603 0.0142866
713.044 6.74904 0.19469 2.22555 0.0139052
713.79 6.74118 0.191874 2.2248 0.0136771
714.535 6.72693 0.192219 2.22341 0.0137965
715.28 6.71272 0.192762 2.22202 0.0139361
716.026 6.69787 0.194381 2.22057 0.0141884
716.771 6.68367 0.195901 2.21918 0.0144285
717.516 6.68093 0.19671 2.21895 0.0145433
718.262 6.6782 0.197514 2.21872 0.0146576
719.007 6.68366 0.192456 2.2193 0.0141355
719.752 6.68999 0.186699 2.21997 0.0135391
720.498 6.68267 0.181711 2.21925 0.0130818
721.243 6.67143 0.177057 2.21813 0.0126738
721.988 6.66043 0.173141 2.21703 0.0123385
722.734 6.64962 0.16966 2.21595 0.0120454
723.479 6.63999 0.169579 2.21501 0.0120957
724.224 6.63148 0.172677 2.21419 0.012469
724.97 6.62552 0.173695 2.21363 0.0126177
725.715 6.62369 0.171376 2.21348 0.0124043
726.46 6.6216 0.171209 2.21331 0.0124141
727.206 6.61864 0.177588 2.21307 0.013104
727.951 6.61534 0.183768 2.21281 0.0137756
728.696 6.60962 0.188644 2.21228 0.014324
729.442 6.6039 0.193457 2.21176 0.0148669
730.187 6.58838 0.187878 2.21016 0.014377
730.932 6.57296 0.182305 2.20858 0.0138839
731.678 6.56408 0.178681 2.20768 0.0135626
732.423 6.55636 0.175424 2.2069 0.0132732
733.168 6.55208 0.173344 2.20649 0.0130913
733.914 6.54912 0.171713 2.20622 0.0129504
734.659 6.5476 0.170965 2.2061 0.0128957
735.404 6.54707 0.170823 2.20608 0.0129001
736.15 6.54552 0.168821 2.20596 0.0127138
736.895 6.54276 0.164669 2.20569 0.0123066
737.641 6.53722 0.160982 2.20514 0.0119589
738.386 6.52617 0.158228 2.20401 0.0117304
739.131 6.51585 0.1574 2.20296 0.011701
739.876 6.50795 0.163914 2.20219 0.0124375
740.622 6.50064 0.170041 2.20149 0.0131325
741.367 6.50087 0.172712 2.20157 0.0134306
742.112 6.50109 0.175387 2.20165 0.0137291
742.858 6.50156 0.175191 2.20174 0.0137228
743.603 6.50204 0.17482 2.20183 0.0136977
744.349 6.49638 0.171083 2.20125 0.0133425
745.094 6.48934 0.166636 2.20053 0.0129169
745.839 6.48034 0.158427 2.19958 0.012098
746.584 6.47043 0.148657 2.19853 0.0111132
747.33 6.46112 0.146666 2.19757 0.0109522
748.075 6.45233 0.150703 2.19669 0.0114327
748.82 6.44637 0.152003 2.1961 0.0116106
749.566 6.44417 0.14973 2.19589 0.0113913
750.311 6.44392 0.148256 2.1959 0.0112498
751.057 6.44828 0.148646 2.19641 0.01129
751.802 6.45062 0.149133 2.1967 0.0113484
752.547 6.44294 0.150066 2.19592 0.0114931
753.293 6.43518 0.15083 2.19513 0.0116203
754.038 6.42416 0.148305 2.19398 0.0114068
754.783 6.41329 0.145835 2.19284 0.0111975
755.529 6.40705 0.143176 2.1922 0.0109491
756.274 6.40128 0.140529 2.1916 0.0106997
757.019 6.39554 0.140468 2.19102 0.0107289
757.765 6.38985 0.141091 2.19045 0.010832
758.51 6.38539 0.144334 2.19001 0.0112147
759.255 6.38152 0.148901 2.18965 0.011739
760.001 6.37986 0.14761 2.18951 0.0116199
760.746 6.3801 0.141197 2.18955 0.0109375
761.491 6.37582 0.139669 2.18911 0.0108018
762.237 6.36503 0.145183 2.188 0.0114559
762.982 6.35511 0.147821 2.18697 0.0117955
763.727 6.34725 0.143452 2.18613 0.0113629
764.473 6.33955 0.139786 2.18531 0.0110051
765.218 6.33242 0.139582 2.18457 0.0110232
765.963 6.32555 0.139282 2.18385 0.0110296
766.709 6.32561 0.135596 2.18388 0.0106388
767.454 6.32564 0.13191 2.18391 0.010248
768.199 6.32721 0.129832 2.18411 0.0100281
768.945 6.32895 0.127921 2.18433 0.00982595
769.69 6.32749 0.12917 2.18421 0.00998142
770.435 6.3251 0.131319 2.18399 0.0102391
771.181 6.31867 0.130997 2.18332 0.0102397
771.926 6.31016 0.129379 2.18242 0.010105
772.671 6.30019 0.128584 2.18135 0.0100654
773.417 6.289 0.1285 2.18015 0.0101084
774.162 6.28243 0.129296 2.17946 0.0102325
774.907 6.28254 0.131417 2.17952 0.0104799
775.653 6.28253 0.131381 2.17955 0.0104889
776.398 6.28221 0.125745 2.17953 0.00987901
777.143 6.28196 0.121087 2.17953 0.00937687
777.889 6.28236 0.121749 2.17961 0.0094616
778.634 6.28272 0.122449 2.17968 0.00955056
779.379 6.2816 0.124247 2.1796 0.00976618
780.125 6.28048 0.126042 2.17952 0.00998142
780.87 6.26916 0.122897 2.17829 0.00968367
781.615 6.257 0.119356 2.17696 0.00934304
782.361 6.24639 0.120082 2.17581 0.00947149
783.106 6.23629 0.121897 2.17473 0.00972029
783.851 6.23313 0.117164 2.17439 0.00921388
784.597 6.23336 0.109123 2.17442 0.00832594
785.342 6.23261 0.112779 2.17439 0.00874933
786.087 6.23087 0.126323 2.17427 0.0102825
786.833 6.23047 0.132178 2.17428 0.0109513
787.578 6.23221 0.12743 2.17449 0.010426
788.323 6.23178 0.124094 2.17447 0.0100662
789.069 6.22634 0.124121 2.17389 0.0100997
789.814 6.21961 0.124278 2.17317 0.0101521
790.559 6.20686 0.125021 2.17177 0.0102911
791.305 6.19473 0.125347 2.17044 0.0103814
792.05 6.18932 0.11963 2.16984 0.00976659
792.795 6.18391 0.114003 2.16925 0.00916039
793.541 6.18388 0.111009 2.16927 0.00883377
794.286 6.18419 0.108186 2.16933 0.00852522
795.031 6.18677 0.111693 2.16966 0.00892474
795.777 6.18985 0.116659 2.17006 0.00948708
796.522 6.19004 0.11444 2.1701 0.00924718
797.267 6.18897 0.109116 2.17 0.00866081
798.013 6.18002 0.108767 2.16902 0.00866021
798.758 6.16562 0.111886 2.16743 0.00906975
799.503 6.15576 0.112741 2.16634 0.00920928
800.249 6.15098 0.111109 2.16583 0.00904993
800.994 6.14538 0.111051 2.16522 0.00907198
801.739 6.1382 0.113921 2.16444 0.00943301
802.485 6.13243 0.114336 2.16382 0.00950991
803.23 6.1313 0.106569 2.16369 0.00863716
803.975 6.13067 0.0998064 2.16363 0.00787703
804.721 6.13495 0.101013 2.16415 0.00801304
805.466 6.13925 0.102236 2.16468 0.00815065
806.211 6.13632 0.112504 2.16441 0.00934222
806.957 6.13318 0.122759 2.16411 0.0105343
807.702 6.12533 0.121154 2.16324 0.0103881
808.447 6.11692 0.117955 2.1623 0.0100606
809.193 6.11025 0.113528 2.16155 0.00958513
809.938 6.10414 0.108778 2.16086 0.00906948
810.683 6.09959 0.108136 2.16037 0.00902011
811.429 6.09589 0.109697 2.15998 0.0092216
812.174 6.09284 0.109912 2.15966 0.00926632
812.919 6.09034 0.108958 2.1594 0.00917446
813.665 6.08851 0.106885 2.15921 0.00895131
814.41 6.08758 0.103247 2.15912 0.00854481
815.155 6.08619 0.10083 2.15898 0.00828022
815.901 6.08376 0.10119 2.15873 0.00833889
816.646 6.08041 0.101845 2.15838 0.00843445
817.391 6.07316 0.103739 2.15757 0.00868501
818.137 6.06578 0.105318 2.15675 0.00889998
818.882 6.05618 0.103762 2.15566 0.0087585
819.627 6.04672 0.102242 2.15459 0.00862008
820.373 6.04223 0.103669 2.1541 0.00880936
821.118 6.03794 0.105175 2.15363 0.00900756
821.863 6.03858 0.104437 2.15373 0.00892923
822.609 6.04006 0.103314 2.15393 0.00880357
823.354 6.04164 0.100445 2.15414 0.00847438
824.099 6.04325 0.0969592 2.15434 0.00807345
824.845 6.04419 0.0952599 2.15447 0.00788247
825.59 6.04475 0.0946002 2.15457 0.00781356
826.335 6.04475 0.094932 2.15459 0.00786162
827.081 6.04423 0.0961652 2.15456 0.00801602
827.826 6.04031 0.0971551 2.15414 0.00815184
828.571 6.03168 0.0977829 2.15316 0.0082591
829.317 6.02349 0.0975523 2.15223 0.00826498
830.062 6.01612 0.0954617 2.15139 0.0080506
830.807 6.00927 0.0931677 2.15061 0.00781019
831.553 6.00422 0.0899214 2.15004 0.00745233
832.298 5.9997 0.0874347 2.14953 0.00718147
833.043 6.0002 0.0920206 2.14963 0.00772788
833.789 6.00067 0.0966202 2.14972 0.00827591
834.534 5.99946 0.0943533 2.1496 0.00802196
835.279 5.99823 0.0919875 2.14947 0.0077563
836.025 5.99918 0.092054 2.14961 0.00777039
836.77 6.00044 0.0924583 2.14979 0.00782331
837.515 5.99714 0.0956863 2.14944 0.0082208
838.261 5.9925 0.0996848 2.14893 0.00871334
839.006 5.98655 0.100212 2.14826 0.00880163
839.751 5.98 0.0990551 2.14751 0.00869319
840.497 5.97379 0.0989637 2.1468 0.00870921
841.242 5.96784 0.099667 2.14613 0.0088184
841.987 5.96485 0.103632 2.14581 0.00930509
842.733 5.96519 0.111444 2.1459 0.0102374
843.478 5.96358 0.111318 2.14574 0.0102362
844.223 5.95844 0.09714 2.14511 0.00858084
844.969 5.95396 0.0875017 2.14458 0.0074587
845.714 5.95214 0.0902952 2.14439 0.00780349
846.459 5.94996 0.0927829 2.14417 0.00811319
847.205 5.94594 0.0936806 2.14372 0.00823942
847.95 5.94216 0.094886 2.1433 0.00840169
848.695 5.94216 0.101664 2.14334 0.00921615
849.441 5.94207 0.108451 2.14338 0.0100321
850.186 5.93508 0.105556 2.14256 0.00971747
850.931 5.92784 0.102282 2.14172 0.00935751
851.677 5.92369 0.090195 2.14121 0.00793495
852.422 5.91976 0.0768081 2.14073 0.00635392
853.167 5.91966 0.0805901 2.14075 0.00681417
853.913 5.92069 0.0898684 2.14093 0.0079283
854.658 5.91905 0.0940318 2.14077 0.00843845
855.403 5.91609 0.0955292 2.14044 0.00863386
856.149 5.91246 0.0942659 2.14003 0.00850095
856.894 5.90831 0.0909119 2.13955 0.00811875
857.639 5.90614 0.0912779 2.13931 0.00817643
858.385 5.9062 0.0958455 2.13936 0.00873164
859.13 5.90521 0.0953949 2.13926 0.00868831
859.875 5.90242 0.0865421 2.13892 0.00764198
860.621 5.89961 0.0817977 2.1386 0.00708756
861.366 5.897 0.0874719 2.13833 0.00778336
862.112 5.89379 0.0917018 2.13798 0.00830798
862.857 5.88813 0.089772 2.13731 0.00809903
863.602 5.88299 0.0881617 2.13671 0.00792665
864.347 5.88236 0.0893726 2.13667 0.0080818
865.093 5.88174 0.0905816 2.13662 0.00823675
865.838 5.88125 0.0850036 2.13657 0.00757336
866.583 5.88071 0.0794374 2.13651 0.00691129
867.329 5.88197 0.0817075 2.13669 0.00718923
868.074 5.8834 0.0847816 2.1369 0.00756348
868.82 5.88059 0.0852994 2.13658 0.00764058
869.565 5.87687 0.0852478 2.13616 0.0076514
870.31 5.87384 0.0856478 2.13581 0.00771495
871.056 5.87106 0.0862094 2.1355 0.00779736
871.801 5.86746 0.0852668 2.13509 0.00770015
872.546 5.86342 0.0835062 2.13462 0.0075049
873.292 5.85966 0.0818326 2.13418 0.00731907
874.037 5.85613 0.08023 2.13377 0.00714094
874.782 5.85467 0.0793455 2.13362 0.00704451
875.528 5.85553 0.0792615 2.13374 0.00703933
876.273 5.85542 0.0800631 2.13376 0.00714387
877.018 5.85373 0.0822882 2.13358 0.00742499
877.764 5.85209 0.0831672 2.13341 0.00754281
878.509 5.8506 0.0809013 2.13324 0.00727868
879.254 5.84902 0.0789541 2.13307 0.00705322
880 5.84714 0.0781404 2.13286 0.00696596
880.745 5.84574 0.0770812 2.13271 0.00684764
881.49 5.8474 0.0743517 2.13293 0.00651903
882.236 5.84855 0.0718921 2.13308 0.00622453
882.981 5.84009 0.0749272 2.13208 0.00661981
883.726 5.83174 0.0778523 2.1311 0.00700267
884.472 5.82624 0.0767156 2.13044 0.00688412
885.217 5.82089 0.0754722 2.12981 0.00675187
885.962 5.81907 0.0728247 2.1296 0.00643944
886.708 5.81768 0.070015 2.12945 0.00610593
887.453 5.81733 0.0686279 2.12942 0.00594384
888.198 5.81721 0.0675716 2.12943 0.00582158
888.944 5.81855 0.0670605 2.12961 0.0057628
889.689 5.82043 0.0667459 2.12986 0.00572687
890.434 5.81932 0.0680097 2.12975 0.00589025
891.18 5.81663 0.0700818 2.12945 0.00615599
891.925 5.81283 0.0700889 2.12901 0.00617185
892.67 5.80826 0.0686367 2.12847 0.00601065
893.416 5.80356 0.0686646 2.12791 0.00603084
894.161 5.79874 0.070093 2.12734 0.00622318
894.906 5.79391 0.0710404 2.12677 0.00635675
895.652 5.78908 0.071383 2.1262 0.00641619
896.397 5.78536 0.0729937 2.12577 0.00662919
897.142 5.78354 0.0768455 2.12557 0.00711395
897.888 5.78296 0.0781267 2.12553 0.00727944
898.633 5.78545 0.0731324 2.12584 0.00666501
899.378 5.7874 0.0705037 2.1261 0.00634337
900.124 5.78748 0.0764337 2.12614 0.00707908
900.869 5.78744 0.0803372 2.12617 0.00756578
901.614 5.78697 0.0728305 2.12611 0.00664936
902.36 5.78625 0.0658754 2.12603 0.00580108
903.105 5.78388 0.0647448 2.12575 0.00567299
903.85 5.78148 0.0636388 2.12548 0.00554785
904.596 5.77631 0.0633573 2.12486 0.0055299
905.341 5.77119 0.0630782 2.12425 0.00551204
906.086 5.76856 0.0623081 2.12394 0.00542832
906.832 5.76607 0.0615205 2.12365 0.00534203
907.577 5.76077 0.0627034 2.12302 0.0055051
908.322 5.75518 0.0640975 2.12235 0.00569524
909.068 5.75398 0.0638223 2.12222 0.00566957
909.813 5.7537 0.0631993 2.1222 0.00559882
910.558 5.75349 0.0610157 2.12219 0.00533448
911.304 5.75327 0.0583513 2.12218 0.00501045
912.049 5.75307 0.0610176 2.12218 0.00534723
912.794 5.75284 0.06593 2.12218 0.0059626
913.54 5.75219 0.0677958 2.12212 0.00620118
914.285 5.75134 0.067981 2.12204 0.0062318
915.03 5.74982 0.0664281 2.12187 0.00604822
915.776 5.74783 0.0636706 2.12163 0.00571595
916.521 5.74449 0.0624107 2.12124 0.00557206
917.266 5.74001 0.0624579 2.1207 0.00559274
918.012 5.73529 0.0634719 2.12013 0.00573423
918.757 5.7303 0.065519 2.11953 0.00600523
919.502 5.72644 0.0675632 2.11908 0.00627394
920.248 5.72407 0.0696405 2.1188 0.00654385
920.993 5.72083 0.069925 2.11842 0.00659217
921.738 5.71611 0.0672171 2.11784 0.0062699
922.484 5.71312 0.0672107 2.11749 0.00628114
923.229 5.71368 0.072907 2.11759 0.00699766
923.974 5.71455 0.075191 2.11772 0.00728672
924.72 5.71638 0.0680979 2.11795 0.00640154
925.465 5.71735 0.061359 2.11808 0.00556288
926.21 5.7156 0.0560726 2.11787 0.00491102
926.956 5.71395 0.0513586 2.11767 0.00433001
927.701 5.71304 0.0491815 2.11757 0.00406465
928.446 5.71169 0.048243 2.11742 0.00395485
929.192 5.70729 0.0555838 2.1169 0.00488687
929.937 5.70298 0.0622067 2.1164 0.00573036
930.682 5.70061 0.0625491 2.11612 0.00578345
931.428 5.69827 0.0626618 2.11584 0.00580766
932.173 5.69658 0.0576607 2.11564 0.00518868
932.918 5.69483 0.0527092 2.11543 0.00457553
933.664 5.6911 0.0564939 2.11498 0.00506303
934.409 5.68736 0.060213 2.11454 0.00554303
935.154 5.68194 0.0572484 2.11387 0.00518569
935.9 5.67651 0.0540964 2.1132 0.00480391
936.645 5.6759 0.0551909 2.11314 0.00494815
937.39 5.67568 0.0566324 2.11313 0.00513541
938.136 5.68009 0.0570418 2.11371 0.00518377
938.881 5.68514 0.0573245 2.11436 0.00521486
939.626 5.68752 0.0607563 2.11469 0.00564714
940.372 5.68941 0.0647702 2.11495 0.00615325
941.117 5.68293 0.0626936 2.11415 0.00591036
941.862 5.67473 0.0593794 2.11312 0.00551409
942.608 5.67134 0.0568688 2.11271 0.00520885
943.353 5.66922 0.0545756 2.11245 0.00492827
944.098 5.66573 0.0627975 2.11205 0.00597864
944.844 5.66155 0.074198 2.11156 0.00743408
945.589 5.66353 0.0668402 2.11181 0.00650424
946.334 5.66744 0.0523325 2.1123 0.00466786
947.08 5.66517 0.0511088 2.11202 0.00452208
947.825 5.66042 0.055498 2.11145 0.00509062
948.57 5.65743 0.0583307 2.11109 0.00545968
949.316 5.65528 0.0604354 2.11084 0.00573529
950.061 5.6545 0.0645496 2.11077 0.00626292
950.806 5.6544 0.0697398 2.11078 0.0069256
951.552 5.65276 0.0657245 2.11058 0.00642517
952.297 5.6501 0.0564562 2.11025 0.00526019
953.042 5.647 0.0603799 2.10988 0.00576873
953.788 5.6434 0.0724541 2.10946 0.007314
954.533 5.64485 0.0649029 2.10965 0.00635678
955.278 5.64904 0.0436797 2.11016 0.0036602
956.024 5.64468 0.0411203 2.10961 0.00334659
956.769 5.63457 0.0519731 2.10836 0.00474725
957.514 5.63066 0.0542045 2.10789 0.00504295
958.26 5.63158 0.050026 2.10801 0.00451386
959.005 5.63289 0.0466211 2.10819 0.00408275
959.75 5.63456 0.0438424 2.10842 0.00373098
960.496 5.63331 0.0510791 2.10829 0.00465871
961.241 5.62912 0.0666969 2.1078 0.00666044
961.986 5.62895 0.0732224 2.10781 0.00749687
962.732 5.63277 0.0718378 2.10831 0.00731644
963.477 5.63391 0.0703603 2.10846 0.00713042
964.222 5.63256 0.0688257 2.10831 0.00694261
964.968 5.63283 0.0635844 2.10835 0.00627918
965.713 5.63448 0.0548128 2.10855 0.00516371
966.458 5.63214 0.0529113 2.10827 0.00493027
967.204 5.62617 0.0574769 2.10753 0.00552756
967.949 5.6189 0.0618413 2.10663 0.00610318
968.694 5.61045 0.0659655 2.10557 0.00665223
969.44 5.60769 0.0652959 2.10524 0.0065768
970.185 5.61025 0.0601248 2.10557 0.00591426
970.93 5.60649 0.0577895 2.1051 0.00562702
971.676 5.59696 0.0581635 2.10389 0.00569754
972.421 5.59155 0.0561412 2.10321 0.00545254
973.166 5.58977 0.0519389 2.10299 0.00492021
973.912 5.58972 0.0502721 2.103 0.00471041
974.657 5.59128 0.0508886 2.10321 0.00479123
975.402 5.59266 0.0511374 2.10341 0.00482507
976.148 5.59388 0.0510584 2.10358 0.00481707
976.893 5.5937 0.050951 2.10357 0.00480783
977.638 5.59236 0.0508204 2.10341 0.0047976
978.384 5.59172 0.049887 2.10334 0.004683
979.129 5.59163 0.0483079 2.10335 0.00448445
979.874 5.59248 0.0484602 2.10347 0.00450681
980.62 5.59403 0.0499366 2.10369 0.00469801
981.365 5.58844 0.0516234 2.10299 0.00492855
982.11 5.57799 0.0533579 2.10166 0.0051744
982.856 5.57215 0.0554243 2.10093 0.00545558
983.601 5.56921 0.057731 2.10057 0.0057629
984.346 5.56443 0.0568849 2.09996 0.00566679
985.092 5.55861 0.0542231 2.09922 0.0053375
985.837 5.55667 0.0497935 2.09898 0.00477179
986.583 5.55675 0.0443695 2.09899 0.00407366
987.328 5.55659 0.044658 2.09899 0.00411527
988.073 5.55631 0.0477304 2.09897 0.00451742
988.818 5.55805 0.051868 2.09922 0.00505402
989.564 5.56062 0.0565261 2.09957 0.00565602
990.309 5.56244 0.0603196 2.09983 0.00614715
991.055 5.56396 0.0638037 2.10005 0.00659855
991.8 5.56365 0.0604043 2.10002 0.00616376
992.545 5.56269 0.0548623 2.0999 0.00545301
993.291 5.56296 0.0545887 2.09995 0.0054211
994.036 5.56356 0.0556742 2.10004 0.00556431
994.781 5.5637 0.0549942 2.10007 0.00548008
995.527 5.56375 0.0539545 2.10009 0.00534949
996.272 5.5622 0.0517479 2.0999 0.00507077
997.017 5.56041 0.0493882 2.09968 0.00477244
997.763 5.55581 0.0469073 2.09909 0.00446268
998.508 5.55099 0.0444739 2.09848 0.0041588
999.253 5.55349 0.0569268 2.09884 0.00577249
999.999 5.55589 0.0703255 2.09919 0.00750736
