255.408 1.13096 1.50332 1.25345 0.552957
256.154 1.17334 1.53295 1.27269 0.551445
256.899 1.21568 1.56129 1.29119 0.549486
257.644 1.18474 1.53696 1.27643 0.549843
258.39 1.14275 1.50345 1.25601 0.550007
259.135 1.17285 1.55946 1.27788 0.559055
259.88 1.23156 1.64407 1.31414 0.568446
260.626 1.25256 1.65479 1.32205 0.566311
261.371 1.24816 1.61948 1.31229 0.55786
262.116 1.256 1.60027 1.30969 0.550809
262.862 1.27668 1.5988 1.31474 0.545652
263.607 1.29057 1.59699 1.31785 0.542004
264.353 1.2918 1.5946 1.3174 0.541087
265.098 1.29721 1.5985 1.31951 0.540929
265.843 1.31837 1.62551 1.33101 0.543392
266.589 1.33679 1.64669 1.34038 0.544835
267.334 1.32044 1.60609 1.32675 0.537795
268.079 1.30493 1.56503 1.31323 0.530154
268.825 1.3296 1.64541 1.3375 0.546178
269.57 1.36045 1.73125 1.36454 0.561181
270.315 1.37408 1.69378 1.35929 0.548734
271.061 1.38485 1.62981 1.34778 0.530015
271.806 1.39458 1.60628 1.34505 0.521833
272.551 1.40329 1.6011 1.34601 0.518663
273.297 1.41927 1.60234 1.35022 0.515654
274.042 1.44107 1.60861 1.35697 0.512763
274.787 1.45031 1.61573 1.36061 0.512717
275.533 1.44222 1.62433 1.36012 0.516639
276.278 1.43935 1.61933 1.35814 0.515998
277.023 1.44993 1.58059 1.3527 0.503853
277.769 1.4634 1.55433 1.35072 0.494328
278.514 1.49065 1.59363 1.36544 0.499078
279.259 1.51808 1.63061 1.37958 0.502976
280.005 1.51496 1.59867 1.37225 0.495622
280.75 1.51235 1.56678 1.36514 0.488059
281.495 1.50919 1.53207 1.35741 0.479748
282.241 1.50651 1.49705 1.34984 0.471124
282.986 1.5138 1.49728 1.35164 0.469849
283.731 1.52427 1.50891 1.35643 0.470969
284.477 1.52595 1.48658 1.35252 0.46484
285.222 1.52301 1.44364 1.34365 0.454018
285.967 1.53128 1.42742 1.34277 0.448205
286.713 1.55058 1.43901 1.34988 0.447872
287.458 1.56328 1.44326 1.35386 0.446769
288.203 1.56398 1.43448 1.35234 0.444369
288.949 1.56627 1.42249 1.35069 0.440824
289.694 1.57426 1.39924 1.34861 0.433265
290.439 1.58297 1.3779 1.34715 0.426091
291.185 1.59747 1.37439 1.35031 0.422737
291.93 1.61185 1.3709 1.35345 0.419432
292.675 1.60373 1.31868 1.34251 0.406751
293.421 1.59613 1.26396 1.33152 0.39299
294.166 1.5918 1.24557 1.3273 0.388597
294.911 1.58801 1.23519 1.32452 0.386327
295.657 1.58687 1.20927 1.32008 0.379246
296.402 1.5874 1.17631 1.31514 0.369847
297.147 1.59338 1.14705 1.31242 0.360632
297.893 1.60365 1.121 1.31151 0.351699
298.638 1.60305 1.10047 1.30835 0.3459
299.383 1.58695 1.08714 1.30171 0.344322
300.129 1.57087 1.06747 1.29416 0.340832
300.874 1.55525 1.03193 1.28455 0.332453
301.619 1.54125 0.998095 1.27569 0.324175
302.365 1.53302 0.976564 1.27026 0.318735
303.11 1.52496 0.954672 1.26487 0.313092
303.855 1.51237 0.917462 1.25615 0.303184
304.601 1.50055 0.879867 1.24772 0.292866
305.346 1.47032 0.853536 1.23484 0.288162
306.091 1.4374 0.827886 1.22105 0.283812
306.837 1.40586 0.787775 1.20586 0.274288
307.582 1.37553 0.741662 1.19035 0.262211
308.327 1.34632 0.724486 1.17838 0.259575
309.073 1.31705 0.726448 1.16839 0.26353
309.818 1.28955 0.707508 1.15655 0.259951
310.563 1.26497 0.664735 1.14306 0.247346
311.309 1.24027 0.632314 1.13065 0.238162
312.054 1.21387 0.62136 1.11977 0.236843
312.799 1.18289 0.608738 1.10688 0.235306
313.545 1.13472 0.590258 1.08663 0.233201
314.29 1.0864 0.570144 1.06574 0.23028
315.035 1.04826 0.54139 1.04766 0.222641
315.781 1.0099 0.511467 1.02916 0.214193
316.526 0.969374 0.485513 1.0099 0.207224
317.271 0.928291 0.458797 0.990045 0.199637
318.017 0.878674 0.432841 0.96623 0.192752
318.762 0.826173 0.405975 0.940567 0.185274
319.507 0.772266 0.386772 0.914334 0.180973
320.253 0.716878 0.371154 0.887055 0.178171
320.998 0.664135 0.355753 0.860385 0.175007
321.743 0.613779 0.340557 0.834271 0.171498
322.489 0.563475 0.326044 0.807622 0.168074
323.234 0.513831 0.313084 0.780805 0.165161
323.979 0.46322 0.300831 0.752877 0.162477
324.725 0.411746 0.291872 0.724027 0.161465
325.47 0.35898 0.282953 0.693697 0.160437
326.215 0.30413 0.277162 0.66157 0.161258
326.961 0.24794 0.271033 0.627694 0.16193
327.706 0.191386 0.271456 0.593116 0.166649
328.451 0.133417 0.271905 0.556604 0.171687
329.197 0.0795533 0.276078 0.522007 0.179027
329.942 0.0253793 0.281037 0.486293 0.187263
330.687 -0.0287543 0.287145 0.449699 0.196684
331.433 -0.0836242 0.293865 0.411595 0.20708
332.178 -0.137119 0.305154 0.373922 0.221227
332.923 -0.189865 0.319995 0.336254 0.238719
333.669 -0.242171 0.334848 0.297997 0.257074
334.414 -0.29364 0.34955 0.25945 0.27614
335.159 -0.343499 0.364723 0.221381 0.296315
335.905 -0.388486 0.38021 0.186631 0.316901
336.65 -0.432944 0.395529 0.151641 0.338179
337.395 -0.472239 0.408129 0.120004 0.356943
338.141 -0.512158 0.421111 0.0873464 0.376936
338.886 -0.553606 0.434813 0.0528862 0.398761
339.631 -0.595688 0.448935 0.0173262 0.422065
340.377 -0.641519 0.463647 -0.0223205 0.447953
341.122 -0.688431 0.478871 -0.0636702 0.475883
341.867 -0.732084 0.492328 -0.10308 0.502353
342.613 -0.77524 0.505532 -0.142803 0.529588
343.358 -0.810639 0.514216 -0.176619 0.550527
344.103 -0.841713 0.520304 -0.207282 0.567851
344.849 -0.879149 0.526068 -0.245556 0.587753
345.594 -0.923101 0.531534 -0.292099 0.610639
346.339 -0.968856 0.53931 -0.340966 0.63797
347.085 -1.01723 0.551079 -0.392441 0.672522
347.83 -1.06665 0.563367 -0.446202 0.709977
348.575 -1.11762 0.576434 -0.502858 0.751179
349.321 -1.16872 0.588078 -0.561895 0.79285
350.066 -1.21364 0.582264 -0.624192 0.809722
350.811 -1.2593 0.576284 -0.689726 0.827301
351.557 -1.30312 0.588901 -0.74361 0.871127
352.302 -1.34743 0.602675 -0.79863 0.919134
353.047 -1.40261 0.608019 -0.877302 0.96432
353.793 -1.46098 0.611801 -0.965367 1.01206
354.538 -1.52842 0.623732 -1.06614 1.08379
355.283 -1.60074 0.639995 -1.17651 1.17337
356.029 -1.66237 0.653098 -1.27544 1.25477
356.774 -1.71528 0.66346 -1.36458 1.32814
357.519 -1.76591 0.670096 -1.45683 1.39662
358.265 -1.81311 0.67127 -1.55234 1.45409
359.01 -1.86183 0.674403 -1.65316 1.52159
359.755 -1.91362 0.682348 -1.7591 1.60947
360.501 -1.96917 0.69342 -1.87392 1.71813
361.246 -2.04352 0.721482 -2.01132 1.91421
361.991 -2.119 0.750211 -2.15027 2.13945
362.737 -2.19808 0.779059 -2.29562 2.40317
363.482 -2.27865 0.808559 -2.43618 2.70855
364.227 -2.34457 0.829022 -2.55359 2.97761
364.973 -2.40942 0.848496 -2.66211 3.26873
365.718 -2.47016 0.854271 -2.80649 3.53377
366.463 -2.53006 0.855098 -2.97016 3.81011
367.209 -2.58803 0.871727 -3.04245 4.15251
367.954 -2.64506 0.89902 -3.02648 4.54435
368.699 -2.71544 0.924926 -3.0053 5.04208
369.445 -2.80129 0.949232 -2.95239 5.68744
370.19 -2.8906 0.974165 -2.79251 6.41218
370.935 -2.98492 0.999761 -2.48157 7.21564
371.681 -3.07647 1.02517 -2.00245 7.9939
372.426 -3.14964 1.04743 -1.47002 8.56689
373.171 -3.22258 1.06908 -0.832991 9.07044
373.917 -3.27413 1.07499 -0.400278 9.43942
374.662 -3.3264 1.08091 0.093516 9.77448
375.407 -3.39354 1.09207 0.825976 10.095
376.153 -3.46288 1.10378 1.64148 10.3051
376.898 -3.56328 1.13659 2.89322 10.1844
377.643 -3.67392 1.17613 4.12176 9.70958
378.389 -3.79191 1.21958 5.15782 8.9631
379.134 -3.91552 1.26621 5.92311 8.06691
379.879 -4.02256 1.3099 6.33951 7.27555
380.625 -4.11389 1.3506 6.544 6.63094
381.37 -4.20341 1.38581 6.67954 6.07113
382.116 -4.28903 1.41125 6.78465 5.60346
382.861 -4.36802 1.43152 6.85076 5.21096
383.606 -4.42422 1.43512 6.92067 4.96788
384.352 -4.48735 1.4436 6.96034 4.69805
385.097 -4.59633 1.48791 6.87875 4.23879
385.842 -4.70784 1.53396 6.7721 3.83373
386.587 -4.85856 1.5831 6.64964 3.37203
387.333 -5.01461 1.6347 6.50381 2.97442
388.078 -5.1626 1.70126 6.3237 2.664
388.824 -5.31254 1.77344 6.14405 2.40261
389.569 -5.45812 1.83077 6.00316 2.18466
390.314 -5.60441 1.88324 5.87677 1.99496
391.06 -5.72093 1.91717 5.79079 1.86048
391.805 -5.8154 1.93697 5.73208 1.7596
392.55 -5.91413 1.97023 5.6581 1.66723
393.296 -6.01779 2.02084 5.56821 1.58427
394.041 -6.1292 2.07794 5.47534 1.50388
394.786 -6.25584 2.14805 5.373 1.42254
395.532 -6.39658 2.21825 5.27425 1.33869
396.277 -6.59537 2.27867 5.17244 1.22212
397.022 -6.80043 2.344 5.0731 1.11892
397.768 -6.98984 2.45662 4.96128 1.04991
398.513 -7.18469 2.57574 4.85662 0.987692
399.258 -7.35903 2.65022 4.78547 0.931076
400.004 -7.5357 2.72271 4.71966 0.878741
400.749 -7.67951 2.79594 4.66458 0.843136
401.494 -7.81512 2.87115 4.61379 0.813274
402.24 -7.939 2.94716 4.56785 0.789217
402.985 -8.05668 3.02456 4.52511 0.768603
403.73 -8.2163 3.09615 4.47971 0.73639
404.476 -8.42069 3.1621 4.43162 0.694231
405.221 -8.63745 3.25388 4.37852 0.656753
405.966 -8.87118 3.39142 4.31715 0.625157
406.712 -9.12474 3.54865 4.25486 0.594817
407.457 -9.42866 3.75635 4.18404 0.563657
408.202 -9.737 3.97074 4.1193 0.535317
408.948 -9.99238 4.11217 4.07615 0.510932
409.693 -10.2564 4.26153 4.03448 0.488035
410.438 -10.5079 4.4338 3.99403 0.470208
411.184 -10.766 4.61643 3.95501 0.453503
411.929 -10.9739 4.78821 3.92323 0.442597
412.674 -11.1738 4.96349 3.89358 0.433124
413.42 -11.3917 5.11209 3.8674 0.420765
414.165 -11.6215 5.25163 3.84296 0.407503
414.91 -11.9072 5.45708 3.81156 0.393334
415.656 -12.2418 5.72445 3.77541 0.378817
416.401 -12.612 6.00377 3.7401 0.363061
417.146 -13.0314 6.29465 3.70539 0.345562
417.892 -13.464 6.64773 3.66963 0.330668
418.637 -13.8972 7.13221 3.63001 0.320325
419.382 -14.3321 7.64008 3.59334 0.310525
420.128 -14.7312 8.07383 3.56459 0.301043
420.873 -15.1387 8.53965 3.53686 0.292059
421.618 -15.4826 8.96883 3.51404 0.285338
422.364 -15.8316 9.42634 3.49184 0.278875
423.109 -16.2012 9.78435 3.47466 0.270553
423.854 -16.5836 10.1466 3.45837 0.262254
424.6 -16.9121 10.6314 3.43985 0.257301
425.345 -17.2185 11.1802 3.42095 0.253492
426.09 -17.6589 11.8265 3.39979 0.246417
426.836 -18.1935 12.5693 3.37754 0.237615
427.581 -18.7036 13.4248 3.35502 0.230219
428.326 -19.1706 14.4088 3.33226 0.224197
429.072 -19.6682 15.5442 3.30891 0.21765
429.817 -20.2293 16.9222 3.28399 0.209996
430.562 -20.706 18.4293 3.26029 0.203395
431.308 -20.9514 19.9829 3.23874 0.199449
432.053 -21.0922 21.6269 3.21831 0.195762
432.798 -21.0986 22.9185 3.20372 0.193495
433.544 -21.0258 24.2742 3.18945 0.19128
434.289 -21.2535 25.7468 3.17617 0.185276
435.034 -21.4399 27.3363 3.16318 0.179256
435.78 -21.3133 28.9972 3.15003 0.175361
436.525 -21.0071 30.73 3.13706 0.172029
437.27 -20.5569 32.5802 3.12409 0.16861
438.016 -19.932 34.519 3.11125 0.165208
438.761 -18.893 36.7791 3.09661 0.161802
439.506 -17.3339 39.2703 3.0806 0.158425
440.252 -15.3432 41.7294 3.06476 0.15509
440.997 -12.8706 44.0799 3.04898 0.151766
441.742 -9.96437 46.18 3.03358 0.148455
442.488 -6.64956 47.9676 3.01847 0.144985
443.233 -2.99957 49.2624 3.00376 0.141667
443.978 0.854068 49.9541 2.98948 0.138603
444.724 4.77853 50.0364 2.97558 0.135652
445.469 7.26008 49.717 2.96694 0.134118
446.214 9.66793 49.1604 2.95844 0.132616
446.96 12.4915 48.6762 2.94907 0.129209
447.705 15.3024 47.9094 2.93971 0.125617
448.45 18.0718 46.6423 2.92975 0.122331
449.196 20.6286 45.0199 2.91971 0.119218
449.941 22.6684 42.9471 2.90955 0.117341
450.686 24.2232 40.658 2.89938 0.116257
451.432 25.608 38.2897 2.88889 0.114728
452.177 26.8198 35.8472 2.87801 0.112718
452.922 27.7524 33.4049 2.86706 0.110606
453.668 28.4574 30.9378 2.85573 0.108245
454.413 28.8477 28.6735 2.84498 0.106168
455.158 28.9123 26.8155 2.83573 0.104971
455.904 28.8518 25.0826 2.82662 0.103824
456.649 28.6155 23.4001 2.8171 0.103039
457.394 28.3084 21.8602 2.80777 0.102265
458.14 28.2599 20.5744 2.80016 0.0998827
458.885 28.1685 19.3711 2.79278 0.0974434
459.63 28.1317 18.3393 2.78653 0.0947055
460.376 28.0753 17.3795 2.7806 0.0919406
461.121 27.6997 16.4006 2.77321 0.0907484
461.866 27.178 15.4677 2.76518 0.0903409
462.612 26.7662 14.714 2.75849 0.0897366
463.357 26.4477 14.0974 2.75296 0.088965
464.102 26.0845 13.3478 2.74609 0.0875576
464.848 25.6427 12.4092 2.73717 0.0852064
465.593 25.2002 11.6167 2.72894 0.0833147
466.338 24.7858 11.0632 2.72233 0.082555
467.084 24.3891 10.5466 2.71587 0.0817377
467.829 24.0573 10.0547 2.7099 0.080441
468.574 23.7291 9.59328 2.70401 0.0791731
469.32 23.2591 9.04542 2.69602 0.0779784
470.065 22.8027 8.54132 2.68816 0.0768156
470.81 22.3624 8.15555 2.68105 0.0764831
471.556 21.9404 7.80998 2.67417 0.0762832
472.301 21.5874 7.47658 2.66789 0.075541
473.046 21.2645 7.1599 2.6619 0.0746082
473.792 20.9869 6.87787 2.65657 0.0735941
474.537 20.7403 6.6213 2.65169 0.0725302
475.282 20.4782 6.37084 2.64655 0.0715609
476.028 20.1984 6.12605 2.6411 0.0706986
476.773 19.9041 5.89165 2.63538 0.069989
477.518 19.5732 5.66463 2.62902 0.0695764
478.264 19.2655 5.4471 2.62289 0.0690127
479.009 19.0122 5.22255 2.61736 0.0677869
479.754 18.7678 5.0118 2.61197 0.0665884
480.5 18.5715 4.83124 2.60749 0.0653855
481.245 18.379 4.65915 2.60307 0.0642073
481.99 18.1179 4.51979 2.59764 0.0640778
482.736 17.86 4.38973 2.59219 0.0640355
483.481 17.6046 4.23372 2.58643 0.0634424
484.226 17.3562 4.07789 2.58065 0.062712
484.972 17.1583 3.9571 2.576 0.0621607
485.717 16.9881 3.8555 2.57198 0.0617059
486.462 16.8212 3.73762 2.56782 0.0608499
487.208 16.6569 3.60624 2.56352 0.0596319
487.953 16.4803 3.492 2.55903 0.0588104
488.698 16.2836 3.40073 2.55422 0.0585984
489.444 16.1064 3.3128 2.54975 0.0582601
490.189 15.9729 3.22616 2.54621 0.0575442
490.934 15.835 3.14209 2.54254 0.0568861
491.68 15.6455 3.05693 2.53758 0.0565949
492.425 15.4621 2.97568 2.5327 0.056306
493.17 15.3031 2.88492 2.52824 0.0555374
493.916 15.1488 2.79795 2.52384 0.0547744
494.661 15.0077 2.72258 2.51981 0.0541493
495.406 14.8718 2.65164 2.51588 0.0535578
496.152 14.7231 2.55972 2.51138 0.0524786
496.897 14.5717 2.46282 2.50669 0.0512265
497.642 14.4272 2.40053 2.50239 0.0508096
498.388 14.2887 2.36211 2.49839 0.0509814
499.133 14.1607 2.33153 2.49468 0.0512797
499.878 14.0441 2.30991 2.49132 0.051736
500.624 13.9362 2.27131 2.48802 0.051621
501.369 13.8433 2.19586 2.48481 0.0502704
502.115 13.7455 2.12602 2.48147 0.0490864
502.86 13.6206 2.07249 2.4774 0.0485811
503.605 13.5011 2.02132 2.47345 0.0480753
504.35 13.4333 1.97738 2.47113 0.0473478
505.096 13.3663 1.93457 2.46883 0.0466305
505.841 13.2517 1.89783 2.46503 0.0464724
506.587 13.1352 1.86282 2.46113 0.0463696
507.332 13.039 1.83083 2.45786 0.0461869
508.077 12.9498 1.80031 2.4548 0.0459824
508.823 12.8586 1.76031 2.45156 0.0454599
509.568 12.7672 1.71592 2.44823 0.044768
510.313 12.6761 1.68054 2.44495 0.0443599
511.059 12.5857 1.65345 2.44172 0.0442207
511.804 12.4866 1.61393 2.43804 0.0436966
512.549 12.3719 1.55424 2.43359 0.0425415
513.294 12.2699 1.50814 2.42966 0.0417394
514.04 12.2011 1.49791 2.42718 0.0419812
514.785 12.1302 1.48718 2.42459 0.0422185
515.531 12.0333 1.47117 2.42096 0.0424623
516.276 11.9389 1.45549 2.41737 0.0426956
517.021 11.8921 1.41914 2.41541 0.0417445
517.767 11.847 1.38293 2.41352 0.0407685
518.512 11.7794 1.33341 2.41062 0.0394264
519.257 11.7081 1.28287 2.40756 0.0380386
520.003 11.6542 1.26472 2.4054 0.0377895
520.748 11.6079 1.25993 2.40364 0.0380152
521.493 11.541 1.26564 2.4011 0.0388241
522.239 11.4593 1.27862 2.39799 0.0400558
522.984 11.393 1.27412 2.39535 0.0404605
523.729 11.3454 1.2481 2.39329 0.0398195
524.475 11.2941 1.22031 2.39105 0.0391203
525.22 11.2337 1.18779 2.38837 0.0382761
525.965 11.1706 1.15723 2.38558 0.0375158
526.711 11.0912 1.1325 2.38209 0.0371126
527.456 11.0144 1.1089 2.37868 0.0367236
528.201 10.9643 1.09505 2.3765 0.036552
528.947 10.915 1.08149 2.37433 0.0363821
529.692 10.8535 1.04972 2.37147 0.0354789
530.437 10.7916 1.01692 2.36856 0.0345109
531.183 10.722 1.01442 2.36548 0.0349646
531.928 10.6511 1.02066 2.36238 0.0358357
532.673 10.5988 1.01144 2.36 0.0358587
533.419 10.5572 0.993629 2.35804 0.0353947
534.164 10.5062 0.968968 2.35557 0.0346673
534.909 10.446 0.937813 2.3526 0.033682
535.655 10.395 0.916303 2.35011 0.0330737
536.4 10.3591 0.910436 2.34845 0.0331038
537.145 10.3205 0.904433 2.34665 0.0331447
537.891 10.2719 0.897798 2.34434 0.0332244
538.636 10.2247 0.890952 2.34208 0.0332812
539.381 10.1847 0.881247 2.34015 0.0331425
540.127 10.1453 0.871726 2.33822 0.0330049
540.872 10.1052 0.868593 2.3363 0.03319
541.617 10.0655 0.865734 2.33439 0.033385
542.363 10.0393 0.84366 2.333 0.0325079
543.108 10.0158 0.817852 2.33174 0.0314118
543.853 9.96906 0.80102 2.32933 0.0309248
544.599 9.91278 0.788423 2.32645 0.0307122
545.344 9.86883 0.780855 2.32422 0.0306708
546.089 9.83448 0.77715 2.3225 0.0307634
546.835 9.79735 0.770361 2.3206 0.0307114
547.58 9.75637 0.759459 2.31846 0.030465
548.325 9.71151 0.751142 2.31611 0.0303775
549.071 9.65638 0.748703 2.31324 0.0306732
549.816 9.60451 0.744483 2.3105 0.0308511
550.561 9.5651 0.730867 2.30836 0.0304284
551.307 9.52642 0.717487 2.30624 0.0300064
552.052 9.49564 0.698731 2.30452 0.0292264
552.797 9.46517 0.680398 2.3028 0.0284585
553.543 9.42803 0.670302 2.30076 0.0281852
554.288 9.39053 0.661455 2.29869 0.0279793
555.033 9.35449 0.662937 2.29676 0.028344
555.779 9.31924 0.66766 2.29489 0.0288901
556.524 9.2852 0.658364 2.29298 0.0286305
557.269 9.25205 0.640721 2.29106 0.0278803
558.015 9.21999 0.634888 2.28926 0.0277963
558.76 9.18906 0.641326 2.2876 0.0284155
559.505 9.16133 0.640301 2.28607 0.0285822
560.251 9.13922 0.625662 2.28477 0.0279146
560.996 9.11657 0.612106 2.28345 0.0273081
561.741 9.09147 0.601848 2.28199 0.0269061
562.487 9.06675 0.592514 2.28056 0.026552
563.232 9.04359 0.592077 2.27927 0.0267138
563.977 9.02066 0.591617 2.27798 0.026873
564.723 8.98557 0.593539 2.27598 0.0272529
565.468 8.95028 0.595467 2.27395 0.0276371
566.213 8.92305 0.58562 2.27233 0.0272568
566.959 8.8979 0.573223 2.2708 0.0267031
567.704 8.87464 0.56446 2.26941 0.0263541
568.449 8.8524 0.557478 2.26809 0.0261043
569.195 8.8258 0.548512 2.26648 0.0257564
569.94 8.79562 0.537971 2.26463 0.0253284
570.685 8.7633 0.525155 2.26263 0.0247659
571.431 8.72771 0.509041 2.26039 0.0240083
572.176 8.69603 0.501655 2.25843 0.0237679
572.921 8.67372 0.516548 2.25719 0.0248791
573.667 8.65002 0.527944 2.25584 0.0257838
574.412 8.61725 0.519107 2.25378 0.02546
575.157 8.58501 0.510485 2.25174 0.0251416
575.903 8.55092 0.49857 2.24955 0.0246169
576.648 8.51739 0.486991 2.24738 0.024103
577.393 8.49776 0.480717 2.24615 0.023846
578.139 8.48037 0.475308 2.24506 0.02363
578.884 8.46266 0.471066 2.24395 0.0234903
579.629 8.44494 0.467276 2.24284 0.0233789
580.375 8.42114 0.466248 2.24134 0.023484
581.12 8.39347 0.467003 2.23959 0.02373
581.865 8.3712 0.468686 2.23819 0.024007
582.611 8.35495 0.471467 2.2372 0.0243225
583.356 8.33791 0.473482 2.23614 0.0245926
584.101 8.31919 0.474011 2.23496 0.024774
584.847 8.29958 0.471329 2.2337 0.0247447
585.592 8.27568 0.455566 2.23206 0.0238543
586.337 8.25263 0.44061 2.23048 0.0230056
587.083 8.23975 0.432807 2.22963 0.0225796
587.828 8.22693 0.425105 2.22879 0.0221577
588.573 8.20819 0.41981 2.22754 0.0219311
589.319 8.18914 0.414791 2.22628 0.0217231
590.064 8.16735 0.411466 2.22483 0.0216451
590.809 8.14505 0.408616 2.22334 0.0216014
591.555 8.12241 0.408485 2.22184 0.0217477
592.3 8.09973 0.409722 2.22033 0.02199
593.045 8.07922 0.411326 2.21897 0.022247
593.791 8.06066 0.413268 2.21775 0.0225177
594.536 8.0417 0.410523 2.21646 0.0224611
595.281 8.02199 0.400504 2.21508 0.0218924
596.027 7.99993 0.392313 2.21354 0.0214618
596.772 7.97064 0.389106 2.2115 0.0214225
597.517 7.94417 0.38555 2.20965 0.0213411
598.263 7.93569 0.378968 2.20907 0.0209423
599.008 7.92724 0.372449 2.20849 0.0205462
599.753 7.9065 0.369744 2.20704 0.020489
600.499 7.88576 0.36715 2.20559 0.0204388
601.244 7.86376 0.368354 2.20406 0.0206708
601.989 7.84176 0.370169 2.20253 0.0209486
602.735 7.82487 0.367036 2.20134 0.0208371
603.48 7.81009 0.361974 2.20029 0.020571
604.225 7.79618 0.362391 2.19933 0.0207023
604.971 7.78293 0.366743 2.19844 0.0211213
605.716 7.76765 0.364119 2.19735 0.0210359
606.461 7.74982 0.35289 2.19603 0.0203234
607.207 7.73363 0.345744 2.19485 0.0199017
607.952 7.72096 0.347393 2.19397 0.0201165
608.697 7.70983 0.346664 2.1932 0.0201455
609.443 7.70574 0.334584 2.19289 0.0192864
610.188 7.70096 0.323172 2.19253 0.0184791
610.933 7.67997 0.327859 2.19104 0.0189609
611.679 7.65923 0.332389 2.18955 0.0194325
612.424 7.64134 0.331041 2.18825 0.0194462
613.169 7.62393 0.329076 2.18698 0.0194099
613.915 7.61463 0.332512 2.18634 0.0197434
614.66 7.60777 0.337554 2.18591 0.0201875
615.405 7.59527 0.332394 2.18498 0.0198821
616.151 7.57954 0.321466 2.18378 0.0191488
616.896 7.56154 0.316488 2.18243 0.01888
617.641 7.54134 0.317348 2.18093 0.0190708
618.387 7.52227 0.316007 2.1795 0.019086
619.132 7.50497 0.31092 2.17819 0.0188005
619.878 7.49073 0.306683 2.17712 0.0185638
620.623 7.48642 0.305065 2.17683 0.0184813
621.368 7.48066 0.303753 2.17643 0.0184294
622.113 7.46047 0.305375 2.17491 0.0186781
622.859 7.44055 0.306919 2.17341 0.0189205
623.604 7.42016 0.302545 2.17183 0.0186989
624.349 7.40002 0.298 2.17027 0.0184602
625.095 7.38969 0.291595 2.16947 0.0180237
625.84 7.38148 0.284843 2.16884 0.0175474
626.586 7.37122 0.282794 2.16806 0.0174539
627.331 7.36009 0.282866 2.16723 0.0175333
628.076 7.34327 0.281332 2.16593 0.0175111
628.822 7.32204 0.278537 2.16426 0.0174076
629.567 7.30551 0.278531 2.16298 0.0175058
630.312 7.29527 0.282339 2.16222 0.0178826
631.057 7.28691 0.284707 2.16161 0.0181349
631.803 7.28323 0.283538 2.16136 0.0180782
632.548 7.27804 0.281881 2.16098 0.0179889
633.294 7.26399 0.277387 2.15987 0.0177109
634.039 7.25009 0.273015 2.15877 0.0174402
634.784 7.23656 0.272548 2.15771 0.0174854
635.53 7.22316 0.272076 2.15666 0.0175293
636.275 7.20912 0.271046 2.15555 0.0175304
637.02 7.19512 0.269944 2.15444 0.0175249
637.766 7.18551 0.265612 2.15368 0.0172317
638.511 7.17743 0.260205 2.15303 0.0168412
639.256 7.1689 0.25917 2.15237 0.0168135
640.002 7.1601 0.260927 2.1517 0.0170182
640.747 7.14832 0.259386 2.15076 0.016963
641.492 7.13326 0.254244 2.14953 0.016622
642.238 7.1219 0.251386 2.14862 0.0164531
642.983 7.11758 0.252862 2.14831 0.0166142
643.728 7.11332 0.254064 2.14801 0.0167523
644.474 7.10925 0.254211 2.14771 0.0168012
645.219 7.1043 0.254357 2.14735 0.016854
645.964 7.08675 0.254482 2.14592 0.0169624
646.71 7.06944 0.254577 2.14451 0.0170675
647.455 7.05494 0.251529 2.14331 0.0168938
648.2 7.04079 0.248307 2.14214 0.0167024
648.946 7.0336 0.241652 2.14155 0.0161866
649.691 7.02815 0.23417 2.1411 0.0155912
650.436 7.02086 0.229218 2.1405 0.0152176
651.182 7.01268 0.225577 2.13983 0.0149584
651.927 6.99851 0.226439 2.13867 0.0151085
652.672 6.97915 0.231181 2.13707 0.0156144
653.418 6.96351 0.234227 2.13579 0.015961
654.163 6.95338 0.234854 2.13496 0.0160761
654.908 6.94408 0.234693 2.1342 0.0161195
655.654 6.93701 0.232312 2.13362 0.0159607
656.399 6.93016 0.229645 2.13306 0.0157756
657.144 6.92458 0.224774 2.1326 0.015393
657.89 6.91902 0.219949 2.13213 0.0150133
658.635 6.89804 0.220461 2.13035 0.0151616
659.38 6.87725 0.220983 2.12858 0.0153109
660.126 6.86807 0.22046 2.12781 0.0153195
660.871 6.86091 0.219764 2.12722 0.0153043
661.616 6.85597 0.21996 2.12683 0.015358
662.362 6.85192 0.220502 2.12652 0.0154383
663.107 6.84588 0.222597 2.12604 0.0156641
663.852 6.83844 0.225771 2.12544 0.0159915
664.598 6.82995 0.224029 2.12472 0.0158896
665.343 6.82017 0.216362 2.12386 0.0152677
666.088 6.80948 0.211946 2.12294 0.0149355
666.834 6.79682 0.214371 2.12186 0.0152187
667.579 6.78632 0.216191 2.12097 0.0154399
668.324 6.78519 0.215529 2.12091 0.0154004
669.07 6.78397 0.214697 2.12084 0.0153459
669.815 6.78092 0.210116 2.12059 0.0149642
670.56 6.77787 0.20556 2.12033 0.0145842
671.306 6.76325 0.200262 2.11904 0.014183
672.051 6.74769 0.195019 2.11767 0.0137879
672.796 6.73538 0.196795 2.1166 0.0140101
673.542 6.72408 0.200505 2.11564 0.0144039
674.287 6.71729 0.200404 2.11506 0.014436
675.032 6.71301 0.198209 2.11471 0.0142685
675.778 6.70958 0.198212 2.11443 0.0142962
676.523 6.70697 0.200343 2.11424 0.0145136
677.268 6.70216 0.201213 2.11385 0.0146255
678.014 6.69367 0.199968 2.11311 0.0145604
678.759 6.68326 0.198583 2.1122 0.0144898
679.504 6.66662 0.196727 2.11071 0.0144005
680.25 6.65169 0.194874 2.10937 0.0143038
680.995 6.64944 0.192783 2.10919 0.0141343
681.74 6.64719 0.1907 2.10902 0.0139654
682.486 6.64526 0.191653 2.10888 0.0140735
683.231 6.64333 0.192701 2.10874 0.0141904
683.976 6.63317 0.185634 2.10782 0.0135935
684.722 6.62145 0.17714 2.10674 0.0128682
685.467 6.6129 0.175726 2.10599 0.0127818
686.212 6.60574 0.177264 2.10537 0.012963
686.958 6.59475 0.179754 2.10439 0.0132471
687.703 6.58096 0.182902 2.10316 0.013604
688.448 6.57004 0.184507 2.10219 0.0138076
689.194 6.56275 0.184195 2.10154 0.013819
689.939 6.55724 0.183907 2.10106 0.0138258
690.684 6.55577 0.183678 2.10096 0.0138223
691.43 6.55247 0.183264 2.10068 0.0138086
692.175 6.53999 0.181923 2.09955 0.0137431
692.92 6.52778 0.180518 2.09843 0.0136701
693.666 6.51916 0.176555 2.09764 0.0133421
694.411 6.51062 0.172658 2.09685 0.0130189
695.156 6.50367 0.169815 2.09622 0.0127879
695.902 6.49695 0.167121 2.09561 0.0125696
696.647 6.49401 0.16536 2.09536 0.0124253
697.392 6.49224 0.163885 2.09522 0.0123037
698.138 6.49044 0.16088 2.09507 0.0120371
698.883 6.48861 0.156986 2.09492 0.0116863
699.628 6.48188 0.157823 2.09432 0.0118
700.374 6.47027 0.163326 2.09327 0.0123742
701.119 6.4602 0.168075 2.09236 0.0128734
701.864 6.45268 0.171674 2.09169 0.0132553
702.61 6.44617 0.173926 2.09111 0.0135056
703.355 6.44293 0.171872 2.09083 0.0133328
704.1 6.44037 0.170307 2.09061 0.0132038
704.846 6.44399 0.173173 2.091 0.0134754
705.591 6.44762 0.176065 2.09139 0.013749
706.336 6.43621 0.170238 2.09031 0.0132456
707.082 6.42437 0.164235 2.08918 0.0127243
707.827 6.41156 0.157371 2.08796 0.0121208
708.572 6.39869 0.150492 2.08673 0.0115128
709.318 6.39046 0.149011 2.08596 0.0114079
710.063 6.38424 0.149792 2.08539 0.0115147
710.808 6.38379 0.152363 2.08539 0.0117754
711.554 6.38777 0.156346 2.08582 0.0121574
712.299 6.38811 0.157034 2.08588 0.0122332
713.044 6.38368 0.153395 2.08547 0.0119069
713.79 6.37677 0.151034 2.08483 0.011712
714.535 6.36418 0.151554 2.08364 0.0118152
715.28 6.35161 0.152249 2.08245 0.0119356
716.026 6.33849 0.15391 2.0812 0.0121527
716.771 6.32593 0.155475 2.08001 0.0123592
717.516 6.32361 0.156296 2.07982 0.0124577
718.262 6.3213 0.157112 2.07962 0.0125558
719.007 6.32623 0.152614 2.08012 0.0121082
719.752 6.33194 0.147484 2.08069 0.0115969
720.498 6.32547 0.143168 2.08008 0.0112057
721.243 6.3155 0.139183 2.07911 0.0108568
721.988 6.30574 0.135854 2.07818 0.0105702
722.734 6.29616 0.132909 2.07725 0.0103197
723.479 6.28766 0.13299 2.07644 0.0103633
724.224 6.28019 0.135903 2.07574 0.0106836
724.97 6.27498 0.136933 2.07526 0.0108113
725.715 6.27343 0.134943 2.07513 0.0106286
726.46 6.27166 0.134878 2.07498 0.0106371
727.206 6.26918 0.140675 2.07478 0.0112284
727.951 6.26639 0.146299 2.07455 0.0118041
728.696 6.26142 0.150777 2.07411 0.0122743
729.442 6.25645 0.155201 2.07366 0.0127399
730.187 6.24261 0.150413 2.07229 0.0123211
730.932 6.22886 0.145626 2.07093 0.0118996
731.678 6.22098 0.142523 2.07016 0.0116247
732.423 6.21414 0.139736 2.06949 0.0113772
733.168 6.21039 0.137973 2.06914 0.0112215
733.914 6.20782 0.136598 2.06891 0.0111009
734.659 6.20656 0.136003 2.0688 0.0110541
735.404 6.20618 0.135941 2.06879 0.0110579
736.15 6.20487 0.134222 2.06868 0.0108982
736.895 6.20247 0.130586 2.06846 0.0105493
737.641 6.19757 0.127389 2.06798 0.0102516
738.386 6.18774 0.125071 2.06701 0.0100563
739.131 6.17858 0.124473 2.06611 0.0100317
739.876 6.17165 0.130437 2.06546 0.0106636
740.622 6.16524 0.136051 2.06486 0.0112599
741.367 6.16557 0.138502 2.06492 0.0115154
742.112 6.16588 0.140957 2.06499 0.0117713
742.858 6.1664 0.140836 2.06507 0.0117658
743.603 6.16692 0.140557 2.06515 0.0117443
744.349 6.16191 0.137309 2.06465 0.0114401
745.094 6.15565 0.133434 2.06403 0.0110756
745.839 6.1476 0.126197 2.06322 0.010374
746.584 6.13873 0.117563 2.06232 0.00953005
747.33 6.13045 0.115905 2.06149 0.00939251
748.075 6.12268 0.119652 2.06074 0.00980504
748.82 6.11743 0.12092 2.06023 0.0099579
749.566 6.11553 0.11895 2.06005 0.00976993
750.311 6.11538 0.117682 2.06006 0.00964859
751.057 6.11939 0.118051 2.0605 0.0096828
751.802 6.12159 0.118524 2.06075 0.00973273
752.547 6.11478 0.119474 2.06008 0.00985726
753.293 6.10791 0.120273 2.0594 0.00996677
754.038 6.09808 0.118141 2.05841 0.00978422
754.783 6.08838 0.116056 2.05744 0.00960528
755.529 6.08284 0.113764 2.05688 0.00939255
756.274 6.07772 0.111479 2.05637 0.00917886
757.019 6.07265 0.111517 2.05588 0.00920424
757.765 6.06763 0.11217 2.05538 0.009293
758.51 6.06372 0.11517 2.05501 0.0096215
759.255 6.06037 0.119356 2.0547 0.0100716
760.001 6.05895 0.118257 2.05458 0.00996941
760.746 6.05921 0.112536 2.05461 0.00938397
761.491 6.05543 0.111242 2.05424 0.0092677
762.237 6.04585 0.116331 2.05328 0.00982956
762.982 6.03702 0.118826 2.0524 0.0101215
763.727 6.03001 0.114999 2.05168 0.00975072
764.473 6.02313 0.111802 2.05098 0.00944407
765.218 6.01679 0.111717 2.05034 0.00945999
765.963 6.01069 0.111543 2.04972 0.00946585
766.709 6.01079 0.10827 2.04975 0.00913051
767.454 6.01088 0.104997 2.04977 0.00879503
768.199 6.01236 0.103161 2.04994 0.00860624
768.945 6.01399 0.101474 2.05013 0.00843266
769.69 6.01277 0.102654 2.05003 0.00856614
770.435 6.01072 0.104652 2.04985 0.00878734
771.181 6.005 0.104451 2.04927 0.00878821
771.926 5.9974 0.103098 2.04849 0.00867304
772.671 5.9885 0.102494 2.04758 0.00863958
773.417 5.97849 0.102538 2.04655 0.00867699
774.162 5.97265 0.103344 2.04596 0.00878386
774.907 5.97285 0.1053 2.046 0.00899622
775.653 5.97292 0.105311 2.04603 0.00900392
776.398 5.97266 0.100276 2.04602 0.0084804
777.143 5.97249 0.0961207 2.04601 0.00804935
777.889 5.97293 0.0967582 2.04608 0.00812205
778.634 5.97333 0.0974293 2.04615 0.00819838
779.379 5.97242 0.0991011 2.04608 0.00838351
780.125 5.9715 0.100769 2.046 0.00856832
780.87 5.96134 0.0980495 2.04495 0.00831327
781.615 5.95043 0.0949759 2.04381 0.00802143
782.361 5.94094 0.0957408 2.04282 0.00813221
783.106 5.93191 0.097485 2.04189 0.00834633
783.851 5.9291 0.0932743 2.0416 0.00791164
784.597 5.92933 0.0860556 2.04163 0.00714918
785.342 5.92875 0.0894006 2.0416 0.00751275
786.087 5.92734 0.101677 2.0415 0.00882931
786.833 5.92709 0.107006 2.04151 0.00940355
787.578 5.9287 0.102749 2.04169 0.0089524
788.323 5.92837 0.0997806 2.04167 0.00864346
789.069 5.92353 0.0998794 2.04117 0.0086725
789.814 5.91753 0.100103 2.04055 0.00871781
790.559 5.90609 0.100894 2.03935 0.00883786
791.305 5.89521 0.101304 2.03821 0.00891608
792.05 5.89036 0.0962113 2.0377 0.0083883
792.795 5.88551 0.0911979 2.03718 0.0078679
793.541 5.88553 0.0885313 2.0372 0.00758736
794.286 5.88586 0.0860161 2.03725 0.00732232
795.031 5.88829 0.0892071 2.03754 0.00766533
795.777 5.89117 0.093714 2.03788 0.00814814
796.522 5.8914 0.0917443 2.03792 0.00794208
797.267 5.89047 0.0869775 2.03783 0.00743851
798.013 5.88245 0.0867519 2.03699 0.00743839
798.758 5.86952 0.0896934 2.03562 0.00779082
799.503 5.86068 0.0905614 2.03469 0.00791114
800.249 5.85642 0.0891504 2.03425 0.00777447
800.994 5.85142 0.0891668 2.03372 0.00779367
801.739 5.845 0.0918409 2.03306 0.00810417
802.485 5.83986 0.0922859 2.03252 0.00817051
803.23 5.83885 0.0853012 2.03241 0.00742073
803.975 5.83832 0.0792209 2.03236 0.00676768
804.721 5.84226 0.0803232 2.03281 0.00688434
805.466 5.84623 0.0814403 2.03326 0.00700236
806.211 5.8437 0.0907824 2.03303 0.00802618
806.957 5.84098 0.100115 2.03277 0.00905049
807.702 5.83393 0.0987432 2.03203 0.0089253
808.447 5.82637 0.0959324 2.03122 0.00864436
809.193 5.82038 0.0919972 2.03057 0.00823615
809.938 5.81488 0.0877658 2.02998 0.00779336
810.683 5.81082 0.0872432 2.02956 0.00775115
811.429 5.80755 0.0887112 2.02922 0.00792446
812.174 5.80484 0.088957 2.02894 0.00796303
812.919 5.80264 0.0881401 2.02872 0.0078842
813.665 5.80103 0.0863052 2.02856 0.00769251
814.41 5.80024 0.0830484 2.02848 0.00734321
815.155 5.79903 0.0808991 2.02836 0.00711588
815.901 5.79689 0.0812704 2.02815 0.0071664
816.646 5.79392 0.0819146 2.02784 0.00724866
817.391 5.78743 0.0837025 2.02715 0.00746432
818.137 5.78081 0.0852049 2.02645 0.00764941
818.882 5.77216 0.0838784 2.02551 0.00752825
819.627 5.76365 0.082583 2.02459 0.00740971
820.373 5.75964 0.0839322 2.02417 0.00757261
821.118 5.75582 0.0853524 2.02377 0.00774319
821.863 5.75646 0.0847101 2.02385 0.00767581
822.609 5.75785 0.0837146 2.02402 0.00756771
823.354 5.75934 0.0811357 2.0242 0.00728465
824.099 5.76084 0.0779973 2.02438 0.00693993
824.845 5.76174 0.0764819 2.02449 0.00677572
825.59 5.76231 0.0759111 2.02457 0.00671645
826.335 5.76236 0.0762421 2.02459 0.00675775
827.081 5.76196 0.0773931 2.02457 0.00689048
827.826 5.75847 0.0783411 2.0242 0.00700739
828.571 5.7507 0.0789847 2.02336 0.00709996
829.317 5.74333 0.0788473 2.02256 0.00710538
830.062 5.73669 0.0770175 2.02184 0.0069214
830.807 5.73053 0.0749998 2.02117 0.00671499
831.553 5.72599 0.072108 2.02068 0.00640751
832.298 5.72193 0.0699022 2.02024 0.0061748
833.043 5.72246 0.0740906 2.02032 0.00664458
833.789 5.72296 0.0782917 2.0204 0.00711574
834.534 5.72192 0.0762685 2.0203 0.00689744
835.279 5.72085 0.0741555 2.02019 0.00666906
836.025 5.72177 0.0742394 2.02031 0.00668114
836.77 5.72297 0.0746282 2.02046 0.00672657
837.515 5.72004 0.077603 2.02016 0.00706847
838.261 5.71591 0.0812843 2.01972 0.00749218
839.006 5.71056 0.0818203 2.01914 0.00756837
839.751 5.70466 0.0808305 2.0185 0.00747543
840.497 5.69908 0.0808058 2.01789 0.00748949
841.242 5.69374 0.0815014 2.01731 0.00758367
841.987 5.6911 0.0851453 2.01704 0.00800234
842.733 5.6915 0.0922682 2.01712 0.00880404
843.478 5.69009 0.092189 2.01698 0.00880316
844.223 5.6854 0.0793599 2.01644 0.00737978
844.969 5.68134 0.0706504 2.01598 0.00641489
845.714 5.67975 0.0732237 2.01582 0.00671149
846.459 5.67784 0.0755211 2.01563 0.00697794
847.205 5.67424 0.0763824 2.01524 0.00708667
847.95 5.67086 0.0775221 2.01488 0.00722641
848.695 5.67095 0.0837087 2.01492 0.00792692
849.441 5.67096 0.0899053 2.01495 0.00862874
850.186 5.66464 0.0873333 2.01425 0.00835847
850.931 5.6581 0.0844183 2.01352 0.00804921
851.677 5.65431 0.0734729 2.01308 0.00682574
852.422 5.65074 0.0613429 2.01267 0.00546586
853.167 5.65071 0.0648074 2.01269 0.00586177
853.913 5.65174 0.0732653 2.01284 0.00682012
854.658 5.65032 0.0770843 2.0127 0.00725902
855.403 5.64769 0.0784849 2.01242 0.00742725
856.149 5.64443 0.0773776 2.01207 0.00731308
856.894 5.64069 0.0743705 2.01165 0.00698447
857.639 5.63877 0.0747379 2.01145 0.00703419
858.385 5.6389 0.0789174 2.01149 0.00751181
859.13 5.63804 0.0785365 2.01141 0.00747457
859.875 5.63551 0.070519 2.01112 0.00657453
860.621 5.63299 0.0662387 2.01084 0.00609766
861.366 5.6307 0.0714372 2.0106 0.00669638
862.112 5.62784 0.0753247 2.0103 0.00714787
862.857 5.62273 0.0736176 2.00973 0.00696835
863.602 5.61809 0.0721986 2.00922 0.00682025
864.347 5.61758 0.073327 2.00917 0.00695377
865.093 5.61706 0.0744537 2.00913 0.00708711
865.838 5.61665 0.0694015 2.00909 0.00651633
866.583 5.61618 0.06436 2.00904 0.00594669
867.329 5.61738 0.0664441 2.0092 0.00618578
868.074 5.61874 0.0692593 2.00937 0.00650771
868.82 5.61624 0.0697658 2.0091 0.00657417
869.565 5.6129 0.0697577 2.00874 0.00658363
870.31 5.61019 0.0701578 2.00844 0.00663843
871.056 5.60771 0.0707038 2.00817 0.00670946
871.801 5.60448 0.0698834 2.00782 0.00662595
872.546 5.60083 0.0683197 2.00741 0.00645811
873.292 5.59745 0.0668335 2.00704 0.00629835
874.037 5.59428 0.0654107 2.00669 0.00614519
874.782 5.59299 0.0646331 2.00655 0.00606226
875.528 5.59382 0.0645748 2.00666 0.00605776
876.273 5.59377 0.0653273 2.00667 0.00614772
877.018 5.59228 0.0673832 2.00652 0.0063897
877.764 5.59084 0.0682124 2.00637 0.00649116
878.509 5.58952 0.0661759 2.00623 0.00626391
879.254 5.58813 0.0644297 2.00608 0.00606994
880 5.58646 0.0637173 2.0059 0.00599491
880.745 5.58521 0.0627792 2.00577 0.00589314
881.49 5.58676 0.0603064 2.00596 0.00561026
882.236 5.58785 0.0580816 2.00609 0.00535678
882.981 5.5802 0.0609022 2.00523 0.00569726
883.726 5.57265 0.0636226 2.00438 0.00602708
884.472 5.56767 0.0626293 2.00382 0.00592526
885.217 5.56283 0.0615378 2.00327 0.00581162
885.962 5.56121 0.0591517 2.0031 0.00554277
886.708 5.55998 0.0566157 2.00296 0.00525575
887.453 5.55969 0.0553726 2.00294 0.00511622
888.198 5.55963 0.05443 2.00295 0.00501099
888.944 5.56089 0.0539789 2.00311 0.00496034
889.689 5.56265 0.0537048 2.00332 0.00492935
890.434 5.56168 0.0548812 2.00322 0.00507001
891.18 5.55929 0.0568008 2.00296 0.00529883
891.925 5.55587 0.0568417 2.00258 0.00531261
892.67 5.55174 0.0555544 2.00212 0.005174
893.416 5.54749 0.0556172 2.00164 0.00519154
894.161 5.54314 0.0569579 2.00115 0.00535728
894.906 5.53878 0.0578599 2.00066 0.00547243
895.652 5.53442 0.0582102 2.00017 0.00552377
896.397 5.53108 0.0597131 1.9998 0.00570728
897.142 5.52947 0.0632539 1.99963 0.0061247
897.888 5.52899 0.0644444 1.99959 0.00626719
898.633 5.53129 0.0598966 1.99986 0.0057381
899.378 5.5331 0.0575095 2.00008 0.00546111
900.124 5.53324 0.0629392 2.00012 0.00609449
900.869 5.53325 0.0665204 2.00014 0.00651349
901.614 5.53284 0.0596908 2.00009 0.00572454
902.36 5.5322 0.053365 2.00002 0.00499427
903.105 5.53008 0.0523603 1.99978 0.00488406
903.85 5.52792 0.051378 1.99954 0.00477639
904.596 5.52324 0.051158 1.99901 0.00476111
905.341 5.51861 0.0509397 1.99848 0.00474589
906.086 5.51625 0.0502642 1.99822 0.00467388
906.832 5.51401 0.049572 1.99797 0.00459966
907.577 5.50922 0.0506887 1.99743 0.00474022
908.322 5.50416 0.0519994 1.99685 0.00490413
909.068 5.5031 0.0517701 1.99674 0.00488205
909.813 5.50289 0.0512198 1.99673 0.00482114
910.558 5.50272 0.049244 1.99672 0.00459352
911.304 5.50256 0.046829 1.9967 0.0043145
912.049 5.50243 0.0492821 1.99671 0.0046045
912.794 5.50227 0.0537868 1.99671 0.0051344
913.54 5.50173 0.0555106 1.99666 0.00533985
914.285 5.50099 0.0557002 1.99658 0.00536625
915.03 5.49964 0.0543045 1.99644 0.00520821
915.776 5.49784 0.05181 1.99623 0.00492215
916.521 5.49483 0.0506877 1.99589 0.00479834
917.266 5.49078 0.0507633 1.99543 0.0048163
918.012 5.48651 0.0517229 1.99494 0.00493829
918.757 5.482 0.0536274 1.99443 0.00517185
919.502 5.47851 0.0555256 1.99403 0.0054034
920.248 5.47639 0.057449 1.9938 0.00563594
920.993 5.47347 0.057737 1.99347 0.00567767
921.738 5.46919 0.0552952 1.99297 0.00540028
922.484 5.46649 0.0553162 1.99266 0.00541006
923.229 5.46706 0.0605375 1.99275 0.00602718
923.974 5.4679 0.0626387 1.99287 0.00627612
924.72 5.46959 0.0561651 1.99307 0.00551363
925.465 5.47049 0.0500182 1.99317 0.00479126
926.21 5.46891 0.0452079 1.99299 0.00422987
926.956 5.46742 0.04092 1.99282 0.00372948
927.701 5.46663 0.0389485 1.99274 0.00350094
928.446 5.46542 0.0381106 1.99261 0.0034064
929.192 5.46146 0.0448516 1.99216 0.00420929
929.937 5.45758 0.050937 1.99172 0.00493596
930.682 5.45545 0.0512737 1.99148 0.00498177
931.428 5.45335 0.0514001 1.99125 0.0050027
932.173 5.45182 0.0468478 1.99107 0.00446956
932.918 5.45024 0.0423407 1.99089 0.00394143
933.664 5.44688 0.0458293 1.99051 0.00436148
934.409 5.44351 0.0492583 1.99012 0.00477508
935.154 5.43858 0.0465792 1.98955 0.00446741
935.9 5.43364 0.0437281 1.98897 0.00413867
936.645 5.43312 0.0447464 1.98892 0.00426294
937.39 5.43296 0.0460809 1.98891 0.00442427
938.136 5.43703 0.0464566 1.98941 0.0044658
938.881 5.44168 0.0467142 1.98997 0.00449242
939.626 5.44391 0.0498611 1.99025 0.00486473
940.372 5.44569 0.053542 1.99048 0.00530064
941.117 5.43979 0.0516781 1.98979 0.00509163
941.862 5.43231 0.0486868 1.98891 0.00475052
942.608 5.42924 0.0464148 1.98855 0.00448764
943.353 5.42732 0.0443376 1.98833 0.00424597
944.098 5.42419 0.0518873 1.98798 0.00515104
944.844 5.42043 0.0623495 1.98756 0.00640518
945.589 5.42225 0.0556235 1.98777 0.00560395
946.334 5.42583 0.042348 1.98819 0.00402165
947.08 5.42378 0.0412491 1.98796 0.00389611
947.825 5.41948 0.0452952 1.98746 0.00438608
948.57 5.41679 0.0479116 1.98715 0.00470416
949.316 5.41486 0.0498591 1.98694 0.0049417
950.061 5.41419 0.0536421 1.98687 0.00539634
950.806 5.41415 0.0584082 1.98689 0.00596733
951.552 5.41267 0.0547516 1.98672 0.0055362
952.297 5.41024 0.0462883 1.98642 0.00453249
953.042 5.40744 0.0499043 1.98611 0.00497077
953.788 5.40422 0.0609854 1.98575 0.00630243
954.533 5.40556 0.0540803 1.98591 0.00547754
955.278 5.40937 0.0346483 1.98635 0.00315385
956.024 5.4054 0.0323305 1.98588 0.00288372
956.769 5.3962 0.0423118 1.9848 0.00409093
957.514 5.39266 0.0443804 1.98439 0.00434585
958.26 5.39353 0.0405641 1.9845 0.00388988
959.005 5.39476 0.037455 1.98465 0.00351833
959.75 5.3963 0.0349185 1.98485 0.00321515
960.496 5.39522 0.0415636 1.98474 0.00401464
961.241 5.39146 0.0558953 1.98432 0.00573979
961.986 5.39135 0.061887 1.98432 0.00646059
962.732 5.39488 0.0606202 1.98475 0.00630493
963.477 5.39595 0.0592767 1.98489 0.00614458
964.222 5.39474 0.0578886 1.98475 0.00598279
964.968 5.39501 0.0530997 1.98479 0.00541107
965.713 5.39652 0.0450727 1.98497 0.00444976
966.458 5.39441 0.0433505 1.98472 0.00424866
967.204 5.38899 0.0475635 1.98409 0.00476356
967.949 5.38237 0.0515967 1.98331 0.00525988
968.694 5.37467 0.0554142 1.9824 0.0057334
969.44 5.37217 0.0548217 1.98211 0.00566849
970.185 5.37453 0.0500878 1.98239 0.00509736
970.93 5.37111 0.0479712 1.98199 0.00484992
971.676 5.36241 0.048354 1.98095 0.00491102
972.421 5.35747 0.0465282 1.98036 0.00470002
973.166 5.35586 0.0426931 1.98017 0.00424121
973.912 5.35584 0.0411776 1.98018 0.00406036
974.657 5.3573 0.0417508 1.98036 0.00412998
975.402 5.35859 0.0419874 1.98053 0.0041591
976.148 5.35974 0.0419239 1.98068 0.00415217
976.893 5.35962 0.0418382 1.98067 0.0041442
977.638 5.35841 0.0417343 1.98054 0.00413542
978.384 5.35785 0.0408924 1.98048 0.00403666
979.129 5.3578 0.0394569 1.98048 0.00386551
979.874 5.35861 0.0396063 1.98059 0.00388475
980.62 5.36007 0.0409678 1.98077 0.00404951
981.365 5.35497 0.0425416 1.98017 0.0042484
982.11 5.34542 0.0441726 1.97903 0.00446064
982.856 5.3401 0.0460957 1.97839 0.00470322
983.601 5.33744 0.0482315 1.97808 0.00496825
984.346 5.33308 0.0474804 1.97756 0.00488556
985.092 5.32777 0.0450662 1.97692 0.00460185
985.837 5.32601 0.0410192 1.97671 0.00411417
986.583 5.32609 0.0360542 1.97673 0.00351225
987.328 5.32598 0.0363308 1.97672 0.00354812
988.073 5.32576 0.0391618 1.97671 0.00389486
988.818 5.32739 0.0429649 1.97692 0.00435744
989.564 5.3298 0.0472433 1.97723 0.00487638
990.309 5.3315 0.0507302 1.97745 0.00529973
991.055 5.33294 0.0539341 1.97764 0.00568884
991.8 5.33267 0.0508277 1.97761 0.005314
992.545 5.33181 0.0457569 1.97751 0.00470127
993.291 5.33208 0.0455165 1.97755 0.00467375
994.036 5.33266 0.0465222 1.97763 0.00479719
994.781 5.33282 0.0459092 1.97766 0.00472456
995.527 5.33289 0.0449663 1.97767 0.00461197
996.272 5.33149 0.0429569 1.97751 0.00437172
997.017 5.32987 0.0408074 1.97732 0.00411457
997.763 5.32567 0.0385536 1.97681 0.00384763
998.508 5.32127 0.0363434 1.97628 0.00358575
999.253 5.32363 0.0477767 1.97659 0.00497699
999.999 5.32589 0.060078 1.9769 0.00647266
