255.408 1.12123 1.10368 1.25041 0.541697
256.154 1.15145 1.12283 1.26925 0.540096
256.899 1.18145 1.14109 1.28735 0.538062
257.644 1.15992 1.12643 1.27289 0.538503
258.39 1.13032 1.10588 1.2529 0.538792
259.135 1.15331 1.14347 1.27437 0.547516
259.88 1.19663 1.19894 1.30994 0.556478
260.626 1.2115 1.20601 1.31767 0.554338
261.371 1.20754 1.18311 1.30806 0.546128
262.116 1.21246 1.17052 1.30547 0.53924
262.862 1.22674 1.16942 1.31038 0.534161
263.607 1.23642 1.16833 1.3134 0.530571
264.353 1.23754 1.1673 1.31296 0.529676
265.098 1.2417 1.17036 1.31502 0.529508
265.843 1.25733 1.18848 1.3263 0.531848
266.589 1.27088 1.20272 1.33547 0.533203
267.334 1.25882 1.17651 1.32209 0.526396
268.079 1.24726 1.14976 1.30881 0.518998
268.825 1.2672 1.20398 1.33266 0.534535
269.57 1.29154 1.26118 1.35922 0.549045
270.315 1.29973 1.23618 1.35401 0.5369
271.061 1.30521 1.19331 1.34263 0.518654
271.806 1.31146 1.17764 1.3399 0.510664
272.551 1.31762 1.1744 1.34083 0.507556
273.297 1.32892 1.17529 1.34493 0.504587
274.042 1.34432 1.17941 1.35151 0.501719
274.787 1.35123 1.18449 1.35508 0.501653
275.533 1.34646 1.19108 1.35462 0.505493
276.278 1.34481 1.18831 1.35268 0.504878
277.023 1.35127 1.16218 1.34728 0.493025
277.769 1.36014 1.14438 1.3453 0.483716
278.514 1.38023 1.17086 1.35973 0.48828
279.259 1.40032 1.19566 1.37358 0.492013
280.005 1.3978 1.17457 1.36637 0.484862
280.75 1.39563 1.1534 1.35936 0.477502
281.495 1.39303 1.13021 1.35176 0.469413
282.241 1.39076 1.10669 1.34431 0.461016
282.986 1.3962 1.10707 1.34606 0.459759
283.731 1.40411 1.11521 1.35075 0.460828
284.477 1.40517 1.10021 1.34689 0.454852
285.222 1.40258 1.07103 1.33816 0.444309
285.967 1.40837 1.05998 1.33727 0.438625
286.713 1.42239 1.06794 1.34422 0.438263
287.458 1.43168 1.07096 1.34811 0.437163
288.203 1.43241 1.06521 1.34661 0.434822
288.949 1.43417 1.05719 1.34498 0.431362
289.694 1.43968 1.04122 1.34291 0.423976
290.439 1.44575 1.02652 1.34144 0.416963
291.185 1.45619 1.02412 1.34452 0.413665
291.93 1.46656 1.02172 1.34757 0.410416
292.675 1.46047 0.985678 1.33681 0.398058
293.421 1.45474 0.947645 1.32599 0.384641
294.166 1.45181 0.934975 1.32185 0.38036
294.911 1.44937 0.927926 1.31911 0.37815
295.657 1.44858 0.909819 1.31474 0.371238
296.402 1.44891 0.886638 1.30986 0.362059
297.147 1.45319 0.865951 1.30716 0.353049
297.893 1.4606 0.847453 1.30623 0.344307
298.638 1.46032 0.832958 1.30311 0.338643
299.383 1.449 0.823699 1.29661 0.337124
300.129 1.43758 0.809875 1.2892 0.333736
300.874 1.42631 0.784553 1.27975 0.325568
301.619 1.41617 0.760329 1.27105 0.317494
302.365 1.41029 0.744899 1.26571 0.312186
303.11 1.40451 0.729156 1.26041 0.306678
303.855 1.39529 0.702205 1.25184 0.297003
304.601 1.38661 0.674841 1.24354 0.286924
305.346 1.36441 0.655769 1.23091 0.282357
306.091 1.34009 0.637165 1.21738 0.27814
306.837 1.31654 0.607746 1.20246 0.268854
307.582 1.2937 0.573679 1.18722 0.257062
308.327 1.27181 0.561146 1.17548 0.254514
309.073 1.24998 0.562999 1.1657 0.258421
309.818 1.22919 0.54914 1.15408 0.254947
310.563 1.21022 0.517176 1.1408 0.242623
311.309 1.1912 0.492928 1.1286 0.233647
312.054 1.17105 0.484983 1.11792 0.232383
312.799 1.14731 0.475832 1.10527 0.23091
313.545 1.11019 0.462459 1.08539 0.228898
314.29 1.07274 0.447856 1.06488 0.226086
315.035 1.04281 0.426392 1.04711 0.218632
315.781 1.01253 0.403957 1.02892 0.210382
316.526 0.980471 0.38459 1.00998 0.203582
317.271 0.947804 0.364589 0.990456 0.196174
318.017 0.908273 0.345318 0.967036 0.189461
318.762 0.866226 0.325362 0.941791 0.182165
319.507 0.823014 0.311491 0.915986 0.17799
320.253 0.778496 0.300533 0.889146 0.175291
320.998 0.735884 0.289713 0.862897 0.172231
321.743 0.694998 0.279014 0.837187 0.168829
322.489 0.653991 0.268878 0.810942 0.16551
323.234 0.613385 0.259992 0.784524 0.162692
323.979 0.571843 0.251728 0.757004 0.1601
324.725 0.52953 0.246198 0.72857 0.159157
325.47 0.485982 0.240779 0.698666 0.158199
326.215 0.440647 0.238041 0.666983 0.159068
326.961 0.393996 0.235125 0.633562 0.159794
327.706 0.34709 0.2377 0.599442 0.164517
328.451 0.298804 0.240444 0.563399 0.169563
329.197 0.253889 0.24621 0.529238 0.176884
329.942 0.20856 0.252748 0.493962 0.185098
330.687 0.163122 0.260356 0.457805 0.194493
331.433 0.116892 0.268629 0.42014 0.204865
332.178 0.0718484 0.280834 0.382898 0.218956
332.923 0.0274377 0.296181 0.345655 0.236372
333.669 -0.016774 0.311693 0.307819 0.254661
334.414 -0.0604583 0.327209 0.269684 0.273672
335.159 -0.102907 0.343219 0.232014 0.293797
335.905 -0.14128 0.359382 0.197625 0.314335
336.65 -0.179345 0.375534 0.162993 0.335578
337.395 -0.213213 0.389129 0.131669 0.354329
338.141 -0.247726 0.403236 0.09933 0.374318
338.886 -0.283663 0.418228 0.065201 0.396151
339.631 -0.320269 0.4338 0.029978 0.419477
340.377 -0.360311 0.450361 -0.00930309 0.445412
341.122 -0.401455 0.467675 -0.0502774 0.473412
341.867 -0.439997 0.483351 -0.0893405 0.499976
342.613 -0.478278 0.498954 -0.12872 0.527326
343.358 -0.510083 0.509953 -0.162265 0.548392
344.103 -0.538309 0.518309 -0.192701 0.565853
344.849 -0.572505 0.527052 -0.230714 0.585947
345.594 -0.612902 0.536267 -0.276965 0.609094
346.339 -0.654977 0.547963 -0.325521 0.636719
347.085 -0.699329 0.563864 -0.376644 0.671609
347.83 -0.744854 0.580652 -0.430044 0.709459
348.575 -0.792011 0.598673 -0.486322 0.751129
349.321 -0.839729 0.615717 -0.544995 0.793345
350.066 -0.883983 0.61561 -0.607192 0.810819
350.811 -0.929329 0.615521 -0.672667 0.82906
351.557 -0.97083 0.633408 -0.726242 0.87353
352.302 -1.01283 0.652844 -0.780922 0.922263
353.047 -1.06693 0.665954 -0.85939 0.968497
353.793 -1.12486 0.678466 -0.947319 1.0175
354.538 -1.19104 0.701198 -1.04779 1.09089
355.283 -1.2618 0.730124 -1.15775 1.18259
356.029 -1.3226 0.754936 -1.25633 1.2661
356.774 -1.37522 0.776024 -1.34519 1.34153
357.519 -1.42641 0.79345 -1.43729 1.41223
358.265 -1.47542 0.805051 -1.53293 1.472
359.01 -1.52571 0.819525 -1.63383 1.54215
359.755 -1.57807 0.840278 -1.7396 1.63325
360.501 -1.63341 0.865852 -1.85401 1.74586
361.246 -1.70321 0.914791 -1.98942 1.94822
361.991 -1.77314 0.965645 -2.12539 2.18098
362.737 -1.84586 1.01848 -2.26639 2.45395
363.482 -1.91906 1.07314 -2.4005 2.77024
364.227 -1.97976 1.11456 -2.5113 3.04952
364.973 -2.03932 1.155 -2.61136 3.35177
365.718 -2.09911 1.18073 -2.74841 3.62954
366.463 -2.15966 1.20154 -2.9041 3.92072
367.209 -2.21276 1.23771 -2.96172 4.27632
367.954 -2.261 1.28435 -2.9244 4.6784
368.699 -2.32274 1.33456 -2.8734 5.18861
369.445 -2.40012 1.38913 -2.77671 5.84761
370.19 -2.48047 1.44613 -2.55939 6.5782
370.935 -2.56532 1.50626 -2.17556 7.37234
371.681 -2.64738 1.56579 -1.61814 8.11794
372.426 -2.71244 1.6156 -1.02516 8.64248
373.171 -2.77747 1.66513 -0.33601 9.07942
373.917 -2.82773 1.69086 0.133372 9.39879
374.662 -2.87879 1.71709 0.657796 9.67431
375.407 -2.94254 1.75482 1.41126 9.90461
376.153 -3.00837 1.79437 2.22621 10.0142
376.898 -3.09621 1.86853 3.41178 9.75613
377.643 -3.19117 1.95477 4.52164 9.17442
378.389 -3.29147 2.0494 5.41515 8.37373
379.134 -3.39558 2.15115 6.04357 7.47517
379.879 -3.48422 2.24367 6.36383 6.71286
380.625 -3.55835 2.32679 6.5052 6.10577
381.37 -3.63312 2.40443 6.59278 5.58303
382.116 -3.70874 2.47123 6.66095 5.14776
382.861 -3.78039 2.53028 6.69964 4.78426
383.606 -3.83794 2.56155 6.75093 4.55786
384.352 -3.90012 2.6016 6.77382 4.30874
385.097 -3.98945 2.70235 6.67787 3.89161
385.842 -4.07997 2.80759 6.5631 3.52431
386.587 -4.20755 2.93938 6.4333 3.10448
387.333 -4.33842 3.0794 6.28591 2.74315
388.078 -4.45148 3.2324 6.1106 2.462
388.824 -4.56165 3.39475 5.93756 2.22503
389.569 -4.67536 3.54218 5.80178 2.02648
390.314 -4.79187 3.68781 5.68032 1.8532
391.06 -4.89043 3.79771 5.59771 1.72999
391.805 -4.97651 3.88027 5.54119 1.6373
392.55 -5.05753 3.98024 5.47066 1.55267
393.296 -5.13084 4.1021 5.3855 1.47692
394.041 -5.20629 4.23726 5.29757 1.40347
394.786 -5.286 4.39785 5.20077 1.3291
395.532 -5.37767 4.57104 5.10723 1.25218
396.277 -5.53108 4.78237 5.01037 1.14447
397.022 -5.68426 5.00855 4.91601 1.04903
397.768 -5.78028 5.27174 4.81032 0.985582
398.513 -5.8707 5.5491 4.71134 0.928284
399.258 -5.97622 5.77085 4.64386 0.875786
400.004 -6.08255 5.99642 4.58144 0.82718
400.749 -6.15556 6.19579 4.52924 0.794165
401.494 -6.21688 6.39139 4.48113 0.766482
402.24 -6.26467 6.57829 4.43762 0.7442
402.985 -6.30344 6.76176 4.39713 0.725115
403.73 -6.38141 6.98307 4.35403 0.695086
404.476 -6.4995 7.24806 4.3083 0.655653
405.221 -6.59639 7.55221 4.25786 0.620634
405.966 -6.65118 7.91564 4.19963 0.591191
406.712 -6.68953 8.31904 4.1405 0.5629
407.457 -6.69466 8.81827 4.07327 0.533845
408.202 -6.6759 9.32771 4.01176 0.507379
408.948 -6.69077 9.72797 3.97071 0.484506
409.693 -6.68921 10.1454 3.93107 0.463014
410.438 -6.63956 10.5615 3.89259 0.446308
411.184 -6.56743 10.9894 3.85546 0.430644
411.929 -6.47157 11.3466 3.82523 0.420442
412.674 -6.35859 11.6918 3.79701 0.411582
413.42 -6.27797 12.0449 3.77207 0.399958
414.165 -6.20393 12.4077 3.74878 0.38746
414.91 -6.05314 12.8618 3.71885 0.374123
415.656 -5.81994 13.3877 3.68441 0.360464
416.401 -5.55812 13.9468 3.65073 0.345611
417.146 -5.26454 14.5525 3.61762 0.329084
417.892 -4.86545 15.1569 3.5835 0.315029
418.637 -4.28006 15.7272 3.54571 0.305314
419.382 -3.6543 16.2474 3.51071 0.296098
420.128 -3.11126 16.687 3.48326 0.287152
420.873 -2.52625 17.0915 3.45678 0.27867
421.618 -1.99426 17.3984 3.43499 0.272329
422.364 -1.43603 17.6728 3.41377 0.266229
423.109 -0.973926 17.9669 3.39735 0.258334
423.854 -0.502594 18.2471 3.38177 0.250458
424.6 0.0574624 18.4104 3.36407 0.245779
425.345 0.648579 18.5069 3.346 0.242194
426.09 1.34679 18.6475 3.32576 0.235491
426.836 2.12486 18.7808 3.30447 0.227138
427.581 2.92972 18.808 3.28292 0.220125
428.326 3.74312 18.7223 3.26114 0.214423
429.072 4.5877 18.5691 3.23879 0.208217
429.817 5.49578 18.3351 3.21493 0.200953
430.562 6.3343 18.011 3.19224 0.194688
431.308 7.0262 17.5989 3.17159 0.190959
432.053 7.64807 17.1568 3.15202 0.187473
432.798 8.07364 16.8084 3.13805 0.185333
433.544 8.46848 16.4466 3.12437 0.183241
434.289 8.93747 16.1594 3.11164 0.177517
435.034 9.38726 15.8534 3.09917 0.171775
435.78 9.75361 15.4876 3.08657 0.168067
436.525 10.0772 15.1037 3.07413 0.164898
437.27 10.3806 14.7074 3.06168 0.161645
438.016 10.6585 14.3041 3.04938 0.158407
438.761 10.9243 13.8315 3.03533 0.155167
439.506 11.1649 13.3071 3.01997 0.151957
440.252 11.3685 12.7849 3.00477 0.148786
440.997 11.5382 12.2646 2.98962 0.145623
441.742 11.6758 11.7586 2.97484 0.142471
442.488 11.7893 11.2656 2.96033 0.139165
443.233 11.8723 10.7907 2.9462 0.136003
443.978 11.9254 10.3367 2.93249 0.133083
444.724 11.9558 9.90238 2.91913 0.130271
445.469 11.9658 9.63014 2.91084 0.128811
446.214 11.9681 9.36587 2.90267 0.12738
446.96 12.0056 9.06742 2.89367 0.124122
447.705 12.0374 8.77047 2.88466 0.120684
448.45 12.0456 8.46511 2.87509 0.11754
449.196 12.0386 8.1644 2.86544 0.114563
449.941 11.9919 7.87982 2.85567 0.112772
450.686 11.9201 7.61126 2.8459 0.111743
451.432 11.8486 7.3382 2.83581 0.110287
452.177 11.7768 7.05945 2.82535 0.108368
452.922 11.6997 6.78618 2.81482 0.106352
453.668 11.6169 6.51085 2.80393 0.104095
454.413 11.5301 6.25859 2.79359 0.10211
455.158 11.442 6.05262 2.78469 0.10097
455.904 11.3522 5.85581 2.77592 0.0998768
456.649 11.2487 5.6627 2.76676 0.0991326
457.394 11.1457 5.47912 2.75778 0.0983981
458.14 11.0893 5.30721 2.75046 0.0961146
458.885 11.0343 5.1419 2.74336 0.0937752
459.63 10.9963 4.9927 2.73733 0.091147
460.376 10.9608 4.85045 2.73163 0.088492
461.121 10.881 4.71136 2.72452 0.0873519
461.866 10.7807 4.57766 2.71678 0.0869678
462.612 10.7011 4.4631 2.71034 0.0863927
463.357 10.639 4.3642 2.70502 0.0856553
464.102 10.5663 4.2418 2.6984 0.0843069
464.848 10.4766 4.08474 2.68981 0.0820514
465.593 10.3896 3.94657 2.68188 0.0802374
466.338 10.3105 3.8457 2.67551 0.0795118
467.084 10.2342 3.74836 2.66929 0.0787305
467.829 10.1693 3.65218 2.66354 0.0774868
468.574 10.1049 3.55937 2.65787 0.0762707
469.32 10.0114 3.44819 2.65016 0.0751267
470.065 9.91953 3.34199 2.64259 0.0740131
470.81 9.82971 3.25684 2.63574 0.0736988
471.556 9.74208 3.17785 2.62911 0.073512
472.301 9.66767 3.09949 2.62306 0.072802
473.046 9.59875 3.02309 2.61729 0.071908
473.792 9.53893 2.95297 2.61214 0.070935
474.537 9.48536 2.8875 2.60744 0.0699135
475.282 9.42763 2.82232 2.60249 0.0689831
476.028 9.3651 2.75728 2.59723 0.0681562
476.773 9.2982 2.69348 2.59171 0.0674766
477.518 9.22148 2.63003 2.58558 0.0670837
478.264 9.14912 2.56797 2.57967 0.066545
479.009 9.08928 2.50368 2.57434 0.0653671
479.754 9.03088 2.44196 2.56914 0.0642154
480.5 8.9837 2.38769 2.56482 0.0630586
481.245 8.93698 2.33501 2.56056 0.0619255
481.99 8.87137 2.28922 2.55532 0.0618045
482.736 8.80554 2.24541 2.55006 0.0617676
483.481 8.73986 2.19417 2.5445 0.0611995
484.226 8.67524 2.14241 2.53893 0.060499
484.972 8.6231 2.10059 2.53445 0.0599703
485.717 8.57777 2.06424 2.53057 0.0595343
486.462 8.53324 2.02311 2.52655 0.0587113
487.208 8.48934 1.97785 2.5224 0.0575389
487.953 8.44119 1.9368 2.51807 0.0567492
488.698 8.38627 1.90161 2.51342 0.0565478
489.444 8.33634 1.86756 2.50912 0.0562243
490.189 8.29885 1.83464 2.5057 0.0555356
490.934 8.25968 1.8022 2.50215 0.0549028
491.68 8.20473 1.76801 2.49737 0.0546249
492.425 8.15097 1.7349 2.49265 0.0543491
493.17 8.10437 1.69925 2.48834 0.0536099
493.916 8.05868 1.66461 2.4841 0.0528761
494.661 8.01645 1.63368 2.48021 0.0522751
495.406 7.97538 1.60409 2.47642 0.0517065
496.152 7.93051 1.56736 2.47207 0.0506672
496.897 7.88457 1.52868 2.46754 0.049461
497.642 7.83946 1.50101 2.46339 0.0490609
498.388 7.79528 1.48112 2.45953 0.0492291
499.133 7.75395 1.46407 2.45595 0.0495192
499.878 7.71583 1.45029 2.4527 0.0499618
500.624 7.6808 1.43118 2.44951 0.0498526
501.369 7.65156 1.4002 2.44641 0.04855
502.115 7.62036 1.3708 2.44319 0.0474084
502.86 7.57942 1.34595 2.43925 0.0469227
503.605 7.53994 1.32195 2.43544 0.0464361
504.35 7.5176 1.30186 2.4332 0.0457347
505.096 7.49542 1.28215 2.43098 0.045043
505.841 7.4566 1.26304 2.42731 0.0448923
506.587 7.41681 1.24445 2.42354 0.044795
507.332 7.38371 1.22749 2.42038 0.0446202
508.077 7.35287 1.21125 2.41742 0.0444242
508.823 7.32143 1.19159 2.41429 0.043921
509.568 7.28987 1.17033 2.41107 0.0432542
510.313 7.25802 1.15222 2.40791 0.0428616
511.059 7.22595 1.13706 2.40479 0.0427286
511.804 7.19095 1.11716 2.40123 0.0422241
512.549 7.15077 1.08941 2.39693 0.04111
513.294 7.11452 1.06687 2.39312 0.0403367
514.04 7.08903 1.05842 2.39073 0.0405715
514.785 7.06273 1.04976 2.38823 0.0408021
515.531 7.02689 1.03839 2.38472 0.0410394
516.276 6.99176 1.02725 2.38125 0.0412666
517.021 6.9748 1.00991 2.37936 0.0403483
517.767 6.95847 0.992649 2.37753 0.0394058
518.512 6.93404 0.969652 2.37473 0.0381098
519.257 6.90821 0.946073 2.37176 0.0367696
520.003 6.88778 0.935221 2.36968 0.0365298
520.748 6.86975 0.929683 2.36798 0.0367487
521.493 6.8435 0.927512 2.36553 0.0375318
522.239 6.8113 0.927736 2.36252 0.0387238
522.984 6.78539 0.921847 2.35996 0.0391162
523.729 6.76725 0.908302 2.35797 0.0384975
524.475 6.7477 0.893954 2.35581 0.0378224
525.22 6.72468 0.877476 2.35322 0.0370074
525.965 6.70053 0.861643 2.35052 0.0362735
526.711 6.66969 0.847537 2.34714 0.0358851
527.456 6.63972 0.833944 2.34385 0.0355103
528.201 6.61982 0.825009 2.34174 0.0353453
528.947 6.60017 0.816227 2.33964 0.0351819
529.692 6.57621 0.799878 2.33687 0.0343096
530.437 6.55202 0.783067 2.33405 0.0333747
531.183 6.52371 0.778048 2.33108 0.0338146
531.928 6.49452 0.776542 2.32808 0.0346583
532.673 6.47314 0.769474 2.32578 0.0346815
533.419 6.4563 0.759294 2.32388 0.0342335
534.164 6.43584 0.746063 2.3215 0.033531
534.909 6.41178 0.729896 2.31862 0.032579
535.655 6.39107 0.717901 2.31622 0.0319916
536.4 6.37597 0.712744 2.31461 0.0320213
537.145 6.35975 0.70747 2.31287 0.0320615
537.891 6.33942 0.701652 2.31063 0.0321394
538.636 6.31964 0.695816 2.30845 0.0321953
539.381 6.30286 0.689044 2.30657 0.0320618
540.127 6.28626 0.682379 2.30471 0.0319295
540.872 6.26912 0.678346 2.30285 0.0321092
541.617 6.25215 0.674468 2.301 0.0322986
542.363 6.24126 0.663036 2.29966 0.0314505
543.108 6.23165 0.650133 2.29844 0.0303905
543.853 6.21205 0.640251 2.29611 0.0299201
544.599 6.1883 0.631848 2.29332 0.0297155
545.344 6.16948 0.625934 2.29116 0.0296761
546.089 6.15453 0.621945 2.2895 0.0297663
546.835 6.13849 0.616598 2.28766 0.0297167
547.58 6.1209 0.609418 2.28559 0.029479
548.325 6.10156 0.603226 2.28332 0.0293951
549.071 6.07765 0.599244 2.28054 0.0296822
549.816 6.05509 0.594632 2.27789 0.0298554
550.561 6.03807 0.586393 2.27582 0.0294471
551.307 6.02131 0.578278 2.27377 0.0290393
552.052 6.00806 0.56809 2.2721 0.0282851
552.797 5.99491 0.558086 2.27044 0.0275424
553.543 5.97862 0.551425 2.26846 0.0272786
554.288 5.96211 0.545301 2.26646 0.0270799
555.033 5.9459 0.543692 2.2646 0.0274335
555.779 5.92991 0.543537 2.26278 0.0279627
556.524 5.91482 0.537367 2.26093 0.027712
557.269 5.90033 0.5276 2.25907 0.0269865
558.015 5.88594 0.523003 2.25733 0.0269058
558.76 5.87168 0.523805 2.25573 0.0275056
559.505 5.85902 0.521464 2.25425 0.0276675
560.251 5.84917 0.513336 2.25299 0.0270216
560.996 5.83903 0.505669 2.2517 0.0264349
561.741 5.82773 0.499383 2.2503 0.0260462
562.487 5.81655 0.493517 2.24891 0.0257039
563.232 5.8058 0.491615 2.24766 0.025861
563.977 5.79514 0.489725 2.24642 0.0260154
564.723 5.77904 0.488575 2.24448 0.0263838
565.468 5.76282 0.487447 2.24252 0.0267564
566.213 5.75047 0.481341 2.24094 0.0263887
566.959 5.73908 0.474163 2.23947 0.025853
567.704 5.72842 0.46865 2.23812 0.0255156
568.449 5.71816 0.463962 2.23684 0.0252741
569.195 5.70599 0.458282 2.23528 0.0249378
569.94 5.69226 0.45181 2.23349 0.0245239
570.685 5.6776 0.444265 2.23155 0.0239798
571.431 5.66154 0.435152 2.22938 0.0232469
572.176 5.64697 0.430055 2.22748 0.0230146
572.921 5.63601 0.435234 2.22628 0.0240909
573.667 5.62451 0.438833 2.22497 0.0249674
574.412 5.60943 0.433109 2.22298 0.0246544
575.157 5.59455 0.4275 2.221 0.0243467
575.903 5.5789 0.420356 2.21888 0.0238391
576.648 5.56346 0.413376 2.21679 0.023342
577.393 5.55418 0.409162 2.21559 0.0230935
578.139 5.54589 0.405404 2.21453 0.0228846
578.884 5.53742 0.402177 2.21346 0.0227496
579.629 5.52892 0.399162 2.21238 0.0226421
580.375 5.51757 0.397264 2.21093 0.0227442
581.12 5.5044 0.396097 2.20923 0.0229829
581.865 5.49366 0.395505 2.20788 0.0232515
582.611 5.48564 0.395576 2.20692 0.0235574
583.356 5.47729 0.395289 2.2059 0.0238193
584.101 5.46818 0.394293 2.20476 0.0239953
584.847 5.45874 0.391812 2.20353 0.0239673
585.592 5.44763 0.383222 2.20195 0.0231054
586.337 5.43688 0.375016 2.20042 0.0222837
587.083 5.43063 0.370348 2.19959 0.0218713
587.828 5.42441 0.365732 2.19877 0.0214627
588.573 5.41539 0.36209 2.19757 0.0212436
589.319 5.40621 0.358573 2.19634 0.0210424
590.064 5.39572 0.355781 2.19494 0.0209672
590.809 5.38497 0.353206 2.1935 0.0209253
591.555 5.37399 0.351893 2.19204 0.0210673
592.3 5.36294 0.351228 2.19058 0.0213024
593.045 5.35289 0.350797 2.18927 0.0215518
593.791 5.34373 0.35058 2.18808 0.0218143
594.536 5.33448 0.348181 2.18684 0.0217597
595.281 5.32504 0.342375 2.1855 0.0212091
596.027 5.31445 0.33737 2.184 0.0207924
596.772 5.30036 0.334538 2.18203 0.0207548
597.517 5.28756 0.331614 2.18023 0.0206764
598.263 5.28328 0.327679 2.17967 0.0202901
599.008 5.279 0.323777 2.17911 0.0199065
599.753 5.26885 0.321396 2.17771 0.0198514
600.499 5.25871 0.319075 2.1763 0.0198031
601.244 5.24787 0.318524 2.17482 0.0200283
601.989 5.237 0.318274 2.17334 0.0202978
602.735 5.22865 0.315808 2.17218 0.02019
603.48 5.22133 0.312482 2.17116 0.0199324
604.225 5.21431 0.31177 2.17024 0.0200599
604.971 5.2075 0.312945 2.16937 0.020466
605.716 5.19989 0.310781 2.16832 0.0203836
606.461 5.19124 0.304486 2.16704 0.0196935
607.207 5.18327 0.300163 2.16589 0.0192851
607.952 5.17679 0.300097 2.16504 0.0194934
608.697 5.17109 0.29894 2.16429 0.0195217
609.443 5.16897 0.292535 2.16399 0.0186893
610.188 5.16651 0.286437 2.16365 0.017907
610.933 5.156 0.28766 2.1622 0.0183743
611.679 5.1456 0.288828 2.16076 0.0188316
612.424 5.13667 0.287263 2.1595 0.0188451
613.169 5.12799 0.285421 2.15826 0.0188103
613.915 5.12306 0.28633 2.15765 0.0191336
614.66 5.11927 0.288062 2.15723 0.0195641
615.405 5.11298 0.28481 2.15633 0.0192683
616.151 5.10526 0.278733 2.15516 0.0185579
616.896 5.09633 0.275462 2.15385 0.0182977
617.641 5.08622 0.274952 2.1524 0.0184829
618.387 5.07669 0.273416 2.15102 0.018498
619.132 5.06807 0.270119 2.14975 0.0182215
619.878 5.0609 0.267295 2.14871 0.0179923
620.623 5.05846 0.265928 2.14843 0.0179124
621.368 5.05532 0.264685 2.14804 0.0178623
622.113 5.04517 0.264581 2.14657 0.0181036
622.859 5.03514 0.264456 2.14511 0.0183389
623.604 5.02498 0.261471 2.14358 0.0181244
624.349 5.01494 0.258411 2.14207 0.0178934
625.095 5.00968 0.254638 2.1413 0.0174704
625.84 5.00545 0.250739 2.14068 0.0170088
626.586 5.00013 0.249082 2.13993 0.0169184
627.331 4.99436 0.248442 2.13912 0.0169955
628.076 4.98585 0.246921 2.13786 0.0169742
628.822 4.97521 0.24471 2.13625 0.0168743
629.567 4.9668 0.243949 2.13501 0.0169697
630.312 4.96137 0.245167 2.13427 0.0173351
631.057 4.95689 0.245724 2.13368 0.0175798
631.803 4.95476 0.244646 2.13343 0.0175249
632.548 4.95189 0.243306 2.13307 0.0174384
633.294 4.94476 0.240428 2.13199 0.0171691
634.039 4.9377 0.237615 2.13092 0.016907
634.784 4.93074 0.236718 2.12989 0.016951
635.53 4.92384 0.235826 2.12888 0.0169937
636.275 4.91664 0.234655 2.1278 0.016995
637.02 4.90945 0.233454 2.12673 0.0169899
637.766 4.90447 0.230751 2.12599 0.0167058
638.511 4.90025 0.227549 2.12536 0.0163273
639.256 4.89574 0.226486 2.12472 0.0163006
640.002 4.89105 0.226791 2.12407 0.0164992
640.747 4.88495 0.225431 2.12316 0.0164459
641.492 4.87729 0.22225 2.12197 0.0161155
642.238 4.87141 0.220257 2.12108 0.0159518
642.983 4.86892 0.220517 2.12078 0.0161082
643.728 4.86647 0.220646 2.12049 0.0162421
644.474 4.86413 0.220263 2.12021 0.0162896
645.219 4.86135 0.219867 2.11985 0.0163408
645.964 4.85238 0.219258 2.11846 0.0164462
646.71 4.84352 0.218645 2.1171 0.0165483
647.455 4.83608 0.216532 2.11594 0.0163802
648.2 4.82882 0.214341 2.1148 0.0161948
648.946 4.82505 0.210568 2.11423 0.0156947
649.691 4.82215 0.206416 2.11379 0.0151175
650.436 4.8183 0.203485 2.11321 0.0147554
651.182 4.81399 0.20119 2.11256 0.0145042
651.927 4.80664 0.201027 2.11144 0.0146499
652.672 4.79665 0.202709 2.10989 0.0151407
653.418 4.78853 0.20362 2.10864 0.0154771
654.163 4.78317 0.203424 2.10784 0.0155888
654.908 4.77825 0.202854 2.1071 0.015631
655.654 4.77446 0.201218 2.10654 0.0154772
656.399 4.77078 0.199446 2.10599 0.0152978
657.144 4.76778 0.1966 2.10555 0.0149269
657.89 4.76477 0.193778 2.1051 0.0145587
658.635 4.75402 0.193375 2.10337 0.0147029
659.38 4.74335 0.192987 2.10165 0.0148479
660.126 4.73847 0.192259 2.10091 0.0148564
660.871 4.73461 0.191479 2.10034 0.0148418
661.616 4.73184 0.19118 2.09996 0.0148938
662.362 4.72951 0.19107 2.09965 0.0149718
663.107 4.72616 0.191708 2.09919 0.0151908
663.852 4.7221 0.192868 2.0986 0.0155085
664.598 4.71759 0.19156 2.09791 0.0154098
665.343 4.71252 0.187274 2.09708 0.0148068
666.088 4.70694 0.1846 2.09618 0.0144848
666.834 4.70028 0.185323 2.09514 0.0147596
667.579 4.6947 0.18578 2.09427 0.0149743
668.324 4.69385 0.185129 2.09421 0.014936
669.07 4.69297 0.184394 2.09414 0.0148832
669.815 4.69122 0.181756 2.0939 0.014513
670.56 4.68946 0.179132 2.09365 0.0141445
671.306 4.68193 0.175973 2.0924 0.0137556
672.051 4.67391 0.172827 2.09107 0.0133727
672.796 4.66742 0.173253 2.09004 0.0135883
673.542 4.6614 0.174671 2.0891 0.0139704
674.287 4.65771 0.174241 2.08854 0.0140016
675.032 4.65531 0.172794 2.0882 0.0138392
675.778 4.65331 0.172466 2.08793 0.0138662
676.523 4.65169 0.173222 2.08775 0.014077
677.268 4.64898 0.173315 2.08736 0.0141857
678.014 4.64445 0.172297 2.08665 0.0141226
678.759 4.63896 0.171185 2.08576 0.0140543
679.504 4.63032 0.169755 2.08432 0.0139679
680.25 4.62255 0.168353 2.08302 0.0138744
680.995 4.62117 0.166999 2.08285 0.01371
681.74 4.6198 0.165651 2.08268 0.0135461
682.486 4.61854 0.165841 2.08255 0.0136511
683.231 4.61729 0.166081 2.08241 0.0137644
683.976 4.61198 0.162118 2.08152 0.0131856
684.722 4.60591 0.157411 2.08047 0.0124822
685.467 4.60135 0.156325 2.07974 0.0123986
686.212 4.59744 0.156753 2.07914 0.0125744
686.958 4.59159 0.157615 2.07819 0.0128501
687.703 4.5843 0.15878 2.077 0.0131965
688.448 4.57849 0.159205 2.07605 0.0133941
689.194 4.57454 0.158707 2.07543 0.0134053
689.939 4.57149 0.158246 2.07496 0.013412
690.684 4.5705 0.157866 2.07486 0.0134086
691.43 4.56858 0.157371 2.07459 0.0133954
692.175 4.56201 0.156295 2.07349 0.013332
692.92 4.55557 0.155191 2.07241 0.0132613
693.666 4.55099 0.152833 2.07164 0.0129433
694.411 4.54645 0.15051 2.07088 0.0126298
695.156 4.5427 0.148743 2.07027 0.0124059
695.902 4.53907 0.147056 2.06967 0.0121941
696.647 4.53735 0.145892 2.06943 0.0120542
697.392 4.53622 0.144889 2.0693 0.0119362
698.138 4.5351 0.143108 2.06915 0.0116777
698.883 4.53397 0.140876 2.069 0.0113373
699.628 4.53029 0.140993 2.06842 0.0114477
700.374 4.52407 0.143431 2.0674 0.0120049
701.119 4.51864 0.145509 2.06652 0.0124894
701.864 4.51452 0.147036 2.06587 0.0128599
702.61 4.51094 0.14789 2.06531 0.0131029
703.355 4.50907 0.146586 2.06503 0.0129352
704.1 4.50755 0.14554 2.06482 0.0128101
704.846 4.50913 0.146826 2.0652 0.0130736
705.591 4.51072 0.148125 2.06558 0.013339
706.336 4.50473 0.14481 2.06453 0.0128508
707.082 4.49852 0.141399 2.06344 0.0123452
707.827 4.49182 0.137534 2.06225 0.0117598
708.572 4.48508 0.133658 2.06105 0.0111701
709.318 4.48066 0.132597 2.06031 0.0110684
710.063 4.47724 0.13272 2.05976 0.0111721
710.808 4.47676 0.133827 2.05976 0.011425
711.554 4.47852 0.135707 2.06017 0.0117956
712.299 4.47846 0.13586 2.06024 0.0118691
713.044 4.47601 0.133746 2.05984 0.0115526
713.79 4.47227 0.13226 2.05921 0.0113636
714.535 4.46559 0.132187 2.05806 0.0114639
715.28 4.45892 0.132208 2.0569 0.0115809
716.026 4.45195 0.132722 2.0557 0.0117917
716.771 4.44527 0.133197 2.05454 0.0119922
717.516 4.44385 0.133401 2.05435 0.0120878
718.262 4.44244 0.133604 2.05416 0.012183
719.007 4.4448 0.131153 2.05465 0.0117486
719.752 4.44757 0.128389 2.0552 0.0112524
720.498 4.44408 0.125914 2.0546 0.0108729
721.243 4.43879 0.123572 2.05367 0.0105346
721.988 4.4336 0.121568 2.05276 0.0102566
722.734 4.42849 0.119764 2.05186 0.0100136
723.479 4.4239 0.119529 2.05108 0.010056
724.224 4.41981 0.120766 2.0504 0.0103669
724.97 4.41691 0.121061 2.04993 0.0104909
725.715 4.41592 0.119839 2.0498 0.0103136
726.46 4.4148 0.119608 2.04966 0.0103219
727.206 4.41326 0.12239 2.04947 0.0108957
727.951 4.41156 0.12508 2.04924 0.0114543
728.696 4.40875 0.127161 2.04881 0.0119106
729.442 4.40594 0.129217 2.04837 0.0123625
730.187 4.39865 0.126441 2.04705 0.0119563
730.932 4.39139 0.123664 2.04573 0.0115474
731.678 4.38715 0.121813 2.04498 0.0112808
732.423 4.38344 0.120135 2.04433 0.0110407
733.168 4.38132 0.119018 2.04399 0.0108897
733.914 4.37981 0.118114 2.04376 0.0107726
734.659 4.37897 0.117626 2.04366 0.0107272
735.404 4.37857 0.117424 2.04365 0.0107309
736.15 4.37772 0.116356 2.04355 0.010576
736.895 4.37632 0.114289 2.04333 0.0102374
737.641 4.37362 0.112423 2.04287 0.00994854
738.386 4.36836 0.110965 2.04193 0.00975917
739.131 4.36343 0.110403 2.04105 0.00973536
739.876 4.35959 0.113265 2.04042 0.0103487
740.622 4.35603 0.115953 2.03983 0.0109275
741.367 4.35598 0.117067 2.0399 0.0111754
742.112 4.35593 0.118183 2.03996 0.0114238
742.858 4.35601 0.117966 2.04004 0.0114184
743.603 4.3561 0.117669 2.04011 0.0113975
744.349 4.35334 0.115786 2.03963 0.0111024
745.094 4.34994 0.113567 2.03903 0.0107487
745.839 4.34565 0.109589 2.03824 0.0100679
746.584 4.34094 0.104875 2.03737 0.00924895
747.33 4.33648 0.103784 2.03657 0.00911555
748.075 4.33222 0.105506 2.03583 0.00951601
748.82 4.3293 0.105967 2.03534 0.00966441
749.566 4.32815 0.104778 2.03517 0.00948201
750.311 4.3279 0.10397 2.03518 0.00936424
751.057 4.3298 0.104052 2.0356 0.00939739
751.802 4.33075 0.104171 2.03584 0.00944583
752.547 4.32703 0.104456 2.0352 0.00956675
753.293 4.32327 0.104664 2.03454 0.00967312
754.038 4.318 0.103324 2.03358 0.00949606
754.783 4.3128 0.10201 2.03263 0.00932248
755.529 4.30976 0.100626 2.03209 0.00911608
756.274 4.30694 0.0992501 2.0316 0.00890873
757.019 4.30412 0.0990842 2.03112 0.00893342
757.765 4.30133 0.0992399 2.03064 0.00901962
758.51 4.29909 0.100629 2.03028 0.00933849
759.255 4.29713 0.102643 2.02998 0.00977534
760.001 4.29623 0.101921 2.02985 0.00967621
760.746 4.29624 0.0988068 2.02989 0.009108
761.491 4.29411 0.0979639 2.02953 0.00899518
762.237 4.2889 0.100399 2.0286 0.00954063
762.982 4.2841 0.101492 2.02774 0.00982409
763.727 4.28031 0.0993037 2.02704 0.00946428
764.473 4.27658 0.0974451 2.02636 0.00916671
765.218 4.2731 0.0972163 2.02574 0.00918224
765.963 4.26974 0.0969436 2.02514 0.00918799
766.709 4.26966 0.0951051 2.02517 0.00886248
767.454 4.26956 0.0932668 2.02519 0.00853685
768.199 4.27019 0.0921923 2.02536 0.00835358
768.945 4.27089 0.0911977 2.02554 0.00818509
769.69 4.27007 0.0916762 2.02544 0.00831465
770.435 4.26882 0.0925754 2.02526 0.00852938
771.181 4.26567 0.0922967 2.0247 0.00853028
771.926 4.26154 0.0914008 2.02395 0.00841856
772.671 4.25673 0.0908869 2.02306 0.00838618
773.417 4.25133 0.0907039 2.02206 0.00842259
774.162 4.24811 0.0909554 2.02149 0.00852639
774.907 4.24804 0.0918583 2.02153 0.00873251
775.653 4.24791 0.0917431 2.02156 0.00873999
776.398 4.24766 0.0889852 2.02155 0.00823181
777.143 4.24744 0.0866894 2.02154 0.0078134
777.889 4.24751 0.0869069 2.02161 0.00788397
778.634 4.24756 0.087142 2.02167 0.00795805
779.379 4.2469 0.0878902 2.0216 0.00813776
780.125 4.24625 0.0886369 2.02153 0.00831716
780.87 4.2408 0.0870155 2.02051 0.00806969
781.615 4.23496 0.0852019 2.0194 0.00778649
782.361 4.22982 0.085411 2.01845 0.00789413
783.106 4.22492 0.0861393 2.01754 0.00810206
783.851 4.22332 0.0837943 2.01726 0.00768012
784.597 4.22335 0.0798965 2.01729 0.00693997
785.342 4.22287 0.0815334 2.01726 0.0072929
786.087 4.22188 0.0878483 2.01716 0.00857094
786.833 4.22156 0.0905281 2.01717 0.00912838
787.578 4.22228 0.0881957 2.01734 0.00869041
788.323 4.22198 0.0865251 2.01732 0.00839052
789.069 4.21929 0.0864299 2.01684 0.00841875
789.814 4.21599 0.0863923 2.01624 0.0084628
790.559 4.20983 0.0866142 2.01508 0.00857945
791.305 4.20396 0.0866424 2.01397 0.0086555
792.05 4.2013 0.0838227 2.01347 0.0081432
792.795 4.19864 0.081044 2.01297 0.00763805
793.541 4.19853 0.0795358 2.01299 0.0073657
794.286 4.19857 0.0781104 2.01304 0.00710841
795.031 4.19968 0.0797004 2.01332 0.00744137
795.777 4.20101 0.0819841 2.01365 0.00791004
796.522 4.201 0.0808461 2.01369 0.00771
797.267 4.2004 0.0782312 2.0136 0.00722115
798.013 4.19605 0.0779489 2.01278 0.0072211
798.758 4.18908 0.079297 2.01145 0.00756336
799.503 4.18428 0.0795875 2.01055 0.00768024
800.249 4.18191 0.0787123 2.01012 0.00754761
800.994 4.17913 0.0785839 2.00961 0.00756629
801.739 4.17559 0.0798465 2.00896 0.00786779
802.485 4.17274 0.0799451 2.00844 0.00793225
803.23 4.17212 0.0761574 2.00834 0.00720434
803.975 4.17174 0.0728504 2.00829 0.00657034
804.721 4.17367 0.0733622 2.00872 0.00668356
805.466 4.17561 0.0738817 2.00916 0.00679811
806.211 4.17408 0.0786851 2.00894 0.00779208
806.957 4.17244 0.0834836 2.00869 0.00878654
807.702 4.1686 0.0826185 2.00796 0.00866508
808.447 4.1645 0.0809916 2.00718 0.00839241
809.193 4.16123 0.0787814 2.00655 0.00799615
809.938 4.15822 0.0764174 2.00598 0.00756632
810.683 4.15595 0.0760196 2.00557 0.00752537
811.429 4.15407 0.0766783 2.00524 0.00769366
812.174 4.15251 0.0766965 2.00497 0.00773113
812.919 4.15122 0.0761574 2.00475 0.00765462
813.665 4.15025 0.0750853 2.0046 0.00746853
814.41 4.14972 0.0732683 2.00452 0.0071294
815.155 4.14896 0.0720337 2.00441 0.0069087
815.901 4.1477 0.072124 2.0042 0.00695777
816.646 4.146 0.0723534 2.0039 0.00703766
817.391 4.14242 0.0731642 2.00323 0.0072471
818.137 4.13878 0.0738252 2.00255 0.00742687
818.882 4.13409 0.0729787 2.00164 0.00730931
819.627 4.12946 0.0721496 2.00074 0.00719429
820.373 4.12721 0.0727499 2.00033 0.0073525
821.118 4.12504 0.0733897 1.99995 0.00751815
821.863 4.12526 0.0729663 2.00003 0.00745272
822.609 4.12588 0.072361 2.00019 0.00734775
823.354 4.12655 0.070919 2.00036 0.0070729
824.099 4.12724 0.0691819 2.00054 0.00673819
824.845 4.1276 0.0683004 2.00065 0.00657874
825.59 4.12777 0.0679166 2.00072 0.00652119
826.335 4.12768 0.0680069 2.00075 0.00656128
827.081 4.12733 0.068528 2.00072 0.00669016
827.826 4.12535 0.0689226 2.00037 0.0068037
828.571 4.12111 0.0691303 1.99955 0.00689365
829.317 4.11709 0.0689281 1.99878 0.00689897
830.062 4.11346 0.0678349 1.99807 0.00672039
830.807 4.11008 0.0666448 1.99742 0.00652002
831.553 4.10757 0.0650015 1.99694 0.00622151
832.298 4.10531 0.0637248 1.99652 0.00599558
833.043 4.10545 0.0658679 1.9966 0.00645172
833.789 4.10557 0.0680171 1.99668 0.00690921
834.534 4.1049 0.0668578 1.99658 0.00669725
835.279 4.10423 0.0656511 1.99647 0.00647551
836.025 4.10459 0.0656214 1.99659 0.00648722
836.77 4.10511 0.0657552 1.99674 0.00653132
837.515 4.10342 0.0672347 1.99644 0.00686333
838.261 4.10109 0.0690828 1.99602 0.00727477
839.006 4.09813 0.0692579 1.99546 0.0073488
839.751 4.09489 0.0686215 1.99483 0.00725861
840.497 4.09181 0.0684991 1.99424 0.00727232
841.242 4.08885 0.0687613 1.99368 0.00736381
841.987 4.08731 0.0706044 1.99341 0.00777037
842.733 4.08737 0.0743111 1.99349 0.00854883
843.478 4.08651 0.0741851 1.99335 0.00854798
844.223 4.08397 0.0672724 1.99283 0.00716591
844.969 4.08175 0.0625479 1.99238 0.00622902
845.714 4.08077 0.063831 1.99223 0.00651703
846.459 4.07963 0.0649661 1.99204 0.00677578
847.205 4.0776 0.0653294 1.99167 0.00688139
847.95 4.07568 0.0658427 1.99132 0.00701711
848.695 4.07558 0.0690573 1.99135 0.00769733
849.441 4.07544 0.0722764 1.99138 0.00837882
850.186 4.07199 0.0708051 1.9907 0.00811644
850.931 4.06841 0.0691497 1.98999 0.00781621
851.677 4.06634 0.0632352 1.98957 0.00662818
852.422 4.0644 0.0566889 1.98917 0.00530768
853.167 4.06425 0.0584615 1.98919 0.00569214
853.913 4.06464 0.0628966 1.98933 0.00662274
854.658 4.06376 0.0648499 1.9892 0.00704895
855.403 4.06224 0.0655108 1.98893 0.00721234
856.149 4.0604 0.0648346 1.98858 0.0071015
856.894 4.05831 0.0631448 1.98818 0.00678243
857.639 4.05718 0.0632608 1.98799 0.00683072
858.385 4.05712 0.0654169 1.98802 0.00729453
859.13 4.05656 0.0651407 1.98794 0.00725837
859.875 4.05515 0.060791 1.98766 0.00638439
860.621 4.05372 0.0584304 1.98739 0.00592133
861.366 4.05236 0.0611185 1.98716 0.00650276
862.112 4.05071 0.0631065 1.98687 0.00694122
862.857 4.04789 0.0621042 1.98632 0.00676693
863.602 4.04532 0.0612577 1.98582 0.00662315
864.347 4.04494 0.0617898 1.98578 0.00675281
865.093 4.04455 0.0623212 1.98574 0.0068823
865.838 4.04425 0.0595607 1.98569 0.00632802
866.583 4.04392 0.056806 1.98565 0.00577484
867.329 4.04444 0.0578574 1.9858 0.00600701
868.074 4.04505 0.0592988 1.98597 0.00631963
868.82 4.04361 0.0594909 1.98571 0.00638418
869.565 4.04173 0.0594052 1.98535 0.0063934
870.31 4.04018 0.0595405 1.98506 0.00644664
871.056 4.03875 0.0597551 1.98481 0.00651563
871.801 4.03693 0.0592381 1.98446 0.00643457
872.546 4.03489 0.058323 1.98407 0.0062716
873.292 4.03299 0.0574505 1.9837 0.00611648
874.037 4.0312 0.056613 1.98336 0.00596778
874.782 4.03042 0.0561292 1.98323 0.00588725
875.528 4.03076 0.05604 1.98333 0.00588287
876.273 4.03063 0.0563791 1.98334 0.00597023
877.018 4.02972 0.0574064 1.9832 0.00620523
877.764 4.02885 0.0577802 1.98305 0.00630378
878.509 4.02806 0.0566262 1.98291 0.00608309
879.254 4.02722 0.0556269 1.98277 0.00589473
880 4.02623 0.055178 1.98259 0.00582189
880.745 4.02548 0.054611 1.98247 0.00572305
881.49 4.02622 0.0532395 1.98265 0.00544834
882.236 4.02671 0.0519986 1.98278 0.00520215
882.981 4.02251 0.0534052 1.98195 0.00553287
883.726 4.01837 0.0547612 1.98112 0.00585323
884.472 4.01562 0.054148 1.98058 0.00575438
885.217 4.01294 0.0534831 1.98005 0.00564406
885.962 4.01199 0.0521421 1.97987 0.00538296
886.708 4.01125 0.050723 1.97974 0.00510423
887.453 4.01101 0.0499996 1.97972 0.00496873
888.198 4.01088 0.0494383 1.97973 0.00486653
888.944 4.01146 0.0491464 1.97988 0.00481733
889.689 4.01231 0.0489519 1.98009 0.00478722
890.434 4.01169 0.0495185 1.98 0.00492383
891.18 4.0103 0.0504752 1.97975 0.00514607
891.925 4.00838 0.050424 1.97937 0.00515947
892.67 4.00609 0.0496601 1.97892 0.00502489
893.416 4.00372 0.0496173 1.97846 0.00504195
894.161 4.0013 0.0502577 1.97798 0.00520294
894.906 3.99887 0.0506642 1.97751 0.00531481
895.652 3.99644 0.0507762 1.97703 0.0053647
896.397 3.99455 0.0515102 1.97667 0.00554295
897.142 3.99358 0.0533433 1.97651 0.00594836
897.888 3.99323 0.0539237 1.97647 0.00608675
898.633 3.99439 0.0514459 1.97673 0.00557287
899.378 3.99527 0.0501231 1.97694 0.00530385
900.124 3.99523 0.0529738 1.97698 0.00591898
900.869 3.99513 0.0548351 1.977 0.00632591
901.614 3.99485 0.0511274 1.97695 0.00555969
902.36 3.99444 0.0476885 1.97688 0.00485045
903.105 3.99322 0.0470884 1.97665 0.00474343
903.85 3.99198 0.0465002 1.97642 0.00463888
904.596 3.98939 0.0463081 1.97591 0.00462406
905.341 3.98682 0.0461176 1.97539 0.0046093
906.086 3.98547 0.0456931 1.97514 0.00453939
906.832 3.98419 0.0452605 1.9749 0.00446731
907.577 3.98153 0.0457848 1.97437 0.00460386
908.322 3.97872 0.0464126 1.97381 0.00476308
909.068 3.97807 0.0462341 1.9737 0.00474165
909.813 3.97787 0.0458877 1.97369 0.00468249
910.558 3.9777 0.044778 1.97368 0.00446141
911.304 3.97754 0.0434333 1.97367 0.00419042
912.049 3.97737 0.0446969 1.97367 0.00447208
912.794 3.97718 0.0470591 1.97367 0.00498674
913.54 3.97679 0.0479302 1.97362 0.00518628
914.285 3.97631 0.0479789 1.97355 0.00521192
915.03 3.9755 0.0471761 1.9734 0.00505844
915.776 3.97447 0.0457829 1.97321 0.00478062
916.521 3.97277 0.0451196 1.97288 0.00466039
917.266 3.97052 0.0450937 1.97243 0.00467785
918.012 3.96814 0.0455411 1.97195 0.00479637
918.757 3.96562 0.0464949 1.97145 0.00502324
919.502 3.96366 0.0474506 1.97107 0.00524817
920.248 3.96243 0.0484259 1.97084 0.00547404
920.993 3.96078 0.0485211 1.97052 0.0055146
921.738 3.95841 0.0471462 1.97004 0.0052452
922.484 3.95688 0.0470995 1.96974 0.00525472
923.229 3.95708 0.0498573 1.96983 0.00585412
923.974 3.95744 0.0509409 1.96994 0.00609589
924.72 3.95829 0.0474263 1.97013 0.00535529
925.465 3.95871 0.0440853 1.97024 0.00465366
926.21 3.9578 0.0414515 1.97006 0.0041084
926.956 3.95694 0.0390982 1.9699 0.00362239
927.701 3.95644 0.0379911 1.96981 0.00340041
928.446 3.95572 0.0374905 1.96969 0.0033086
929.192 3.95348 0.0410453 1.96925 0.00408845
929.937 3.95129 0.0442506 1.96883 0.00479428
930.682 3.95006 0.0443777 1.96859 0.00483879
931.428 3.94885 0.0443923 1.96836 0.00485913
932.173 3.94797 0.0418966 1.96819 0.0043413
932.918 3.94706 0.0394247 1.96802 0.00382834
933.664 3.94516 0.0412402 1.96765 0.00423635
934.409 3.94325 0.0430248 1.96727 0.0046381
935.154 3.94054 0.0415212 1.96671 0.0043393
935.9 3.93781 0.0399243 1.96615 0.00402
936.645 3.93745 0.0404264 1.9661 0.00414072
937.39 3.93728 0.0411001 1.9661 0.00429742
938.136 3.93939 0.0412753 1.96658 0.00433773
938.881 3.94181 0.0413893 1.96712 0.00436357
939.626 3.94291 0.0430452 1.9674 0.00472518
940.372 3.94378 0.0449854 1.96762 0.00514857
941.117 3.94054 0.0439199 1.96695 0.0049456
941.862 3.93645 0.0422418 1.96609 0.00461431
942.608 3.93473 0.0409662 1.96574 0.004359
943.353 3.93363 0.0397997 1.96553 0.00412426
944.098 3.93184 0.043806 1.96519 0.00500341
944.844 3.92971 0.0493789 1.96478 0.00622163
945.589 3.93063 0.0457249 1.96499 0.00544335
946.334 3.93253 0.0385577 1.9654 0.00390638
947.08 3.93136 0.0379175 1.96517 0.00378444
947.825 3.92895 0.0400355 1.96469 0.0042604
948.57 3.92742 0.0413919 1.96439 0.00456938
949.316 3.9263 0.0423918 1.96418 0.00480012
950.061 3.92585 0.044384 1.96412 0.00524174
950.806 3.92574 0.0469073 1.96413 0.00579637
951.552 3.92488 0.0448946 1.96396 0.0053776
952.297 3.92353 0.040292 1.96368 0.00440266
953.042 3.92193 0.0421879 1.96337 0.0048284
953.788 3.92009 0.0481022 1.96302 0.00612195
954.533 3.92076 0.0443493 1.96318 0.00532068
955.278 3.92281 0.0338669 1.96361 0.00306352
956.024 3.92061 0.0325638 1.96315 0.00280113
956.769 3.91554 0.0378619 1.96211 0.00397382
957.514 3.91355 0.0389242 1.96171 0.00422147
958.26 3.91396 0.0368328 1.96181 0.00377854
959.005 3.91456 0.0351245 1.96196 0.00341762
959.75 3.91533 0.0337265 1.96215 0.00312311
960.496 3.91465 0.0372623 1.96204 0.00389973
961.241 3.9125 0.0449296 1.96163 0.00557551
961.986 3.91236 0.0481178 1.96164 0.00627569
962.732 3.91419 0.0474066 1.96206 0.00612446
963.477 3.9147 0.0466479 1.96219 0.00596868
964.222 3.91398 0.0458589 1.96206 0.00581153
964.968 3.91407 0.0432438 1.96209 0.00525617
965.713 3.91484 0.0388907 1.96226 0.00432238
966.458 3.91363 0.0379191 1.96203 0.00412704
967.204 3.91063 0.0401314 1.96141 0.00462724
967.949 3.90698 0.0422455 1.96065 0.0051094
968.694 3.90275 0.044243 1.95977 0.00556943
969.44 3.90134 0.0438794 1.95949 0.0055064
970.185 3.90255 0.0412975 1.95977 0.00495159
970.93 3.90065 0.040109 1.95937 0.00471124
971.676 3.89588 0.0402518 1.95836 0.00477065
972.421 3.89315 0.0392147 1.95779 0.00456572
973.166 3.89223 0.0371032 1.95761 0.00412003
973.912 3.89216 0.0362494 1.95761 0.00394434
974.657 3.89287 0.0365283 1.95779 0.00401196
975.402 3.8935 0.0366249 1.95795 0.00404024
976.148 3.89405 0.0365592 1.9581 0.00403351
976.893 3.89392 0.0364774 1.95809 0.00402577
977.638 3.8932 0.0363822 1.95796 0.00401724
978.384 3.89283 0.0358911 1.9579 0.0039213
979.129 3.89274 0.0350817 1.9579 0.00375505
979.874 3.89311 0.0351304 1.95801 0.00377373
980.62 3.89383 0.0358351 1.95819 0.00393378
981.365 3.891 0.0366328 1.9576 0.00412701
982.11 3.88578 0.0374485 1.95649 0.00433325
982.856 3.88283 0.0384367 1.95588 0.00456893
983.601 3.88132 0.0395486 1.95558 0.00482641
984.346 3.87891 0.0390961 1.95507 0.00474611
985.092 3.87597 0.0377415 1.95445 0.00447053
985.837 3.87497 0.0355139 1.95424 0.00399677
986.583 3.87497 0.0327959 1.95426 0.00341203
987.328 3.87484 0.032912 1.95425 0.00344688
988.073 3.87465 0.0344092 1.95424 0.00378372
988.818 3.87545 0.0364376 1.95445 0.00423309
989.564 3.87668 0.0387242 1.95475 0.00473721
990.309 3.87752 0.0405801 1.95496 0.00514846
991.055 3.87823 0.0422816 1.95514 0.00552645
991.8 3.87803 0.0405698 1.95512 0.00516232
992.545 3.87751 0.0377953 1.95502 0.00456708
993.291 3.87759 0.0376337 1.95506 0.00454034
994.036 3.87784 0.038146 1.95514 0.00466026
994.781 3.87786 0.037783 1.95516 0.0045897
995.527 3.87784 0.0372416 1.95518 0.00448032
996.272 3.87703 0.0361202 1.95502 0.00424694
997.017 3.87609 0.0349225 1.95483 0.00399713
997.763 3.87377 0.0336603 1.95434 0.00373784
998.508 3.87134 0.0324205 1.95383 0.00348345
999.253 3.87251 0.0385747 1.95413 0.00483499
999.999 3.87364 0.0451941 1.95443 0.00628795
