255.408 1.08436 1.63881 1.26289 0.589911
256.154 1.12832 1.67448 1.28345 0.588729
256.899 1.17237 1.70887 1.30325 0.587051
257.644 1.14042 1.67966 1.28747 0.587102
258.39 1.09713 1.63964 1.26568 0.586822
259.135 1.12553 1.7032 1.28882 0.59697
259.88 1.18274 1.80072 1.32735 0.607832
260.626 1.20483 1.81422 1.33585 0.605733
261.371 1.20299 1.77502 1.3256 0.596474
262.116 1.21317 1.75454 1.32299 0.588878
262.862 1.23598 1.7546 1.3285 0.583477
263.607 1.25136 1.75371 1.33191 0.579647
264.353 1.25287 1.75113 1.33145 0.578657
265.098 1.25846 1.75582 1.3337 0.578534
265.843 1.27943 1.78727 1.34595 0.581422
266.589 1.29788 1.81211 1.35594 0.583174
267.334 1.28328 1.76595 1.34151 0.57534
268.079 1.26959 1.71943 1.32723 0.566876
268.825 1.28995 1.80992 1.35283 0.584547
269.57 1.3163 1.90721 1.38145 0.601218
270.315 1.33467 1.86703 1.3761 0.587768
271.061 1.3521 1.7973 1.36419 0.567473
271.806 1.3648 1.77209 1.36144 0.558657
272.551 1.37482 1.76706 1.36254 0.555284
273.297 1.39234 1.76972 1.36711 0.552151
274.042 1.4159 1.77845 1.37439 0.549198
274.787 1.42548 1.78707 1.37829 0.549225
275.533 1.41575 1.79585 1.37769 0.553415
276.278 1.41295 1.79003 1.37558 0.552687
277.023 1.42788 1.74799 1.37001 0.539569
277.769 1.44492 1.71997 1.36808 0.529331
278.514 1.47184 1.76576 1.38375 0.534715
279.259 1.49911 1.8091 1.39882 0.539181
280.005 1.49831 1.77331 1.39112 0.531152
280.75 1.49803 1.73764 1.38365 0.522905
281.495 1.4973 1.6988 1.37553 0.513852
282.241 1.49708 1.65968 1.3676 0.504471
282.986 1.50511 1.66047 1.36955 0.503141
283.731 1.51578 1.67418 1.37465 0.504431
284.477 1.51937 1.64948 1.37058 0.497793
285.222 1.51937 1.60151 1.36129 0.486042
285.967 1.52974 1.58408 1.36046 0.479804
286.713 1.55029 1.5984 1.36807 0.479578
287.458 1.56406 1.60406 1.37236 0.478469
288.203 1.56546 1.59432 1.37077 0.475871
288.949 1.56888 1.58112 1.36906 0.472045
289.694 1.57946 1.5558 1.36698 0.463916
290.439 1.59067 1.53265 1.36554 0.45621
291.185 1.60704 1.52977 1.36898 0.452674
291.93 1.6233 1.52688 1.3724 0.449189
292.675 1.6179 1.46806 1.3609 0.435428
293.421 1.6131 1.40654 1.34936 0.420523
294.166 1.60945 1.38574 1.34492 0.415756
294.911 1.60587 1.37392 1.34198 0.413284
295.657 1.60622 1.34495 1.33734 0.405641
296.402 1.60884 1.30826 1.3322 0.395515
297.147 1.61725 1.27602 1.32943 0.385621
297.893 1.63022 1.24758 1.32859 0.376057
298.638 1.63071 1.22466 1.32529 0.369812
299.383 1.61351 1.20887 1.31822 0.368032
300.129 1.59668 1.18607 1.3102 0.364198
300.874 1.58123 1.14568 1.30004 0.355115
301.619 1.56743 1.10732 1.29069 0.346157
302.365 1.55937 1.08298 1.28497 0.340279
303.11 1.5515 1.05826 1.27928 0.334186
303.855 1.53932 1.01635 1.2701 0.323504
304.601 1.52794 0.974103 1.26124 0.312395
305.346 1.49563 0.943574 1.24756 0.307227
306.091 1.46033 0.913768 1.23291 0.302431
306.837 1.42716 0.868156 1.21684 0.292114
307.582 1.39554 0.816118 1.20045 0.279089
308.327 1.36402 0.7961 1.18775 0.276158
309.073 1.33177 0.797152 1.17708 0.280259
309.818 1.30228 0.775339 1.16453 0.276329
310.563 1.27685 0.727577 1.15032 0.262796
311.309 1.25088 0.691252 1.13723 0.252919
312.054 1.22237 0.678415 1.12569 0.251415
312.799 1.18895 0.663644 1.11202 0.249662
313.545 1.13702 0.642005 1.09057 0.247238
314.29 1.08511 0.61868 1.06846 0.243949
315.035 1.04457 0.586384 1.04939 0.235695
315.781 1.00386 0.552933 1.02988 0.226594
316.526 0.960745 0.523832 1.00957 0.219062
317.271 0.917106 0.494006 0.988652 0.210883
318.017 0.864332 0.464917 0.963561 0.203427
318.762 0.808585 0.434925 0.936547 0.195346
319.507 0.751291 0.413238 0.908934 0.190622
320.253 0.692483 0.395449 0.880236 0.187478
320.998 0.636633 0.378027 0.852209 0.183963
321.743 0.583445 0.360948 0.824798 0.180097
322.489 0.530421 0.344669 0.79685 0.176324
323.234 0.478189 0.330114 0.76875 0.173093
323.979 0.425047 0.316351 0.739514 0.170101
324.725 0.371073 0.306096 0.709334 0.168859
325.47 0.315878 0.295908 0.677641 0.167592
326.215 0.258597 0.289004 0.644096 0.168246
326.961 0.200078 0.281757 0.608772 0.168733
327.706 0.141243 0.281346 0.572734 0.173425
328.451 0.0811038 0.280938 0.534732 0.178422
329.197 0.0253222 0.284436 0.498751 0.185809
329.942 -0.0306452 0.288718 0.461651 0.194097
330.687 -0.0864413 0.294153 0.423679 0.203582
331.433 -0.142855 0.300171 0.384186 0.214038
332.178 -0.197789 0.310845 0.345159 0.228338
332.923 -0.251881 0.325095 0.306155 0.246044
333.669 -0.305395 0.339288 0.266579 0.264584
334.414 -0.35793 0.353265 0.226741 0.283797
335.159 -0.408721 0.367676 0.187425 0.304098
335.905 -0.454484 0.382428 0.151546 0.324803
336.65 -0.499619 0.396953 0.115444 0.346159
337.395 -0.539415 0.40879 0.0828345 0.364934
338.141 -0.579775 0.420947 0.0491903 0.384905
338.886 -0.621608 0.433738 0.0137069 0.406668
339.631 -0.664008 0.446877 -0.0228919 0.429862
340.377 -0.710079 0.460454 -0.0636613 0.455554
341.122 -0.757142 0.474446 -0.10616 0.483212
341.867 -0.800824 0.486697 -0.146628 0.509341
342.613 -0.843919 0.498654 -0.187394 0.53616
343.358 -0.879141 0.506297 -0.222024 0.556657
344.103 -0.909964 0.511466 -0.253366 0.57352
344.849 -0.946998 0.516121 -0.292415 0.592777
345.594 -0.990358 0.52028 -0.339815 0.614795
346.339 -1.03545 0.526628 -0.38959 0.641147
347.085 -1.08313 0.536769 -0.442094 0.67458
347.83 -1.13172 0.547328 -0.496904 0.710729
348.575 -1.18173 0.558533 -0.554648 0.750393
349.321 -1.2317 0.568284 -0.614714 0.790287
350.066 -1.27503 0.561265 -0.677205 0.805253
350.811 -1.31895 0.554087 -0.742794 0.820753
351.557 -1.36158 0.564907 -0.797523 0.862507
352.302 -1.40463 0.576763 -0.853469 0.908182
353.047 -1.45775 0.580112 -0.932579 0.950068
353.793 -1.51371 0.581821 -1.02084 0.993875
354.538 -1.57843 0.590951 -1.12222 1.06036
355.283 -1.64772 0.603921 -1.23349 1.14333
356.029 -1.70657 0.614148 -1.33311 1.21818
356.774 -1.75693 0.622014 -1.42274 1.28518
357.519 -1.80489 0.626389 -1.515 1.34687
358.265 -1.84931 0.625715 -1.60967 1.3974
359.01 -1.89514 0.626801 -1.70971 1.45686
359.755 -1.94393 0.632242 -1.81551 1.53501
360.501 -1.99626 0.640403 -1.93077 1.63171
361.246 -2.0667 0.663552 -2.07272 1.8086
361.991 -2.13805 0.687095 -2.21867 2.01083
362.737 -2.21257 0.710418 -2.37444 2.24619
363.482 -2.2883 0.734104 -2.53073 2.51778
364.227 -2.34992 0.749979 -2.66417 2.75509
364.973 -2.41036 0.764901 -2.79338 3.01118
365.718 -2.46626 0.767393 -2.9542 3.23702
366.463 -2.521 0.76539 -3.13491 3.468
367.209 -2.5746 0.777877 -3.2433 3.76695
367.954 -2.62772 0.800036 -3.28297 4.1204
368.699 -2.69277 0.820176 -3.33952 4.56837
369.445 -2.77152 0.837979 -3.40179 5.15167
370.19 -2.85314 0.856034 -3.39862 5.82489
370.935 -2.93896 0.874279 -3.29737 6.60388
371.681 -3.02198 0.892339 -3.06275 7.41245
372.426 -3.08818 0.908413 -2.74277 8.0697
373.171 -3.15394 0.923845 -2.31683 8.71413
373.917 -3.19977 0.92641 -2.03964 9.18911
374.662 -3.24613 0.928939 -1.6982 9.6647
375.407 -3.30572 0.935268 -1.12948 10.2276
376.153 -3.3671 0.941912 -0.432743 10.7409
376.898 -3.45653 0.965253 0.851238 11.1322
377.643 -3.55485 0.993636 2.32741 11.1633
378.389 -3.6593 1.02468 3.78327 10.7921
379.134 -3.76825 1.05776 5.04096 10.0796
379.879 -3.86236 1.08893 5.85371 9.29479
380.625 -3.94253 1.1182 6.34329 8.57645
381.37 -4.02055 1.14267 6.70507 7.92148
382.116 -4.09439 1.15894 6.98784 7.36124
382.861 -4.16206 1.17114 7.18984 6.87761
383.606 -4.20935 1.17072 7.34898 6.58339
384.352 -4.26262 1.17394 7.47349 6.24355
385.097 -4.35622 1.20404 7.48211 5.62421
385.842 -4.45164 1.23512 7.43429 5.07134
386.587 -4.57912 1.26576 7.36706 4.44423
387.333 -4.71035 1.29759 7.24688 3.90059
388.078 -4.83527 1.34163 7.06118 3.46987
388.824 -4.96147 1.38943 6.86529 3.10777
389.569 -5.08241 1.42498 6.71129 2.81051
390.314 -5.20287 1.4561 6.5709 2.55387
391.06 -5.29768 1.47438 6.47514 2.37375
391.805 -5.37359 1.483 6.41019 2.23993
392.55 -5.45357 1.50175 6.32473 2.11614
393.296 -5.53843 1.5335 6.21817 2.0036
394.041 -5.62951 1.56937 6.10765 1.89486
394.786 -5.73306 1.61367 5.98538 1.78499
395.532 -5.84701 1.65636 5.86788 1.67313
396.277 -6.00381 1.68612 5.74872 1.52125
397.022 -6.16451 1.71845 5.6316 1.38728
397.768 -6.31631 1.78684 5.4972 1.29586
398.513 -6.47183 1.85836 5.37159 1.21393
399.258 -6.60717 1.89763 5.28705 1.14108
400.004 -6.74314 1.93458 5.20892 1.07411
400.749 -6.85444 1.97454 5.14323 1.02831
401.494 -6.95946 2.01618 5.08261 0.989863
402.24 -7.05566 2.05901 5.02773 0.958809
402.985 -7.1472 2.10296 4.97667 0.932161
403.73 -7.26756 2.13807 4.92287 0.891471
404.476 -7.41811 2.16411 4.8662 0.83882
405.221 -7.57873 2.20631 4.80337 0.791852
405.966 -7.75456 2.27738 4.73047 0.751903
406.712 -7.9447 2.35817 4.65657 0.713628
407.457 -8.17283 2.46536 4.57262 0.674329
408.202 -8.40263 2.57346 4.49603 0.638767
408.948 -8.58704 2.63702 4.44521 0.608619
409.693 -8.77637 2.70314 4.39617 0.580378
410.438 -8.95887 2.7838 4.34853 0.558276
411.184 -9.14542 2.86831 4.30261 0.537604
411.929 -9.2977 2.95043 4.2652 0.524011
412.674 -9.44471 3.03418 4.23032 0.512188
413.42 -9.59846 3.09756 4.19963 0.497055
414.165 -9.75722 3.15251 4.17103 0.48092
414.91 -9.95745 3.2383 4.13427 0.463619
415.656 -10.1936 3.35162 4.09197 0.445865
416.401 -10.4501 3.46323 4.05071 0.426721
417.146 -10.7336 3.57032 4.01024 0.405594
417.892 -11.0301 3.70599 3.96853 0.387561
418.637 -11.344 3.90807 3.92229 0.374848
419.382 -11.6601 4.11407 3.87955 0.362852
420.128 -11.9426 4.27857 3.84611 0.351371
420.873 -12.2326 4.45173 3.81389 0.340509
421.618 -12.4817 4.61072 3.7874 0.332373
422.364 -12.737 4.77737 3.76163 0.324559
423.109 -12.9825 4.886 3.74175 0.314659
423.854 -13.2325 4.99019 3.72291 0.304812
424.6 -13.4776 5.15791 3.70146 0.298835
425.345 -13.724 5.3534 3.67956 0.294191
426.09 -14.0497 5.55915 3.65509 0.285741
426.836 -14.4336 5.77771 3.6294 0.275292
427.581 -14.8268 6.03599 3.60341 0.266486
428.326 -15.2278 6.34044 3.57713 0.259282
429.072 -15.6739 6.67913 3.55021 0.251478
429.817 -16.1994 7.07059 3.52151 0.242396
430.562 -16.7258 7.49694 3.49424 0.234557
431.308 -17.1901 7.96358 3.46943 0.229811
432.053 -17.6549 8.45557 3.44593 0.225381
432.798 -17.9975 8.84818 3.42916 0.222643
433.544 -18.3447 9.26294 3.41276 0.21997
434.289 -18.817 9.60511 3.39755 0.212955
435.034 -19.3141 9.96264 3.38267 0.20593
435.78 -19.7617 10.3992 3.3676 0.20135
436.525 -20.204 10.8769 3.35273 0.197424
437.27 -20.6704 11.393 3.33788 0.193401
438.016 -21.1542 11.9475 3.32319 0.189403
438.761 -21.7031 12.6501 3.30643 0.185391
439.506 -22.3071 13.5095 3.28812 0.181407
440.252 -22.9278 14.4597 3.27001 0.177479
440.997 -23.5668 15.5201 3.25198 0.173567
441.742 -24.2121 16.6813 3.23439 0.169678
442.488 -24.8759 17.9578 3.21715 0.165613
443.233 -25.522 19.3593 3.20038 0.161729
443.978 -26.1247 20.8942 3.1841 0.158143
444.724 -26.6825 22.5755 3.16826 0.154692
445.469 -26.9815 23.7428 3.15842 0.152891
446.214 -27.2458 24.9778 3.14874 0.151127
446.96 -27.7605 26.4522 3.13809 0.147191
447.705 -28.289 28.0745 3.12744 0.143046
448.45 -28.7226 29.9659 3.11612 0.13925
449.196 -29.0542 32.0676 3.10471 0.135654
449.941 -29.0118 34.3481 3.09316 0.133464
450.686 -28.6062 36.7595 3.08161 0.132178
451.432 -28.0225 39.4479 3.06969 0.130386
452.177 -27.1914 42.4649 3.05734 0.128047
452.922 -25.9681 45.6988 3.04491 0.125595
453.668 -24.2266 49.2253 3.03207 0.122859
454.413 -21.948 52.6085 3.01988 0.12045
455.158 -19.3306 55.3028 3.00939 0.11905
455.904 -16.2704 57.759 2.99906 0.117707
456.649 -12.5219 59.8272 2.98827 0.116773
457.394 -8.44467 61.3948 2.97771 0.115853
458.14 -4.92501 63.1131 2.9691 0.113121
458.885 -1.17111 64.4952 2.96075 0.110327
459.63 2.32478 65.6979 2.95368 0.1072
460.376 5.90493 66.6119 2.94699 0.104047
461.121 10.1465 66.0482 2.93864 0.102668
461.866 14.3863 64.4026 2.92955 0.102175
462.612 17.7664 62.7604 2.92198 0.101465
463.357 20.4791 61.2627 2.91574 0.10057
464.102 23.7103 59.2686 2.90797 0.0989528
464.848 27.6091 56.3999 2.89791 0.0962621
465.593 30.5984 53.3011 2.88862 0.0940947
466.338 32.3157 50.4997 2.88116 0.0932126
467.084 33.7028 47.7564 2.87387 0.0922665
467.829 34.9508 45.2724 2.86713 0.0907816
468.574 35.931 42.8272 2.86049 0.0893301
469.32 36.6749 39.5966 2.85148 0.0879547
470.065 37.0753 36.5651 2.84262 0.0866165
470.81 36.9629 33.9988 2.83461 0.0862177
471.556 36.6694 31.6885 2.82685 0.0859692
472.301 36.4675 29.6767 2.81978 0.0851119
473.046 36.2444 27.8473 2.81304 0.0840413
473.792 36.0236 26.2811 2.80703 0.0828817
474.537 35.8012 24.9009 2.80154 0.081668
475.282 35.4794 23.5373 2.79576 0.0805603
476.028 35.057 22.1918 2.78962 0.0795726
476.773 34.54 20.8918 2.78319 0.0787565
477.518 33.8712 19.5959 2.77603 0.0782727
478.264 33.2443 18.4156 2.76914 0.07762
479.009 32.7836 17.3341 2.76293 0.0762249
479.754 32.3155 16.3382 2.75687 0.0748614
480.5 31.944 15.5244 2.75184 0.0734963
481.245 31.5649 14.7596 2.74688 0.0721595
481.99 30.9328 14.0332 2.74077 0.0719987
482.736 30.3021 13.3619 2.73465 0.0719359
483.481 29.7082 12.6388 2.72818 0.0712536
484.226 29.1348 11.9462 2.72169 0.0704174
484.972 28.6753 11.4203 2.71648 0.0697857
485.717 28.2787 10.9854 2.71196 0.0692642
486.462 27.9053 10.5168 2.70729 0.0682923
487.208 27.5492 10.0225 2.70247 0.0669142
487.953 27.1452 9.57662 2.69744 0.0659808
488.698 26.6714 9.1896 2.69204 0.0657307
489.444 26.2511 8.83413 2.68703 0.0653398
490.189 25.9498 8.5179 2.68306 0.064528
490.934 25.6356 8.21114 2.67895 0.0637809
491.68 25.1877 7.87697 2.67339 0.0634422
492.425 24.7572 7.56442 2.66792 0.0631063
493.17 24.3977 7.2477 2.66292 0.062234
493.916 24.0498 6.94932 2.65799 0.0613685
494.661 23.7314 6.6923 2.65348 0.0606587
495.406 23.4254 6.45326 2.64908 0.0599869
496.152 23.0988 6.16109 2.64404 0.0587679
496.897 22.769 5.86122 2.63879 0.0573552
497.642 22.4433 5.65348 2.63398 0.0568789
498.388 22.1256 5.50899 2.6295 0.0570624
499.133 21.8325 5.38946 2.62535 0.0573879
499.878 21.5654 5.29701 2.62159 0.057891
500.624 21.3268 5.16926 2.6179 0.0577549
501.369 21.1369 4.96279 2.61431 0.0562368
502.115 20.9338 4.77009 2.61058 0.0549051
502.86 20.6641 4.60881 2.60602 0.0543314
503.605 20.4076 4.45703 2.60161 0.0537574
504.35 20.2673 4.33871 2.59902 0.0529392
505.096 20.1288 4.22418 2.59645 0.0521325
505.841 19.8823 4.11123 2.5922 0.051948
506.587 19.6329 4.00324 2.58784 0.0518253
507.332 19.429 3.90859 2.58418 0.0516145
508.077 19.2413 3.82005 2.58076 0.0513798
508.823 19.0526 3.71134 2.57714 0.0507896
509.568 18.8651 3.59432 2.57343 0.0500101
510.313 18.6773 3.49809 2.56977 0.0495479
511.059 18.49 3.42079 2.56616 0.0493862
511.804 18.2877 3.31607 2.56205 0.048794
512.549 18.0579 3.16697 2.55709 0.0474959
513.294 17.8533 3.05089 2.55269 0.0465933
514.04 17.7118 3.01712 2.54992 0.0468586
514.785 17.5669 2.98218 2.54704 0.0471188
515.531 17.3701 2.93186 2.54298 0.0473841
516.276 17.1795 2.88319 2.53898 0.0476379
517.021 17.0906 2.80127 2.5368 0.0465732
517.767 17.0054 2.72045 2.53468 0.045481
518.512 16.8765 2.60936 2.53146 0.0439787
519.257 16.7407 2.4966 2.52804 0.0424256
520.003 16.6353 2.4525 2.52564 0.0421443
520.748 16.5435 2.43658 2.52367 0.0423931
521.493 16.4093 2.43863 2.52084 0.0432909
522.239 16.2452 2.45282 2.51737 0.0446589
522.984 16.1149 2.43458 2.51442 0.0451054
523.729 16.0252 2.37685 2.51213 0.0443873
524.475 15.9287 2.31546 2.50964 0.0436041
525.22 15.8151 2.24395 2.50665 0.0426588
525.965 15.6965 2.17643 2.50354 0.0418069
526.711 15.5457 2.11866 2.49965 0.0413519
527.456 15.4006 2.06394 2.49586 0.040913
528.201 15.3063 2.03165 2.49342 0.0407185
528.947 15.2137 2.00019 2.49101 0.0405257
529.692 15.1002 1.93275 2.48782 0.0395153
530.437 14.9864 1.86381 2.48458 0.0384328
531.183 14.8549 1.85188 2.48115 0.0389334
531.928 14.7208 1.85634 2.4777 0.0398986
532.673 14.6237 1.83376 2.47505 0.0399205
533.419 14.548 1.79636 2.47287 0.0394009
534.164 14.4556 1.7454 2.47012 0.0385876
534.909 14.3469 1.68177 2.46682 0.0374864
535.655 14.2546 1.63734 2.46405 0.036806
536.4 14.189 1.62346 2.4622 0.0368371
537.145 14.1186 1.60914 2.4602 0.0368799
537.891 14.03 1.59279 2.45763 0.0369653
538.636 13.9444 1.57628 2.45511 0.0370254
539.381 13.8724 1.55526 2.45296 0.0368682
540.127 13.8016 1.53472 2.45082 0.0367125
540.872 13.7291 1.52582 2.44868 0.0369156
541.617 13.6576 1.51749 2.44655 0.0371297
542.363 13.6121 1.47555 2.44502 0.0361523
543.108 13.5721 1.42722 2.44361 0.0349316
543.853 13.4893 1.39339 2.44094 0.0343868
544.599 13.3892 1.36662 2.43773 0.0341466
545.344 13.3112 1.34996 2.43525 0.0340976
546.089 13.2503 1.34101 2.43334 0.0341982
546.835 13.1847 1.32637 2.43123 0.034138
547.58 13.1128 1.3042 2.42885 0.0338612
548.325 13.034 1.28643 2.42624 0.0337609
549.071 12.9368 1.27841 2.42304 0.0340857
549.816 12.8458 1.26751 2.42 0.0342798
550.561 12.7776 1.24104 2.41762 0.0338074
551.307 12.7109 1.21516 2.41527 0.0333357
552.052 12.6584 1.1805 2.41336 0.032467
552.797 12.6066 1.14672 2.41145 0.0316118
553.543 12.5426 1.12701 2.40919 0.0313058
554.288 12.4781 1.10953 2.40689 0.0310746
555.033 12.4157 1.11013 2.40475 0.0314773
555.779 12.3545 1.11637 2.40267 0.0320814
556.524 12.2965 1.09844 2.40055 0.0317908
557.269 12.2405 1.06624 2.39841 0.0309555
558.015 12.1859 1.05455 2.39642 0.0308601
558.76 12.1326 1.06402 2.39458 0.0315454
559.505 12.0853 1.06085 2.39288 0.0317287
560.251 12.0484 1.03471 2.39144 0.030986
560.996 12.0106 1.01046 2.38996 0.0303112
561.741 11.9686 0.991769 2.38835 0.0298633
562.487 11.9271 0.974724 2.38676 0.0294687
563.232 11.8879 0.972944 2.38533 0.0296468
563.977 11.8491 0.971138 2.3839 0.0298219
564.723 11.7896 0.972728 2.38168 0.0302412
565.468 11.73 0.974302 2.37943 0.0306652
566.213 11.6846 0.956409 2.37763 0.0302412
566.959 11.643 0.934377 2.37594 0.0296251
567.704 11.6044 0.91862 2.37439 0.0292364
568.449 11.5676 0.905947 2.37293 0.0289578
569.195 11.5235 0.889764 2.37114 0.0285701
569.94 11.4735 0.870823 2.36909 0.0280934
570.685 11.4202 0.848042 2.36687 0.0274673
571.431 11.3616 0.819701 2.36438 0.0266247
572.176 11.3093 0.806176 2.36221 0.0263561
572.921 11.2717 0.83014 2.36084 0.027587
573.667 11.232 0.848164 2.35934 0.0285887
574.412 11.1782 0.832179 2.35705 0.0282274
575.157 11.1253 0.81663 2.35479 0.0278723
575.903 11.0697 0.795623 2.35236 0.0272882
576.648 11.015 0.775275 2.34997 0.0267162
577.393 10.9831 0.764286 2.34859 0.0264302
578.139 10.9549 0.754832 2.34739 0.0261896
578.884 10.9261 0.747297 2.34616 0.0260337
579.629 10.8973 0.740517 2.34493 0.0259092
580.375 10.8585 0.738037 2.34327 0.0260241
581.12 10.8134 0.738323 2.34132 0.0262949
581.865 10.7771 0.74033 2.33978 0.0266004
582.611 10.7506 0.744357 2.33868 0.026949
583.356 10.7229 0.747095 2.33751 0.0272471
584.101 10.6925 0.747339 2.3362 0.0274468
584.847 10.6608 0.742324 2.3348 0.027413
585.592 10.6228 0.71592 2.33299 0.026425
586.337 10.5861 0.690927 2.33124 0.0254832
587.083 10.5656 0.67794 2.3303 0.0250105
587.828 10.5453 0.665136 2.32936 0.0245424
588.573 10.5153 0.656039 2.32799 0.0242903
589.319 10.4848 0.647396 2.32658 0.0240587
590.064 10.4499 0.641411 2.32498 0.0239709
590.809 10.4142 0.636188 2.32333 0.0239212
591.555 10.3779 0.635335 2.32166 0.0240818
592.3 10.3415 0.636679 2.32 0.0243487
593.045 10.3087 0.638678 2.31849 0.024632
593.791 10.279 0.641274 2.31714 0.0249305
594.536 10.2488 0.63635 2.31572 0.0248665
595.281 10.2177 0.619781 2.31419 0.0242357
596.027 10.1829 0.606094 2.31248 0.0237575
596.772 10.1364 0.600162 2.31022 0.0237122
597.517 10.0945 0.593778 2.30817 0.0236204
598.263 10.0813 0.583147 2.30753 0.0231785
599.008 10.0682 0.572627 2.30689 0.0227396
599.753 10.0354 0.567814 2.30529 0.0226751
600.499 10.0027 0.563189 2.30368 0.0226182
601.244 9.96794 0.564547 2.30199 0.0228736
601.989 9.93319 0.566868 2.3003 0.0231796
602.735 9.90668 0.561515 2.29898 0.0230551
603.48 9.8836 0.553186 2.29782 0.0227598
604.225 9.86176 0.553533 2.29675 0.0229042
604.971 9.84085 0.5601 2.29577 0.0233669
605.716 9.81697 0.555612 2.29457 0.0232715
606.461 9.78934 0.537527 2.29311 0.0224822
607.207 9.76419 0.525935 2.2918 0.0220147
607.952 9.74435 0.528265 2.29083 0.0222515
608.697 9.72702 0.5269 2.28997 0.0222829
609.443 9.72101 0.507923 2.28963 0.0213325
610.188 9.71391 0.489984 2.28924 0.0204392
610.933 9.68099 0.496882 2.28758 0.0209709
611.679 9.64852 0.50352 2.28594 0.0214912
612.424 9.62068 0.501031 2.2845 0.0215053
613.169 9.59366 0.497595 2.28309 0.0214642
613.915 9.57915 0.502794 2.28239 0.0218323
614.66 9.56842 0.510555 2.28191 0.0223231
615.405 9.54915 0.502261 2.28088 0.0219846
616.151 9.52503 0.484915 2.27956 0.0211728
616.896 9.49723 0.476801 2.27806 0.0208745
617.641 9.46591 0.477717 2.27641 0.0210842
618.387 9.43644 0.475244 2.27483 0.0210999
619.132 9.40982 0.467009 2.27338 0.0207831
619.878 9.38795 0.460179 2.27219 0.0205206
620.623 9.38141 0.457642 2.27187 0.0204292
621.368 9.37262 0.455545 2.27143 0.0203716
622.113 9.34143 0.457652 2.26975 0.0206452
622.859 9.31071 0.459639 2.26809 0.020912
623.604 9.27943 0.452481 2.26635 0.0206658
624.349 9.24858 0.445081 2.26462 0.0204007
625.095 9.2329 0.435052 2.26374 0.0199177
625.84 9.2205 0.424546 2.26304 0.0193909
626.586 9.20485 0.421238 2.26219 0.019287
627.331 9.18782 0.421174 2.26126 0.0193741
628.076 9.16211 0.418524 2.25983 0.0193486
628.822 9.12967 0.413851 2.25799 0.019233
629.567 9.10442 0.413558 2.25657 0.0193405
630.312 9.08874 0.419232 2.25573 0.0197563
631.057 9.07598 0.422737 2.25506 0.0200345
631.803 9.07046 0.420928 2.25478 0.0199716
632.548 9.06263 0.418342 2.25436 0.0198728
633.294 9.04134 0.411234 2.25313 0.0195647
634.039 9.02027 0.404327 2.25191 0.019265
634.784 8.9997 0.403395 2.25075 0.0193141
635.53 8.97936 0.402457 2.24959 0.0193618
636.275 8.95806 0.400658 2.24836 0.0193621
637.02 8.93685 0.398752 2.24714 0.0193553
637.766 8.92238 0.392023 2.24629 0.0190309
638.511 8.91027 0.383696 2.24558 0.0185991
639.256 8.8974 0.382012 2.24485 0.018568
640.002 8.88409 0.384564 2.24411 0.0187936
640.747 8.8663 0.382048 2.24307 0.018732
641.492 8.84362 0.374013 2.24172 0.0183546
642.238 8.82652 0.36952 2.24071 0.0181674
642.983 8.82003 0.371726 2.24037 0.0183451
643.728 8.81362 0.373517 2.24003 0.0184974
644.474 8.80753 0.373714 2.23971 0.0185512
645.219 8.80011 0.37389 2.2393 0.0186091
645.964 8.77362 0.373798 2.23773 0.0187279
646.71 8.74752 0.373664 2.23617 0.0188428
647.455 8.72575 0.368838 2.23485 0.0186502
648.2 8.70453 0.363762 2.23356 0.018438
648.946 8.69387 0.353645 2.2329 0.0178682
649.691 8.68586 0.342318 2.23241 0.0172106
650.436 8.67503 0.334779 2.23175 0.0167979
651.182 8.66283 0.329205 2.23101 0.0165113
651.927 8.64156 0.330317 2.22973 0.0166763
652.672 8.61243 0.33717 2.22796 0.0172336
653.418 8.58895 0.341525 2.22654 0.0176153
654.163 8.57379 0.342337 2.22563 0.0177417
654.908 8.55991 0.341979 2.22479 0.0177891
655.654 8.54942 0.338331 2.22415 0.0176135
656.399 8.53926 0.334261 2.22353 0.0174089
657.144 8.53105 0.326913 2.22302 0.0169863
657.89 8.52285 0.319638 2.22251 0.016567
658.635 8.49152 0.320112 2.22055 0.0167296
659.38 8.46049 0.320603 2.21859 0.0168931
660.126 8.44685 0.319715 2.21775 0.0169021
660.871 8.43623 0.318602 2.21709 0.016885
661.616 8.42892 0.318855 2.21666 0.0169439
662.362 8.42293 0.319639 2.21632 0.0170323
663.107 8.41395 0.322706 2.21579 0.0172811
663.852 8.40286 0.327356 2.21512 0.0176419
664.598 8.3903 0.32466 2.21433 0.017529
665.343 8.37591 0.313123 2.21339 0.0168424
666.088 8.36013 0.306423 2.21236 0.0164753
666.834 8.34131 0.309872 2.21118 0.016787
667.579 8.32573 0.312452 2.2102 0.0170304
668.324 8.32411 0.311488 2.21013 0.0169868
669.07 8.32238 0.310268 2.21005 0.0169266
669.815 8.31798 0.303452 2.20977 0.0165055
670.56 8.31357 0.296676 2.20949 0.0160862
671.306 8.292 0.288632 2.20807 0.0156429
672.051 8.26904 0.280672 2.20655 0.0152063
672.796 8.25083 0.283168 2.20538 0.0154508
673.542 8.23408 0.288538 2.20432 0.0158844
674.287 8.22409 0.288326 2.20368 0.0159195
675.032 8.21784 0.285051 2.20329 0.0157345
675.778 8.21283 0.285041 2.20299 0.015765
676.523 8.20899 0.28819 2.20278 0.0160045
677.268 8.20191 0.28944 2.20234 0.0161277
678.014 8.18944 0.287511 2.20153 0.0160554
678.759 8.17412 0.285349 2.20052 0.015977
679.504 8.14963 0.282406 2.19888 0.0158776
680.25 8.12768 0.279497 2.19741 0.0157703
680.995 8.12445 0.276414 2.19721 0.0155833
681.74 8.12121 0.273344 2.19702 0.0153969
682.486 8.11839 0.274754 2.19686 0.0155161
683.231 8.11559 0.276303 2.19671 0.0156448
683.976 8.10076 0.265787 2.1957 0.0149862
684.722 8.08366 0.253161 2.19451 0.014186
685.467 8.07116 0.251005 2.19368 0.0140904
686.212 8.06065 0.253209 2.19299 0.0142898
686.958 8.04451 0.256762 2.19192 0.0146024
687.703 8.02425 0.26124 2.19056 0.014995
688.448 8.00825 0.263483 2.18949 0.0152189
689.194 7.99762 0.262959 2.18878 0.0152311
689.939 7.98958 0.262494 2.18825 0.0152383
690.684 7.98747 0.262167 2.18813 0.0152345
691.43 7.98269 0.261546 2.18783 0.0152192
692.175 7.96446 0.259448 2.18657 0.0151464
692.92 7.94664 0.257262 2.18534 0.0150652
693.666 7.93413 0.251381 2.18447 0.0147033
694.411 7.92172 0.245603 2.18361 0.0143466
695.156 7.91164 0.241389 2.18291 0.0140918
695.902 7.90189 0.2374 2.18224 0.0138509
696.647 7.89767 0.234819 2.18196 0.0136917
697.392 7.89514 0.232671 2.18181 0.0135576
698.138 7.89258 0.228286 2.18165 0.0132639
698.883 7.89 0.222604 2.18148 0.0128772
699.628 7.88021 0.22378 2.18082 0.0130022
700.374 7.86325 0.23171 2.17966 0.0136344
701.119 7.84854 0.238547 2.17866 0.0141839
701.864 7.83757 0.24373 2.17792 0.0146042
702.61 7.82811 0.246958 2.17728 0.0148798
703.355 7.82346 0.243952 2.17697 0.0146891
704.1 7.81978 0.241666 2.17673 0.0145469
704.846 7.82507 0.24591 2.17715 0.0148463
705.591 7.83037 0.250193 2.17758 0.0151481
706.336 7.81386 0.24159 2.17639 0.0145928
707.082 7.79673 0.232736 2.17516 0.0140179
707.827 7.77822 0.22263 2.17381 0.0133524
708.572 7.75961 0.212517 2.17245 0.012682
709.318 7.74772 0.210304 2.17161 0.012566
710.063 7.73871 0.211399 2.17098 0.0126835
710.808 7.73808 0.21515 2.17098 0.0129705
711.554 7.74386 0.220999 2.17145 0.0133916
712.299 7.74438 0.222026 2.17152 0.0134751
713.044 7.73803 0.216716 2.17107 0.0131154
713.79 7.72806 0.213239 2.17036 0.0129005
714.535 7.70982 0.213884 2.16905 0.0130135
715.28 7.69164 0.214783 2.16774 0.0131456
716.026 7.67264 0.217072 2.16637 0.013384
716.771 7.65449 0.219225 2.16506 0.0136109
717.516 7.65116 0.220409 2.16484 0.0137192
718.262 7.64784 0.221586 2.16463 0.0138271
719.007 7.65507 0.215152 2.16518 0.0133344
719.752 7.66342 0.207807 2.16581 0.0127717
720.498 7.65413 0.201516 2.16513 0.0123405
721.243 7.63979 0.195677 2.16407 0.0119559
721.988 7.62575 0.190793 2.16303 0.0116398
722.734 7.61196 0.186471 2.16202 0.0113636
723.479 7.59973 0.186533 2.16113 0.0114112
724.224 7.58895 0.19069 2.16036 0.0117636
724.97 7.58145 0.192149 2.15982 0.011904
725.715 7.57927 0.189282 2.15968 0.0117028
726.46 7.57675 0.189193 2.15952 0.0117121
727.206 7.57316 0.197553 2.1593 0.012363
727.951 7.56911 0.205656 2.15905 0.0129968
728.696 7.56194 0.212083 2.15855 0.0135142
729.442 7.55477 0.218427 2.15806 0.0140266
730.187 7.53491 0.2114 2.15655 0.0135648
730.932 7.5152 0.204386 2.15506 0.0131
731.678 7.50392 0.199862 2.15421 0.0127971
732.423 7.49414 0.195806 2.15348 0.0125243
733.168 7.48881 0.193253 2.15309 0.0123528
733.914 7.48517 0.191272 2.15283 0.0122198
734.659 7.48338 0.190424 2.15272 0.0121683
735.404 7.48288 0.19035 2.1527 0.0121724
736.15 7.48105 0.187884 2.15258 0.0119966
736.895 7.47766 0.182656 2.15234 0.0116125
737.641 7.47068 0.178037 2.15181 0.0112845
738.386 7.45661 0.174643 2.15075 0.0110692
739.131 7.4435 0.173725 2.14976 0.0110417
739.876 7.43354 0.18224 2.14903 0.0117369
740.622 7.42433 0.190251 2.14837 0.012393
741.367 7.42481 0.193786 2.14844 0.0126742
742.112 7.42527 0.197328 2.14852 0.0129559
742.858 7.42604 0.197176 2.1486 0.0129499
743.603 7.42683 0.196798 2.14869 0.0129262
744.349 7.4197 0.19211 2.14815 0.0125912
745.094 7.4108 0.186514 2.14746 0.0121897
745.839 7.39936 0.17609 2.14657 0.0114171
746.584 7.38675 0.163668 2.14558 0.010488
747.33 7.37495 0.161245 2.14467 0.0103363
748.075 7.36383 0.166562 2.14384 0.01079
748.82 7.35635 0.16835 2.14328 0.010958
749.566 7.35367 0.165534 2.14309 0.0107511
750.311 7.3535 0.163736 2.14309 0.0106175
751.057 7.35927 0.164311 2.14358 0.0106554
751.802 7.36244 0.165021 2.14385 0.0107104
752.547 7.35273 0.166342 2.14312 0.0108472
753.293 7.34292 0.167444 2.14237 0.0109674
754.038 7.32893 0.164334 2.14128 0.0107661
754.783 7.31513 0.161296 2.14021 0.0105688
755.529 7.30727 0.157996 2.1396 0.0103345
756.274 7.3 0.154712 2.13904 0.0100992
757.019 7.2928 0.154744 2.13849 0.0101269
757.765 7.28566 0.155653 2.13795 0.0102244
758.51 7.2801 0.159916 2.13754 0.0105857
759.255 7.27531 0.165871 2.1372 0.0110807
760.001 7.27333 0.164308 2.13706 0.0109682
760.746 7.27377 0.156171 2.1371 0.0103242
761.491 7.26842 0.154312 2.13669 0.0101961
762.237 7.25475 0.161504 2.13564 0.0108138
762.982 7.2422 0.165001 2.13466 0.0111346
763.727 7.23227 0.159513 2.13387 0.0107264
764.473 7.22254 0.154927 2.1331 0.0103888
765.218 7.21356 0.154773 2.1324 0.0104061
765.963 7.20491 0.154493 2.13172 0.0104123
766.709 7.20511 0.149856 2.13175 0.0100434
767.454 7.20528 0.145218 2.13177 0.00967441
768.199 7.20743 0.142632 2.13196 0.0094668
768.945 7.20979 0.140258 2.13217 0.00927594
769.69 7.20806 0.141941 2.13206 0.00942273
770.435 7.20516 0.144781 2.13185 0.00966598
771.181 7.19707 0.14447 2.13122 0.00966672
771.926 7.1863 0.142508 2.13037 0.00953975
772.671 7.17369 0.141603 2.12936 0.00950261
773.417 7.15951 0.141612 2.12823 0.00954338
774.162 7.15126 0.142729 2.12758 0.0096607
774.907 7.15154 0.145516 2.12763 0.00989428
775.653 7.15167 0.145546 2.12766 0.00990276
776.398 7.15137 0.138415 2.12764 0.00932697
777.143 7.15117 0.132533 2.12764 0.00885289
777.889 7.15182 0.133453 2.12771 0.00893287
778.634 7.15242 0.13442 2.12779 0.00901685
779.379 7.15113 0.136798 2.12771 0.00922043
780.125 7.14984 0.139171 2.12763 0.00942366
780.87 7.13549 0.13526 2.12647 0.00914278
781.615 7.12006 0.130848 2.12521 0.00882143
782.361 7.10664 0.131884 2.12413 0.00894292
783.106 7.09388 0.134308 2.12311 0.00917805
783.851 7.08995 0.128344 2.12279 0.00869995
784.597 7.09035 0.118143 2.12282 0.00786153
785.342 7.08953 0.122885 2.12278 0.00826131
786.087 7.08748 0.140258 2.12268 0.00970902
786.833 7.08712 0.147807 2.12268 0.0103405
787.578 7.08946 0.141808 2.12288 0.00984444
788.323 7.08903 0.137617 2.12286 0.00950471
789.069 7.08221 0.137736 2.12232 0.00953646
789.814 7.07374 0.138024 2.12164 0.00958606
790.559 7.05758 0.139077 2.12032 0.00971761
791.305 7.04224 0.139595 2.11906 0.00980319
792.05 7.03544 0.132383 2.1185 0.00922272
792.795 7.02865 0.125287 2.11793 0.00865038
793.541 7.02872 0.121535 2.11795 0.00834194
794.286 7.02923 0.117998 2.11801 0.00805056
795.031 7.03266 0.122527 2.11832 0.00842778
795.777 7.03672 0.128918 2.1187 0.00895873
796.522 7.03709 0.126149 2.11874 0.00873218
797.267 7.03582 0.119424 2.11864 0.00817849
798.013 7.02453 0.119072 2.11772 0.00817809
798.758 7.00629 0.123158 2.11621 0.00856512
799.503 6.99384 0.12434 2.11519 0.00869708
800.249 6.98787 0.122338 2.1147 0.00854669
800.994 6.98085 0.122342 2.11413 0.00856762
801.739 6.97182 0.126081 2.11339 0.00890873
802.485 6.96459 0.126687 2.1128 0.00898147
803.23 6.96324 0.116858 2.11269 0.00815724
803.975 6.96255 0.108306 2.11263 0.00743935
804.721 6.96811 0.109888 2.11312 0.00756772
805.466 6.97371 0.111492 2.11362 0.0076976
806.211 6.97013 0.124645 2.11336 0.00882299
806.957 6.96626 0.137778 2.11308 0.00994889
807.702 6.95637 0.135811 2.11226 0.00981099
808.447 6.94577 0.131816 2.11137 0.00950188
809.193 6.93738 0.126254 2.11066 0.00905294
809.938 6.9297 0.120281 2.11001 0.00856605
810.683 6.92402 0.119533 2.10955 0.00851951
811.429 6.91943 0.121587 2.10918 0.00870988
812.174 6.91565 0.121927 2.10887 0.00875218
812.919 6.91258 0.120776 2.10863 0.00866547
813.665 6.91036 0.118198 2.10845 0.00845473
814.41 6.90928 0.113629 2.10837 0.0080708
815.155 6.90761 0.110613 2.10824 0.0078209
815.901 6.90463 0.111133 2.108 0.00787636
816.646 6.90048 0.112031 2.10766 0.00796668
817.391 6.89137 0.114515 2.10691 0.00820349
818.137 6.88209 0.116597 2.10613 0.00840668
818.882 6.86999 0.114697 2.1051 0.00827323
819.627 6.85808 0.112844 2.10409 0.00814266
820.373 6.85248 0.114722 2.10362 0.00832154
821.118 6.84713 0.1167 2.10318 0.00850886
821.863 6.84805 0.115813 2.10328 0.00843485
822.609 6.85003 0.114435 2.10347 0.00831611
823.354 6.85214 0.110838 2.10366 0.00800511
824.099 6.85428 0.106456 2.10385 0.00762635
824.845 6.85558 0.104345 2.10398 0.00744593
825.59 6.85639 0.103556 2.10406 0.00738082
826.335 6.85649 0.10403 2.10409 0.00742621
827.081 6.85594 0.10565 2.10406 0.00757207
827.826 6.85106 0.106969 2.10366 0.00770043
828.571 6.84019 0.10784 2.10274 0.00780191
829.317 6.82989 0.107619 2.10186 0.00780762
830.062 6.82063 0.105032 2.10107 0.00760524
830.807 6.81203 0.102187 2.10033 0.00737825
831.553 6.80571 0.098128 2.09979 0.00704027
832.298 6.80006 0.0950329 2.09931 0.00678445
833.043 6.80081 0.100901 2.0994 0.00730064
833.789 6.80151 0.106788 2.09949 0.00781836
834.534 6.80007 0.103961 2.09937 0.00757847
835.279 6.7986 0.101009 2.09926 0.00732751
836.025 6.79991 0.101139 2.09939 0.00734081
836.77 6.8016 0.101697 2.09955 0.00739077
837.515 6.79752 0.105851 2.09922 0.00776634
838.261 6.79174 0.110985 2.09874 0.00823174
839.006 6.78428 0.111714 2.09811 0.00831527
839.751 6.77606 0.110307 2.0974 0.00821295
840.497 6.76827 0.11025 2.09673 0.00822821
841.242 6.76083 0.111201 2.09609 0.00833149
841.987 6.75714 0.116282 2.09579 0.00879136
842.733 6.75768 0.126237 2.09588 0.00967214
843.478 6.75572 0.126125 2.09572 0.00967111
844.223 6.74927 0.108199 2.09513 0.00810722
844.969 6.74367 0.0960323 2.09463 0.0070471
845.714 6.74146 0.0996232 2.09446 0.00737289
846.459 6.7388 0.102827 2.09424 0.00766553
847.205 6.73379 0.104018 2.09382 0.00778487
847.95 6.72909 0.105598 2.09342 0.00793826
848.695 6.72919 0.114233 2.09346 0.00870778
849.441 6.72919 0.122883 2.0935 0.00947875
850.186 6.72041 0.119266 2.09273 0.00918161
850.931 6.71133 0.115173 2.09192 0.00884165
851.677 6.70613 0.0999094 2.09145 0.0074976
852.422 6.70122 0.0830031 2.091 0.00600377
853.167 6.70118 0.0878361 2.09102 0.00643865
853.913 6.7026 0.0996297 2.09118 0.00749135
854.658 6.70062 0.10495 2.09103 0.00797341
855.403 6.69696 0.106894 2.09072 0.00815811
856.149 6.69245 0.105343 2.09033 0.00803259
856.894 6.68727 0.101144 2.08987 0.00767153
857.639 6.68462 0.101653 2.08965 0.00772608
858.385 6.68478 0.107479 2.08969 0.0082507
859.13 6.68362 0.106952 2.0896 0.00820976
859.875 6.68015 0.0957867 2.08929 0.00722112
860.621 6.67667 0.0898257 2.08898 0.00669728
861.366 6.67347 0.0970562 2.08872 0.00735481
862.112 6.6695 0.102458 2.08839 0.0078506
862.857 6.66242 0.100065 2.08777 0.00765326
863.602 6.65599 0.0980765 2.0872 0.00749046
864.347 6.65528 0.0996498 2.08715 0.00763708
865.093 6.65458 0.101221 2.08711 0.00778351
865.838 6.65404 0.0942013 2.08706 0.00715664
866.583 6.65342 0.0871966 2.08701 0.006531
867.329 6.6551 0.0901059 2.08718 0.00679363
868.074 6.657 0.0940331 2.08737 0.00714725
868.82 6.65353 0.0947326 2.08707 0.00722016
869.565 6.64891 0.0947127 2.08667 0.00723044
870.31 6.64515 0.095263 2.08635 0.00729055
871.056 6.64172 0.0960168 2.08606 0.00736848
871.801 6.63725 0.0948685 2.08566 0.00727667
872.546 6.63221 0.0926861 2.08522 0.00709223
873.292 6.62754 0.0906134 2.08481 0.00691668
874.037 6.62315 0.0886304 2.08442 0.0067484
874.782 6.62137 0.0875516 2.08427 0.0066573
875.528 6.62255 0.0874804 2.08439 0.00665238
876.273 6.62249 0.0885314 2.0844 0.00675118
877.018 6.62043 0.0913859 2.08424 0.00701686
877.764 6.61844 0.0925371 2.08407 0.00712824
878.509 6.61664 0.0897102 2.08392 0.00687865
879.254 6.61472 0.0872865 2.08375 0.0066656
880 6.61242 0.0862969 2.08356 0.00658317
880.745 6.61071 0.0849959 2.08341 0.00647137
881.49 6.61289 0.0815759 2.08362 0.00616079
882.236 6.61442 0.0784978 2.08377 0.00588246
882.981 6.6038 0.0823894 2.08282 0.00625615
883.726 6.59333 0.0861391 2.08189 0.00661811
884.472 6.58645 0.0847474 2.08127 0.00650616
885.217 6.57976 0.0832208 2.08067 0.00638125
885.962 6.57754 0.0799131 2.08048 0.006086
886.708 6.57585 0.0763996 2.08033 0.00577082
887.453 6.57548 0.0746815 2.08031 0.00561762
888.198 6.5754 0.0733807 2.08031 0.00550208
888.944 6.57717 0.0727655 2.08049 0.00544649
889.689 6.57963 0.0723972 2.08073 0.00541251
890.434 6.57829 0.0740303 2.08062 0.00556693
891.18 6.57498 0.0766883 2.08033 0.00581813
891.925 6.57026 0.0767383 2.07992 0.00583317
892.67 6.56455 0.0749458 2.0794 0.00568088
893.416 6.55869 0.0750236 2.07888 0.00570003
894.161 6.55267 0.0768704 2.07834 0.00588189
894.906 6.54665 0.0781089 2.0778 0.00600821
895.652 6.54062 0.0785831 2.07726 0.00606446
896.397 6.536 0.0806557 2.07685 0.00626584
897.142 6.53378 0.085554 2.07667 0.00672406
897.888 6.53313 0.0872046 2.07663 0.00688049
898.633 6.53634 0.0809269 2.07692 0.00629969
899.378 6.53886 0.0776359 2.07716 0.00599565
900.124 6.53905 0.0851561 2.07721 0.00669102
900.869 6.53907 0.0901178 2.07723 0.00715104
901.614 6.53854 0.0806699 2.07718 0.00628486
902.36 6.53768 0.0719189 2.0771 0.00548309
903.105 6.53477 0.070527 2.07684 0.00536205
903.85 6.5318 0.0691661 2.07658 0.0052438
904.596 6.52534 0.0688521 2.07599 0.00522691
905.341 6.51895 0.0685408 2.07542 0.00521009
906.086 6.5157 0.0676046 2.07513 0.00513099
906.832 6.51262 0.0666459 2.07485 0.00504946
907.577 6.50601 0.0681797 2.07425 0.00520366
908.322 6.49902 0.0699797 2.07362 0.00538347
909.068 6.49758 0.0696647 2.0735 0.00535922
909.813 6.4973 0.0689087 2.07348 0.00529235
910.558 6.49709 0.0661837 2.07347 0.00504247
911.304 6.49689 0.0628518 2.07346 0.00473619
912.049 6.49671 0.0662455 2.07346 0.00505453
912.794 6.49649 0.0724733 2.07346 0.00563622
913.54 6.49574 0.0748579 2.07341 0.00586174
914.285 6.49474 0.0751221 2.07333 0.0058907
915.03 6.49289 0.0731944 2.07317 0.00571718
915.776 6.49043 0.0697477 2.07294 0.00540313
916.521 6.48629 0.068193 2.07257 0.00526715
917.266 6.48071 0.0682894 2.07206 0.00528677
918.012 6.47482 0.0696051 2.07153 0.00542058
918.757 6.4686 0.0722233 2.07096 0.00567683
919.502 6.46379 0.0748351 2.07053 0.0059309
920.248 6.46088 0.0774856 2.07027 0.00618608
920.993 6.45685 0.0778768 2.06991 0.00623181
921.738 6.45098 0.0744983 2.06936 0.00592723
922.484 6.44726 0.0745224 2.06903 0.0059379
923.229 6.44804 0.0817282 2.06912 0.00661526
923.974 6.44921 0.0846336 2.06925 0.0068885
924.72 6.45158 0.0757183 2.06947 0.00605167
925.465 6.45285 0.0672493 2.06959 0.00525882
926.21 6.45069 0.0606157 2.06939 0.00464262
926.956 6.44867 0.0547038 2.0692 0.00409338
927.701 6.44758 0.0519882 2.06911 0.00384253
928.446 6.44594 0.0508347 2.06896 0.00373874
929.192 6.44048 0.0601222 2.06847 0.00461989
929.937 6.43512 0.0685021 2.06799 0.00541735
930.682 6.4322 0.0689637 2.06773 0.00546757
931.428 6.42932 0.0691356 2.06747 0.00549049
932.173 6.42723 0.0628636 2.06728 0.00490533
932.918 6.42508 0.0566548 2.06708 0.00432569
933.664 6.42045 0.0614552 2.06666 0.00478662
934.409 6.41581 0.0661717 2.06624 0.00524045
935.154 6.40905 0.0624728 2.06561 0.00490269
935.9 6.40226 0.0585391 2.06497 0.00454181
936.645 6.40156 0.0599434 2.06492 0.00467818
937.39 6.40135 0.0617837 2.06491 0.00485523
938.136 6.40695 0.0623169 2.06545 0.0049009
938.881 6.41338 0.0626894 2.06607 0.00493022
939.626 6.41644 0.0670337 2.06638 0.00533887
940.372 6.41889 0.072113 2.06663 0.00581731
941.117 6.41078 0.0695307 2.06587 0.00558778
941.862 6.40052 0.0653935 2.0649 0.00521325
942.608 6.3963 0.0622622 2.06451 0.00492471
943.353 6.39368 0.059403 2.06427 0.00465946
944.098 6.38937 0.0697833 2.06388 0.00565258
944.844 6.38417 0.0841627 2.06342 0.00702872
945.589 6.38671 0.0749239 2.06366 0.00614955
946.334 6.39168 0.0566785 2.06412 0.00441327
947.08 6.38888 0.0551658 2.06386 0.00427546
947.825 6.38297 0.0607232 2.06332 0.00481305
948.57 6.37927 0.064317 2.06298 0.00516203
949.316 6.37662 0.0669927 2.06274 0.00542264
950.061 6.3757 0.0721952 2.06267 0.00592152
950.806 6.37563 0.0787514 2.06269 0.00654808
951.552 6.37362 0.0737233 2.0625 0.00607495
952.297 6.37033 0.0620861 2.06218 0.00497351
953.042 6.36648 0.067051 2.06183 0.00545437
953.788 6.36202 0.08227 2.06144 0.00691549
954.533 6.3639 0.0727913 2.06161 0.0060104
955.278 6.3692 0.0461013 2.06209 0.00346072
956.024 6.36376 0.0429123 2.06158 0.00316424
956.769 6.35111 0.0566074 2.0604 0.0044887
957.514 6.34626 0.0594424 2.05995 0.00476834
958.26 6.34746 0.0542081 2.06007 0.00426805
959.005 6.34917 0.0499454 2.06024 0.0038604
959.75 6.35131 0.046469 2.06045 0.00352777
960.496 6.34982 0.0555964 2.06033 0.00440499
961.241 6.34461 0.0752683 2.05987 0.00629777
961.986 6.34446 0.0834985 2.05987 0.00708865
962.732 6.34932 0.0817775 2.06035 0.00691797
963.477 6.35081 0.0799407 2.0605 0.00674206
964.222 6.34916 0.0780333 2.06035 0.0065645
964.968 6.34955 0.0714614 2.06038 0.0059372
965.713 6.35167 0.0604457 2.06058 0.00488246
966.458 6.34878 0.0580784 2.06031 0.00466176
967.204 6.34133 0.0638512 2.05962 0.0052266
967.949 6.33224 0.0693694 2.05876 0.00577099
968.694 6.32168 0.0745836 2.05776 0.00629029
969.44 6.31827 0.0737654 2.05744 0.00621902
970.185 6.32153 0.0672842 2.05776 0.00559248
970.93 6.31685 0.0643737 2.05731 0.00532092
971.676 6.30493 0.064875 2.05617 0.00538774
972.421 6.29817 0.0623611 2.05553 0.00515614
973.166 6.29599 0.0571048 2.05532 0.00465277
973.912 6.29598 0.0550315 2.05533 0.00445437
974.657 6.29799 0.0558244 2.05553 0.00453077
975.402 6.29977 0.0561555 2.05571 0.00456275
976.148 6.30136 0.056075 2.05587 0.00455518
976.893 6.30119 0.0559607 2.05587 0.00454643
977.638 6.29955 0.0558186 2.05572 0.00453678
978.384 6.2988 0.0546668 2.05565 0.00442842
979.129 6.29874 0.0527028 2.05566 0.00424066
979.874 6.29985 0.052913 2.05577 0.00426179
980.62 6.30186 0.0547861 2.05598 0.00444257
981.365 6.29488 0.056933 2.05532 0.00466065
982.11 6.28181 0.0591443 2.05406 0.00489328
982.856 6.27453 0.0617655 2.05337 0.00515926
983.601 6.27089 0.0646845 2.05303 0.00544992
984.346 6.26494 0.0636462 2.05246 0.0053591
985.092 6.25768 0.0603302 2.05175 0.00504777
985.837 6.25529 0.0547923 2.05152 0.00451279
986.583 6.25543 0.0480039 2.05154 0.00385256
987.328 6.25528 0.0483852 2.05153 0.0038919
988.073 6.25498 0.0522607 2.05152 0.00427223
988.818 6.25722 0.057471 2.05175 0.00477968
989.564 6.2605 0.0633349 2.05209 0.00534897
990.309 6.26284 0.0681152 2.05233 0.0058134
991.055 6.2648 0.072508 2.05254 0.00624026
991.8 6.26445 0.0682591 2.05251 0.00582909
992.545 6.26329 0.0613202 2.05239 0.00515694
993.291 6.26368 0.0609952 2.05244 0.00512676
994.036 6.26448 0.0623765 2.05253 0.00526218
994.781 6.26471 0.0615413 2.05256 0.00518252
995.527 6.26481 0.0602543 2.05258 0.00505902
996.272 6.26292 0.0575035 2.0524 0.00479545
997.017 6.26071 0.0545609 2.05219 0.00451334
997.763 6.25499 0.0514699 2.05164 0.00422045
998.508 6.24898 0.0484397 2.05105 0.00393311
999.253 6.25218 0.0640873 2.05139 0.0054592
999.999 6.25523 0.0809265 2.05173 0.00709985
