255.408 1.16862 1.57408 1.22653 0.461672
256.154 1.21504 1.60381 1.24249 0.459573
256.899 1.26138 1.63209 1.25778 0.457141
257.644 1.22697 1.60701 1.24553 0.458077
258.39 1.18044 1.5725 1.22853 0.459101
259.135 1.2147 1.63097 1.24713 0.465678
259.88 1.281 1.71884 1.27767 0.471867
260.626 1.30374 1.72907 1.28413 0.469746
261.371 1.29718 1.6911 1.27566 0.463173
262.116 1.30446 1.66989 1.2732 0.457439
262.862 1.32625 1.66711 1.27716 0.452945
263.607 1.34074 1.66428 1.27959 0.44979
264.353 1.34168 1.66138 1.27918 0.449049
265.098 1.34735 1.66503 1.28092 0.448828
265.843 1.37086 1.69262 1.29055 0.450379
266.589 1.39121 1.7141 1.29836 0.451175
267.334 1.37165 1.67126 1.28678 0.445926
268.079 1.35308 1.62793 1.27526 0.44016
268.825 1.38261 1.71223 1.29604 0.452408
269.57 1.4192 1.80214 1.31902 0.463633
270.315 1.43167 1.76122 1.31415 0.453588
271.061 1.43989 1.69232 1.30386 0.438611
271.806 1.44887 1.66662 1.30126 0.43196
272.551 1.4576 1.6605 1.30193 0.4293
273.297 1.47433 1.66085 1.30529 0.426642
274.042 1.49747 1.66629 1.31074 0.423984
274.787 1.50729 1.6732 1.31375 0.4238
275.533 1.49881 1.68247 1.3135 0.427058
276.278 1.49524 1.67709 1.31184 0.426608
277.023 1.50441 1.63536 1.30686 0.416792
277.769 1.51721 1.60679 1.30486 0.408998
278.514 1.54751 1.64693 1.3172 0.41235
279.259 1.57792 1.68459 1.32901 0.415014
280.005 1.57283 1.65078 1.32269 0.409236
280.75 1.56833 1.61705 1.31653 0.403268
281.495 1.56317 1.5804 1.30983 0.396697
282.241 1.55855 1.54346 1.30326 0.389851
282.986 1.56596 1.54324 1.3047 0.388732
283.731 1.57722 1.55488 1.30869 0.389481
284.477 1.57776 1.53118 1.30524 0.384559
285.222 1.57261 1.48603 1.29752 0.375929
285.967 1.58037 1.46854 1.29659 0.371151
286.713 1.60085 1.47978 1.30245 0.370627
287.458 1.6141 1.48359 1.30571 0.369576
288.203 1.61421 1.47425 1.30436 0.367645
288.949 1.61587 1.46148 1.30288 0.364772
289.694 1.62304 1.43669 1.30091 0.358593
290.439 1.63105 1.41392 1.29945 0.352709
291.185 1.64583 1.40958 1.30196 0.349829
291.93 1.66049 1.40526 1.30444 0.346995
292.675 1.64971 1.35098 1.29499 0.336858
293.421 1.63947 1.29415 1.28545 0.325808
294.166 1.63406 1.27509 1.28183 0.322297
294.911 1.62954 1.26437 1.27945 0.3205
295.657 1.62722 1.23737 1.27556 0.314761
296.402 1.62642 1.20303 1.27118 0.307109
297.147 1.63144 1.17239 1.26866 0.299539
297.893 1.64104 1.14495 1.26766 0.292148
298.638 1.63956 1.12366 1.26487 0.28742
299.383 1.62227 1.11033 1.25931 0.286289
300.129 1.60481 1.09044 1.25294 0.283591
300.874 1.58738 1.05407 1.24472 0.276874
301.619 1.57173 1.01943 1.23713 0.27021
302.365 1.56245 0.997363 1.23247 0.265815
303.11 1.55338 0.974923 1.22783 0.261244
303.855 1.53923 0.936781 1.22031 0.25319
304.601 1.52592 0.898236 1.21303 0.244772
305.346 1.49395 0.871788 1.20216 0.241136
306.091 1.45926 0.84607 1.19051 0.237809
306.837 1.42571 0.805354 1.17757 0.230163
307.582 1.39338 0.758391 1.16429 0.220357
308.327 1.36284 0.741226 1.15417 0.218392
309.073 1.33262 0.743775 1.14585 0.221929
309.818 1.30384 0.724698 1.1358 0.219163
310.563 1.27771 0.680957 1.12416 0.208807
311.309 1.25168 0.647884 1.11351 0.201294
312.054 1.22425 0.636951 1.10428 0.200387
312.799 1.19209 0.624337 1.09334 0.199333
313.545 1.14212 0.605862 1.07613 0.197932
314.29 1.092 0.585635 1.05834 0.195845
315.035 1.05231 0.556323 1.04281 0.189678
315.781 1.01243 0.525762 1.02689 0.182806
316.526 0.970379 0.49927 1.01031 0.177187
317.271 0.92778 0.471948 0.993201 0.171026
318.017 0.876404 0.445409 0.972668 0.165507
318.762 0.822071 0.417878 0.950492 0.159481
319.507 0.766331 0.398198 0.927821 0.156173
320.253 0.709071 0.382161 0.90421 0.154161
320.998 0.654544 0.366284 0.881061 0.151814
321.743 0.602485 0.350566 0.858332 0.149146
322.489 0.550479 0.335507 0.83508 0.146547
323.234 0.499153 0.322012 0.811629 0.144382
323.979 0.446823 0.309205 0.787147 0.142422
324.725 0.393585 0.29977 0.761812 0.141933
325.47 0.339001 0.290334 0.735101 0.141446
326.215 0.282235 0.284096 0.706747 0.142616
326.961 0.224071 0.277467 0.676751 0.143685
327.706 0.165482 0.277599 0.646089 0.148373
328.451 0.105409 0.277722 0.613602 0.153405
329.197 0.0495613 0.281709 0.582754 0.160507
329.942 -0.00662591 0.286492 0.550817 0.168481
330.687 -0.0627887 0.292448 0.518001 0.177594
331.433 -0.119728 0.299016 0.483724 0.187684
332.178 -0.17528 0.310323 0.449796 0.201251
332.923 -0.230088 0.32531 0.415838 0.217971
333.669 -0.284442 0.340296 0.381264 0.235619
334.414 -0.337927 0.355115 0.346343 0.25406
335.159 -0.389742 0.370419 0.311797 0.273649
335.905 -0.436493 0.386075 0.280247 0.293668
336.65 -0.482688 0.401543 0.248431 0.314474
337.395 -0.523486 0.414221 0.219591 0.332965
338.141 -0.564929 0.427272 0.189786 0.352755
338.886 -0.607959 0.441033 0.158303 0.374458
339.631 -0.651644 0.455199 0.125786 0.397743
340.377 -0.699215 0.469905 0.0894581 0.423806
341.122 -0.747903 0.485096 0.0515351 0.452085
341.867 -0.793172 0.498459 0.0153157 0.479108
342.613 -0.837908 0.511533 -0.0212298 0.507084
343.358 -0.874526 0.520005 -0.0525125 0.528917
344.103 -0.906608 0.525832 -0.081021 0.547239
344.849 -0.945257 0.5312 -0.116781 0.568598
345.594 -0.99062 0.536122 -0.16047 0.593511
346.339 -1.03786 0.543359 -0.206283 0.623129
347.085 -1.08784 0.554619 -0.2543 0.660279
347.83 -1.1389 0.566326 -0.304469 0.700823
348.575 -1.19154 0.578724 -0.357319 0.745722
349.321 -1.24426 0.589562 -0.412598 0.791776
350.066 -1.29015 0.582489 -0.473388 0.81381
350.811 -1.33672 0.575178 -0.537724 0.837106
351.557 -1.38186 0.586963 -0.588236 0.886246
352.302 -1.42754 0.59983 -0.639529 0.940266
353.047 -1.4841 0.603589 -0.715345 0.994444
353.793 -1.54382 0.605481 -0.800919 1.05314
354.538 -1.61313 0.615175 -0.897333 1.1394
355.283 -1.68763 0.62881 -1.00179 1.24745
356.029 -1.75114 0.639404 -1.0953 1.34742
356.774 -1.80567 0.647411 -1.17953 1.43916
357.519 -1.85774 0.65155 -1.26789 1.52768
358.265 -1.90603 0.650122 -1.36186 1.60633
359.01 -1.95607 0.650474 -1.46017 1.69845
359.755 -2.00968 0.655444 -1.56039 1.816
360.501 -2.06754 0.663267 -1.6659 1.96109
361.246 -2.14634 0.687289 -1.77525 2.21349
361.991 -2.22679 0.71192 -1.87366 2.5053
362.737 -2.31142 0.736462 -1.96045 2.84935
363.482 -2.39804 0.761668 -2.01664 3.24612
364.227 -2.46883 0.778538 -2.0471 3.59808
364.973 -2.53858 0.794512 -2.04635 3.97469
365.718 -2.60311 0.796314 -2.08537 4.34152
366.463 -2.66648 0.792926 -2.12807 4.73611
367.209 -2.72911 0.806533 -2.01769 5.15666
367.954 -2.79163 0.831664 -1.7659 5.5698
368.699 -2.86841 0.854404 -1.42531 6.06999
369.445 -2.96176 0.874367 -0.93124 6.65896
370.19 -3.05904 0.894835 -0.264187 7.18601
370.935 -3.16191 0.915731 0.579161 7.59072
371.681 -3.26197 0.936715 1.48471 7.77738
372.426 -3.34206 0.955754 2.21809 7.75095
373.171 -3.42192 0.974207 2.90916 7.60139
373.917 -3.47753 0.977272 3.36509 7.51293
374.662 -3.53394 0.980327 3.80506 7.37095
375.407 -3.60687 0.987974 4.31629 7.09286
376.153 -3.68228 0.996077 4.77101 6.74722
376.898 -3.79303 1.02482 5.21947 6.09987
377.643 -3.91552 1.0602 5.51232 5.3985
378.389 -4.04645 1.09937 5.66108 4.72347
379.134 -4.18389 1.14167 5.69699 4.11361
379.879 -4.30317 1.18209 5.65611 3.6624
380.625 -4.40513 1.22049 5.58513 3.32988
381.37 -4.50477 1.25308 5.5181 3.04852
382.116 -4.59943 1.2753 5.46756 2.81322
382.861 -4.68648 1.29239 5.42129 2.61871
383.606 -4.74727 1.29295 5.40906 2.4923
384.352 -4.81603 1.29835 5.38036 2.35848
385.097 -4.93785 1.33957 5.26605 2.15257
385.842 -5.06269 1.38257 5.15273 1.971
386.587 -5.23102 1.42594 5.02793 1.75754
387.333 -5.40563 1.47159 4.9041 1.57288
388.078 -5.57276 1.53439 4.77514 1.43156
388.824 -5.74271 1.60328 4.65241 1.31138
389.569 -5.90685 1.65612 4.55521 1.20714
390.314 -6.07157 1.70351 4.46893 1.11444
391.06 -6.20185 1.73277 4.41 1.04708
391.805 -6.30651 1.74818 4.36919 0.995391
392.55 -6.41706 1.77817 4.32058 0.949057
393.296 -6.53459 1.82705 4.26361 0.908575
394.041 -6.66137 1.88255 4.20492 0.869128
394.786 -6.80632 1.95128 4.14047 0.82909
395.532 -6.96716 2.01896 4.07765 0.78664
396.277 -7.19227 2.07063 4.01088 0.724329
397.022 -7.4252 2.12711 3.94626 0.668717
397.768 -7.64523 2.23799 3.87577 0.633287
398.513 -7.87242 2.35583 3.80948 0.600936
399.258 -8.07277 2.42532 3.76351 0.569866
400.004 -8.27581 2.49232 3.72087 0.540802
400.749 -8.44197 2.56326 3.68544 0.521277
401.494 -8.59918 2.63726 3.65279 0.504945
402.24 -8.74327 2.71334 3.6233 0.491885
402.985 -8.88053 2.79166 3.59584 0.480744
403.73 -9.06498 2.85936 3.5662 0.462354
404.476 -9.30005 2.91619 3.53443 0.437657
405.221 -9.55214 3.00112 3.49961 0.415883
405.966 -9.82874 3.13661 3.45964 0.397916
406.712 -10.1308 3.29274 3.41896 0.380588
407.457 -10.4969 3.50186 3.37261 0.362802
408.202 -10.8703 3.71864 3.33003 0.346444
408.948 -11.1756 3.85692 3.30139 0.331871
409.693 -11.4924 4.00351 3.27367 0.318119
410.438 -11.7981 4.17829 3.24682 0.307549
411.184 -12.1134 4.36468 3.22085 0.297605
411.929 -12.3693 4.54439 3.19971 0.291231
412.674 -12.6167 4.72945 3.17996 0.285714
413.42 -12.8824 4.88129 3.16239 0.27818
414.165 -13.1617 5.02118 3.14592 0.269974
414.91 -13.5154 5.23258 3.12478 0.261285
415.656 -13.9358 5.51208 3.10043 0.252417
416.401 -14.4019 5.8022 3.07654 0.242649
417.146 -14.9304 6.10071 3.05297 0.23164
417.892 -15.4854 6.47321 3.02868 0.222335
418.637 -16.0614 7.00671 3.00181 0.216111
419.382 -16.6459 7.5719 2.97686 0.210159
420.128 -17.18 8.05388 2.95722 0.204245
420.873 -17.7316 8.57694 2.93824 0.198621
421.618 -18.2016 9.06559 2.9226 0.194432
422.364 -18.6836 9.59152 2.90735 0.190391
423.109 -19.1799 9.99159 2.89548 0.184983
423.854 -19.6952 10.3965 2.88421 0.179562
424.6 -20.1607 10.9666 2.87145 0.176451
425.345 -20.6083 11.6249 2.85842 0.174123
426.09 -21.2438 12.3949 2.84377 0.169573
426.836 -22.0196 13.2836 2.82832 0.163831
427.581 -22.7846 14.3327 2.81268 0.159041
428.326 -23.5151 15.5702 2.79686 0.155186
429.072 -24.3113 17.0234 2.7806 0.150959
429.817 -25.2311 18.8222 2.7632 0.145966
430.562 -26.0538 20.8432 2.74664 0.141668
431.308 -26.5509 22.993 2.73156 0.13918
432.053 -26.8929 25.3186 2.71725 0.13685
432.798 -26.9857 27.1724 2.70702 0.135437
433.544 -26.949 29.1441 2.697 0.134052
434.289 -27.3505 31.2901 2.68762 0.129995
435.034 -27.6818 33.6458 2.67843 0.125914
435.78 -27.5112 36.1547 2.66915 0.123319
436.525 -27.0242 38.8022 2.65999 0.121113
437.27 -26.2602 41.6516 2.65082 0.11884
438.016 -25.1527 44.6478 2.64174 0.116573
438.761 -23.2722 48.1306 2.63136 0.114316
439.506 -20.3975 51.8918 2.62001 0.112086
440.252 -16.6818 55.4333 2.60877 0.10988
440.997 -12.0796 58.53 2.59755 0.107673
441.742 -6.77059 60.8787 2.58658 0.105466
442.488 -0.917739 62.3318 2.57581 0.103137
443.233 5.16471 62.6267 2.56531 0.100907
443.978 11.0967 61.7138 2.55511 0.0988482
444.724 16.5904 59.7599 2.54516 0.0968622
445.469 19.6953 57.9813 2.53898 0.0958394
446.214 22.4775 55.9464 2.53289 0.0948365
446.96 25.7364 53.8131 2.52616 0.0924766
447.705 28.7132 51.3673 2.51943 0.0899796
448.45 31.269 48.4005 2.51227 0.0877027
449.196 33.3075 45.2218 2.50504 0.0855469
449.941 34.4864 41.901 2.49773 0.0842752
450.686 35.0253 38.6817 2.49042 0.0835711
451.432 35.3702 35.5467 2.48286 0.0825483
452.177 35.5337 32.4922 2.47502 0.0811797
452.922 35.4488 29.6262 2.46711 0.0797361
453.668 35.1691 26.883 2.45893 0.0781117
454.413 34.6976 24.506 2.45116 0.0766854
455.158 34.0887 22.6747 2.44446 0.0758832
455.904 33.4325 21.0196 2.43786 0.0751144
456.649 32.6506 19.4752 2.43097 0.0746093
457.394 31.872 18.0924 2.42421 0.0741095
458.14 31.4441 16.8826 2.41867 0.0724321
458.885 31.0138 15.7681 2.41331 0.0707093
459.63 30.6966 14.8072 2.40875 0.0687607
460.376 30.3897 13.9226 2.40443 0.0667883
461.121 29.7794 13.0998 2.39906 0.0659653
461.866 29.0497 12.3518 2.39321 0.0657159
462.612 28.4768 11.7448 2.38834 0.065315
463.357 28.0313 11.2448 2.38431 0.0647851
464.102 27.5182 10.6227 2.3793 0.063799
464.848 26.8964 9.83068 2.37278 0.062135
465.593 26.3123 9.17513 2.36677 0.0607999
466.338 25.8078 8.74033 2.36194 0.0602808
467.084 25.3307 8.33397 2.35722 0.0597183
467.829 24.9237 7.93615 2.35285 0.058802
468.574 24.5283 7.56439 2.34854 0.0579055
469.32 23.9833 7.1305 2.34268 0.0570722
470.065 23.462 6.7325 2.33692 0.0562604
470.81 22.9775 6.44279 2.33171 0.0560523
471.556 22.5184 6.18584 2.32667 0.05594
472.301 22.1292 5.92736 2.32206 0.0554266
473.046 21.7729 5.67836 2.31766 0.0547714
473.792 21.4665 5.45461 2.31374 0.0540526
474.537 21.1947 5.24971 2.31015 0.0532943
475.282 20.9093 5.0515 2.30637 0.0526061
476.028 20.608 4.8597 2.30235 0.0519975
476.773 20.2943 4.6784 2.29814 0.0515018
477.518 19.9464 4.50731 2.29346 0.0512272
478.264 19.6227 4.34091 2.28894 0.0508399
479.009 19.3516 4.1596 2.28487 0.0499615
479.754 19.0914 3.98953 2.28088 0.0491018
480.5 18.882 3.84246 2.27758 0.048234
481.245 18.6777 3.70242 2.27431 0.0473836
481.99 18.41 3.6012 2.2703 0.0473109
482.736 18.1463 3.50771 2.26628 0.0473026
483.481 17.8823 3.38745 2.26201 0.0468886
484.226 17.6253 3.26561 2.25774 0.0463727
484.972 17.4217 3.17228 2.2543 0.0459841
485.717 17.2474 3.09446 2.25132 0.0456641
486.462 17.0746 2.99973 2.24824 0.0450474
487.208 16.9032 2.89087 2.24505 0.0441627
487.953 16.7214 2.79953 2.24172 0.0435717
488.698 16.522 2.73214 2.23815 0.0434334
489.444 16.3419 2.66575 2.23484 0.0431999
490.189 16.2053 2.59627 2.23222 0.0426825
490.934 16.0645 2.52935 2.22949 0.0422083
491.68 15.8724 2.46535 2.22581 0.0420108
492.425 15.6867 2.4042 2.22218 0.0418146
493.17 15.5243 2.33111 2.21886 0.0412602
493.916 15.3669 2.26099 2.21559 0.0407094
494.661 15.2235 2.20096 2.2126 0.0402594
495.406 15.0856 2.14458 2.20967 0.0398336
496.152 14.9334 2.06799 2.20632 0.0390467
496.897 14.7781 1.98625 2.20283 0.0381311
497.642 14.6322 1.93811 2.19963 0.0378353
498.388 14.494 1.91297 2.19664 0.0379769
499.133 14.3667 1.89465 2.19388 0.0382118
499.878 14.2512 1.88423 2.19138 0.0385634
500.624 14.1432 1.85606 2.18892 0.0384891
501.369 14.0477 1.78987 2.18652 0.0374928
502.115 13.9475 1.72943 2.18403 0.0366207
502.86 13.8214 1.68685 2.18099 0.036257
503.605 13.7008 1.64605 2.17804 0.0358922
504.35 13.6324 1.60896 2.17631 0.0353564
505.096 13.5648 1.57283 2.17459 0.034828
505.841 13.4499 1.54563 2.17175 0.0347217
506.587 13.3331 1.52008 2.16883 0.0346571
507.332 13.2368 1.49613 2.16638 0.0345306
508.077 13.1475 1.4731 2.16409 0.0343872
508.823 13.0557 1.44053 2.16167 0.0340063
509.568 12.9633 1.40343 2.15918 0.0334987
510.313 12.8718 1.3752 2.15672 0.0332032
511.059 12.7813 1.35513 2.1543 0.0331086
511.804 12.6813 1.32292 2.15155 0.032727
512.549 12.5646 1.27113 2.14821 0.0318746
513.294 12.4614 1.23214 2.14526 0.0312847
514.04 12.3933 1.22732 2.1434 0.0314729
514.785 12.3232 1.22202 2.14146 0.0316582
515.531 12.2265 1.21268 2.13874 0.0318514
516.276 12.1322 1.20342 2.13605 0.0320368
517.021 12.0848 1.17082 2.13457 0.0313286
517.767 12.0392 1.13822 2.13315 0.0306014
518.512 11.9701 1.09323 2.13097 0.0296017
519.257 11.8974 1.04729 2.12867 0.0285676
520.003 11.8437 1.0331 2.12705 0.028386
520.748 11.7984 1.03196 2.12572 0.0285601
521.493 11.7326 1.04236 2.12382 0.0291745
522.239 11.6522 1.06073 2.12149 0.0301084
522.984 11.5864 1.06068 2.1195 0.0304198
523.729 11.5385 1.03794 2.11795 0.0299435
524.475 11.4869 1.01353 2.11627 0.0294236
525.22 11.4257 0.984684 2.11425 0.0287956
525.965 11.362 0.957858 2.11214 0.0282308
526.711 11.2819 0.937574 2.10952 0.0279361
527.456 11.2044 0.918241 2.10695 0.0276517
528.201 11.1545 0.907559 2.10531 0.027528
528.947 11.1053 0.897097 2.10367 0.0274054
529.692 11.043 0.868644 2.10152 0.0267319
530.437 10.9802 0.839093 2.09932 0.0260094
531.183 10.9108 0.840506 2.097 0.0263586
531.928 10.8404 0.850777 2.09467 0.0270228
532.673 10.7881 0.844591 2.09287 0.027046
533.419 10.7464 0.829211 2.09139 0.0267007
534.164 10.6949 0.807205 2.08953 0.0261579
534.909 10.6337 0.778906 2.08728 0.0254212
535.655 10.5823 0.759997 2.0854 0.0249677
536.4 10.5467 0.756368 2.08415 0.0249942
537.145 10.5084 0.752674 2.08279 0.0250291
537.891 10.4599 0.748676 2.08104 0.0250945
538.636 10.4128 0.744375 2.07934 0.0251426
539.381 10.3729 0.736873 2.07787 0.0250422
540.127 10.3336 0.729507 2.07642 0.0249425
540.872 10.2937 0.72864 2.07497 0.0250867
541.617 10.2543 0.728005 2.07352 0.0252385
542.363 10.2278 0.707318 2.07248 0.0245785
543.108 10.2041 0.682706 2.07151 0.0237525
543.853 10.1569 0.668003 2.0697 0.0233893
544.599 10.1002 0.6579 2.06751 0.0232345
545.344 10.0561 0.652468 2.06582 0.0232079
546.089 10.022 0.650627 2.06452 0.0232816
546.835 9.98488 0.645711 2.06309 0.0232462
547.58 9.94371 0.636703 2.06147 0.0230641
548.325 9.89865 0.630425 2.05969 0.0230028
549.071 9.84327 0.630441 2.05751 0.0232327
549.816 9.79113 0.628505 2.05544 0.0233733
550.561 9.75139 0.616559 2.05382 0.0230575
551.307 9.71239 0.604805 2.05221 0.022742
552.052 9.68129 0.587294 2.0509 0.0221543
552.797 9.65051 0.570182 2.0496 0.0215756
553.543 9.61314 0.56166 2.04805 0.0213723
554.288 9.57544 0.554401 2.04649 0.0212202
555.033 9.5395 0.55763 2.04502 0.0215005
555.779 9.50446 0.564132 2.0436 0.0219185
556.524 9.47023 0.556251 2.04215 0.0217252
557.269 9.43666 0.53979 2.04069 0.0211597
558.015 9.40452 0.535353 2.03933 0.0210994
558.76 9.37387 0.543417 2.03807 0.0215726
559.505 9.34627 0.543745 2.03691 0.0217022
560.251 9.32403 0.529972 2.03592 0.0211977
560.996 9.30125 0.517308 2.03491 0.0207397
561.741 9.27607 0.50807 2.03381 0.0204371
562.487 9.25127 0.499753 2.03272 0.0201708
563.232 9.22831 0.500489 2.03174 0.020296
563.977 9.20557 0.501185 2.03076 0.0204193
564.723 9.17043 0.50463 2.02924 0.0207118
565.468 9.13506 0.508071 2.0277 0.0210076
566.213 9.10763 0.499222 2.02646 0.0207215
566.959 9.08226 0.487693 2.0253 0.0203034
567.704 9.05891 0.479824 2.02425 0.0200406
568.449 9.03665 0.473742 2.02324 0.019853
569.195 9.00984 0.465724 2.02201 0.0195913
569.94 8.97933 0.456164 2.02061 0.019269
570.685 8.94655 0.444308 2.01908 0.0188444
571.431 8.91033 0.429132 2.01737 0.0182717
572.176 8.87833 0.422796 2.01589 0.0180919
572.921 8.85646 0.439081 2.01494 0.0189399
573.667 8.83307 0.451807 2.01392 0.019631
574.412 8.79988 0.443971 2.01234 0.0193881
575.157 8.76721 0.436328 2.01079 0.0191492
575.903 8.73257 0.425332 2.00912 0.0187532
576.648 8.6985 0.414651 2.00747 0.0183653
577.393 8.67882 0.409085 2.00653 0.0181716
578.139 8.66145 0.404349 2.0057 0.0180088
578.884 8.64378 0.400809 2.00485 0.0179041
579.629 8.6261 0.397727 2.00401 0.017821
580.375 8.60222 0.39761 2.00286 0.0179035
581.12 8.57439 0.3994 2.00153 0.0180939
581.865 8.55212 0.402018 2.00046 0.0183074
582.611 8.53606 0.405628 1.99971 0.0185497
583.356 8.51916 0.408461 1.9989 0.0187575
584.101 8.50049 0.409797 1.998 0.0188979
584.847 8.48083 0.407842 1.99704 0.0188777
585.592 8.45648 0.392511 1.99579 0.0182012
586.337 8.43301 0.377982 1.99458 0.0175561
587.083 8.42015 0.370591 1.99393 0.0172323
587.828 8.40735 0.363295 1.99329 0.0169116
588.573 8.3885 0.35859 1.99234 0.0167406
589.319 8.36934 0.354168 1.99137 0.0165837
590.064 8.34738 0.351538 1.99027 0.0165263
590.809 8.32489 0.3494 1.98913 0.0164952
591.555 8.30211 0.350059 1.98798 0.0166091
592.3 8.2793 0.352121 1.98683 0.0167965
593.045 8.25872 0.354512 1.98579 0.0169949
593.791 8.24015 0.357207 1.98486 0.0172036
594.536 8.22108 0.355076 1.98388 0.0171623
595.281 8.20107 0.345457 1.98282 0.0167299
596.027 8.17869 0.337757 1.98164 0.0164031
596.772 8.14894 0.335322 1.98008 0.0163761
597.517 8.12208 0.332465 1.97867 0.0163167
598.263 8.1137 0.326147 1.97822 0.0160126
599.008 8.10535 0.319889 1.97778 0.0157106
599.753 8.08439 0.317783 1.97667 0.0156689
600.499 8.06344 0.315786 1.97556 0.0156326
601.244 8.04124 0.31772 1.97439 0.0158122
601.989 8.01905 0.32028 1.97322 0.0160269
602.735 8.00202 0.317639 1.97231 0.0159433
603.48 7.98714 0.312965 1.97151 0.0157412
604.225 7.97326 0.313922 1.97077 0.0158431
604.971 7.96011 0.318926 1.97009 0.016165
605.716 7.94474 0.316762 1.96926 0.0161013
606.461 7.92659 0.305756 1.96825 0.0155578
607.207 7.9102 0.298929 1.96734 0.0152366
607.952 7.89758 0.301115 1.96667 0.0154023
608.697 7.88651 0.300817 1.96608 0.0154256
609.443 7.88251 0.288678 1.96584 0.0147682
610.188 7.87781 0.277235 1.96557 0.0141504
610.933 7.85664 0.282683 1.96442 0.0145214
611.679 7.83572 0.287959 1.96329 0.0148845
612.424 7.81763 0.287114 1.96229 0.0148968
613.169 7.80004 0.285618 1.96131 0.0148708
613.915 7.79089 0.289567 1.96083 0.0151271
614.66 7.7843 0.295135 1.96049 0.015468
615.405 7.7717 0.290248 1.95978 0.0152353
616.151 7.75567 0.279446 1.95886 0.014675
616.896 7.73738 0.274825 1.95782 0.0144707
617.641 7.71691 0.276267 1.95668 0.014619
618.387 7.69758 0.275411 1.95558 0.0146325
619.132 7.68 0.27065 1.95458 0.0144153
619.878 7.6656 0.266717 1.95375 0.0142352
620.623 7.6615 0.265336 1.95353 0.0141723
621.368 7.65591 0.264292 1.95322 0.0141331
622.113 7.63543 0.266497 1.95206 0.0143258
622.859 7.61522 0.268613 1.95091 0.0145137
623.604 7.59443 0.264609 1.9497 0.0143457
624.349 7.5739 0.26042 1.9485 0.0141646
625.095 7.56348 0.254159 1.94789 0.0138307
625.84 7.55526 0.247503 1.9474 0.0134659
626.586 7.54497 0.24574 1.94681 0.0133951
627.331 7.53381 0.246182 1.94617 0.0134571
628.076 7.51674 0.24504 1.94517 0.0134416
628.822 7.49507 0.242652 1.94389 0.0133642
629.567 7.47832 0.24308 1.94291 0.0134412
630.312 7.46811 0.247363 1.94233 0.0137315
631.057 7.45983 0.250129 1.94185 0.013926
631.803 7.45635 0.249166 1.94166 0.0138827
632.548 7.4513 0.247717 1.94137 0.0138147
633.294 7.43703 0.243449 1.94052 0.0136025
634.039 7.42291 0.239303 1.93967 0.013396
634.784 7.40922 0.239191 1.93886 0.013432
635.53 7.39567 0.239069 1.93805 0.013467
636.275 7.38143 0.238376 1.9372 0.0134692
637.02 7.36724 0.237605 1.93635 0.0134663
637.766 7.35755 0.233426 1.93576 0.013242
638.511 7.34942 0.22811 1.93526 0.0129426
639.256 7.34089 0.227328 1.93476 0.0129221
640.002 7.33212 0.22944 1.93424 0.0130802
640.747 7.32021 0.228171 1.93352 0.0130389
641.492 7.30484 0.22321 1.93257 0.0127782
642.238 7.29334 0.220565 1.93187 0.0126494
642.983 7.28919 0.22232 1.93163 0.0127737
643.728 7.28509 0.22379 1.9314 0.0128802
644.474 7.28119 0.224163 1.93117 0.0129182
645.219 7.27636 0.224544 1.93089 0.0129591
645.964 7.25846 0.225059 1.92979 0.0130442
646.71 7.24082 0.225536 1.92871 0.0131267
647.455 7.22603 0.222717 1.92779 0.0129945
648.2 7.21162 0.219709 1.92689 0.0128486
648.946 7.20437 0.213054 1.92643 0.0124525
649.691 7.19892 0.205517 1.92608 0.011995
650.436 7.19159 0.200625 1.92563 0.0117082
651.182 7.18334 0.1971 1.92511 0.0115095
651.927 7.16894 0.198317 1.92422 0.0116262
652.672 7.14919 0.203617 1.92299 0.0120172
653.418 7.13328 0.207112 1.922 0.0122854
654.163 7.12305 0.208031 1.92136 0.0123749
654.908 7.11367 0.20812 1.92077 0.0124092
655.654 7.10659 0.205878 1.92033 0.0122876
656.399 7.09972 0.203335 1.9199 0.0121458
657.144 7.09415 0.198488 1.91954 0.0118517
657.89 7.08859 0.193687 1.91919 0.0115598
658.635 7.06709 0.194596 1.91781 0.0116759
659.38 7.04578 0.195512 1.91645 0.0117928
660.126 7.0365 0.19521 1.91586 0.0118003
660.871 7.02932 0.194705 1.9154 0.0117892
661.616 7.02446 0.1951 1.9151 0.0118309
662.362 7.02052 0.195844 1.91486 0.0118931
663.107 7.01453 0.198222 1.91449 0.0120676
663.852 7.00709 0.201734 1.91403 0.0123205
664.598 6.99851 0.20015 1.91348 0.0122428
665.343 6.98852 0.192426 1.91281 0.0117646
666.088 6.97762 0.188084 1.9121 0.0115096
666.834 6.96474 0.190867 1.91127 0.0117289
667.579 6.9541 0.192998 1.91059 0.0119004
668.324 6.95316 0.19245 1.91054 0.01187
669.07 6.95214 0.191726 1.91048 0.0118281
669.815 6.94917 0.187125 1.91029 0.0115341
670.56 6.94619 0.18255 1.91009 0.0112415
671.306 6.93119 0.177319 1.9091 0.0109335
672.051 6.9152 0.172153 1.90804 0.0106303
672.796 6.90267 0.174245 1.90722 0.0108027
673.542 6.89119 0.178337 1.90647 0.0111072
674.287 6.88437 0.17842 1.90603 0.0111326
675.032 6.88014 0.176301 1.90575 0.0110038
675.778 6.87681 0.176457 1.90554 0.0110255
676.523 6.87434 0.178817 1.9054 0.0111933
677.268 6.86958 0.179885 1.90509 0.01128
678.014 6.86098 0.178792 1.90452 0.0112305
678.759 6.85036 0.177568 1.90382 0.011177
679.504 6.83327 0.175914 1.90267 0.0111096
680.25 6.81795 0.174245 1.90164 0.0110364
680.995 6.81581 0.172204 1.9015 0.0109058
681.74 6.81368 0.170171 1.90137 0.0107756
682.486 6.81189 0.171292 1.90126 0.0108592
683.231 6.81012 0.172511 1.90116 0.0109495
683.976 6.7997 0.165366 1.90044 0.0104898
684.722 6.78765 0.156749 1.89961 0.00993109
685.467 6.77896 0.155465 1.89903 0.00986514
686.212 6.77174 0.157238 1.89855 0.0100056
686.958 6.76055 0.160035 1.8978 0.0102257
687.703 6.74643 0.163541 1.89685 0.0105024
688.448 6.7353 0.165414 1.89609 0.0106605
689.194 6.72793 0.165259 1.8956 0.01067
689.939 6.72239 0.165112 1.89523 0.0106756
690.684 6.72106 0.164988 1.89515 0.0106731
691.43 6.71783 0.164689 1.89493 0.0106628
692.175 6.70503 0.163505 1.89405 0.0106133
692.92 6.69252 0.16225 1.89319 0.010558
693.666 6.68372 0.1583 1.89258 0.0103054
694.411 6.67499 0.154417 1.89197 0.0100564
695.156 6.66794 0.151615 1.89149 0.00987863
695.902 6.66111 0.148966 1.89101 0.0097105
696.647 6.65824 0.147253 1.89082 0.00959923
697.392 6.65658 0.145828 1.89071 0.00950542
698.138 6.65487 0.142809 1.8906 0.00929962
698.883 6.65313 0.138864 1.89048 0.00902869
699.628 6.64632 0.139886 1.89002 0.00911706
700.374 6.63448 0.145806 1.88921 0.00956162
701.119 6.62422 0.150927 1.8885 0.00994819
701.864 6.61661 0.154829 1.88799 0.0102439
702.61 6.61004 0.157319 1.88754 0.0104379
703.355 6.60684 0.155298 1.88732 0.0103046
704.1 6.60434 0.153779 1.88715 0.0102051
704.846 6.60832 0.156824 1.88745 0.0104146
705.591 6.61232 0.159897 1.88775 0.0106258
706.336 6.60057 0.154008 1.88692 0.0102377
707.082 6.58837 0.147939 1.88605 0.00983581
707.827 6.57515 0.140978 1.8851 0.00937036
708.572 6.56187 0.134 1.88415 0.00890134
709.318 6.55346 0.132607 1.88355 0.0088208
710.063 6.54716 0.133555 1.88311 0.00890388
710.808 6.5469 0.13632 1.88311 0.00910542
711.554 6.55126 0.140522 1.88344 0.00940045
712.299 6.55179 0.14132 1.8835 0.00945901
713.044 6.54733 0.137645 1.88318 0.00920703
713.79 6.54028 0.135321 1.88268 0.0090569
714.535 6.52733 0.136042 1.88176 0.00913767
715.28 6.51442 0.136943 1.88084 0.00923181
716.026 6.50092 0.138855 1.87988 0.00940078
716.771 6.48802 0.14066 1.87896 0.0095616
717.516 6.48578 0.141612 1.87881 0.00963796
718.262 6.48354 0.142558 1.87865 0.00971399
719.007 6.48882 0.137912 1.87904 0.00936727
719.752 6.4949 0.132599 1.87948 0.00897127
720.498 6.48829 0.128225 1.879 0.0086691
721.243 6.47803 0.124222 1.87826 0.00839998
721.988 6.468 0.120898 1.87753 0.00817891
722.734 6.45815 0.117974 1.87682 0.00798573
723.479 6.44946 0.118195 1.87619 0.00802009
724.224 6.44185 0.12136 1.87565 0.0082685
724.97 6.43659 0.122546 1.87528 0.00836772
725.715 6.43512 0.120554 1.87517 0.0082264
726.46 6.43343 0.120572 1.87506 0.0082331
727.206 6.43105 0.126708 1.87491 0.0086909
727.951 6.42833 0.132665 1.87473 0.00913666
728.696 6.42334 0.137443 1.87438 0.00950099
729.442 6.41835 0.142163 1.87404 0.00986179
730.187 6.40404 0.137337 1.87298 0.00953883
730.932 6.38982 0.13251 1.87193 0.00921361
731.678 6.38173 0.129398 1.87133 0.00900145
732.423 6.37473 0.126607 1.87081 0.00881031
733.168 6.37096 0.124862 1.87054 0.00869006
733.914 6.36842 0.123514 1.87036 0.00859679
734.659 6.36725 0.12297 1.87028 0.00856063
735.404 6.36701 0.122976 1.87027 0.00856359
736.15 6.36578 0.121258 1.87018 0.00844003
736.895 6.3634 0.117547 1.87001 0.00817
737.641 6.35842 0.11431 1.86964 0.00793974
738.386 6.34829 0.112023 1.86889 0.00778921
739.131 6.33887 0.111525 1.86819 0.00777077
739.876 6.33183 0.117859 1.86769 0.00826074
740.622 6.32532 0.123823 1.86722 0.00872319
741.367 6.32582 0.126444 1.86727 0.00892107
742.112 6.32631 0.129069 1.86732 0.00911928
742.858 6.32699 0.129003 1.86738 0.00911494
743.603 6.32769 0.128772 1.86744 0.00909818
744.349 6.32257 0.125477 1.86706 0.00886295
745.094 6.31616 0.121536 1.86658 0.00858104
745.839 6.30785 0.114095 1.86595 0.00803803
746.584 6.29867 0.105201 1.86525 0.00738475
747.33 6.29016 0.103583 1.86461 0.00727872
748.075 6.28221 0.107604 1.86403 0.00759894
748.82 6.27688 0.109021 1.86363 0.00771776
749.566 6.27502 0.107036 1.8635 0.0075722
750.311 6.27499 0.105772 1.8635 0.00747815
751.057 6.27932 0.106192 1.86384 0.00750436
751.802 6.28175 0.106731 1.86404 0.00754289
752.547 6.27479 0.107824 1.86352 0.00763986
753.293 6.26775 0.108759 1.86299 0.00772522
754.038 6.25761 0.10665 1.86223 0.00758441
754.783 6.24761 0.104589 1.86147 0.00744636
755.529 6.24194 0.102286 1.86104 0.00728182
756.274 6.23671 0.0999875 1.86065 0.00711648
757.019 6.23155 0.100114 1.86026 0.00713648
757.765 6.22644 0.100881 1.85988 0.00720563
758.51 6.22251 0.104093 1.85959 0.00746059
759.255 6.21916 0.10854 1.85935 0.00780979
760.001 6.2178 0.107455 1.85925 0.00773067
760.746 6.21816 0.101534 1.85928 0.00727668
761.491 6.21434 0.100258 1.85899 0.00718676
762.237 6.20448 0.105684 1.85825 0.00762313
762.982 6.19541 0.108395 1.85756 0.00785018
763.727 6.18818 0.104491 1.857 0.0075631
764.473 6.18111 0.101244 1.85646 0.00732571
765.218 6.17461 0.101244 1.85596 0.0073385
765.963 6.16836 0.101149 1.85549 0.00734345
766.709 6.16857 0.0977815 1.85551 0.00708328
767.454 6.16877 0.0944125 1.85552 0.00682301
768.199 6.17043 0.0925373 1.85566 0.00667644
768.945 6.17224 0.0908162 1.85581 0.00654167
769.69 6.17109 0.092107 1.85573 0.00664528
770.435 6.16908 0.0942569 1.85558 0.006817
771.181 6.16323 0.0941292 1.85513 0.00681803
771.926 6.1554 0.0928067 1.85453 0.00672916
772.671 6.14621 0.0922747 1.85382 0.00670376
773.417 6.13587 0.0924252 1.85302 0.00673342
774.162 6.1299 0.0933483 1.85256 0.00681672
774.907 6.13023 0.0954394 1.8526 0.00698149
775.653 6.13042 0.0954993 1.85262 0.00698745
776.398 6.13025 0.0902864 1.85261 0.00658118
777.143 6.13016 0.0859924 1.8526 0.00624668
777.889 6.13074 0.0867037 1.85266 0.00630305
778.634 6.13128 0.0874504 1.85271 0.00636225
779.379 6.13045 0.0892502 1.85266 0.00650596
780.125 6.12961 0.0910461 1.8526 0.00664942
780.87 6.11909 0.0883036 1.85178 0.00645212
781.615 6.10778 0.0851946 1.85089 0.00622626
782.361 6.09798 0.0860901 1.85013 0.00631282
783.106 6.08866 0.0880064 1.84941 0.00647958
783.851 6.08581 0.0836645 1.84918 0.00614228
784.597 6.08613 0.0761615 1.8492 0.00555032
785.342 6.08565 0.079706 1.84918 0.0058326
786.087 6.08435 0.0925936 1.8491 0.00685479
786.833 6.08423 0.0982113 1.84911 0.0073006
787.578 6.08601 0.0937973 1.84925 0.00695023
788.323 6.08575 0.0907391 1.84923 0.0067104
789.069 6.0808 0.0909111 1.84885 0.00673324
789.814 6.07463 0.0912188 1.84837 0.00676881
790.559 6.06278 0.0921469 1.84744 0.00686277
791.305 6.05152 0.0926735 1.84655 0.00692423
792.05 6.04652 0.0874149 1.84615 0.00651467
792.795 6.04153 0.0822388 1.84575 0.00611079
793.541 6.04165 0.0794921 1.84577 0.00589289
794.286 6.04209 0.0769018 1.8458 0.00568702
795.031 6.04475 0.0802688 1.84603 0.00595327
795.777 6.04789 0.0850104 1.84629 0.00632804
796.522 6.04823 0.0829906 1.84632 0.00616799
797.267 6.04733 0.0780503 1.84625 0.00577695
798.013 6.03905 0.0778945 1.8456 0.0057773
798.758 6.02564 0.0810749 1.84454 0.00605179
799.503 6.0165 0.0820659 1.84381 0.00614577
800.249 6.01214 0.0806506 1.84347 0.00603985
800.994 6.00701 0.0807316 1.84307 0.00605505
801.739 6.00041 0.083599 1.84255 0.00629667
802.485 5.99513 0.0841284 1.84213 0.00634853
803.23 5.99415 0.0768659 1.84205 0.005766
803.975 5.99366 0.0705465 1.842 0.0052586
804.721 5.99789 0.0717196 1.84235 0.00534902
805.466 6.00215 0.0729083 1.8427 0.0054405
806.211 5.99965 0.0827334 1.84252 0.00623609
806.957 5.99694 0.0925496 1.84233 0.00703211
807.702 5.98966 0.0911855 1.84175 0.00693532
808.447 5.98183 0.0883171 1.84112 0.00671752
809.193 5.97564 0.0842649 1.84062 0.00640067
809.938 5.96997 0.0799 1.84016 0.00605689
810.683 5.96581 0.0794089 1.83983 0.00602431
811.429 5.96249 0.080997 1.83957 0.0061592
812.174 5.95976 0.0813035 1.83935 0.00618934
812.919 5.95754 0.0804953 1.83918 0.00612819
813.665 5.95595 0.078619 1.83905 0.00597928
814.41 5.9552 0.0752507 1.83899 0.00570782
815.155 5.95402 0.073043 1.8389 0.00553117
815.901 5.95188 0.0734771 1.83873 0.00557055
816.646 5.94886 0.0742003 1.83849 0.00563466
817.391 5.94216 0.0761358 1.83796 0.00580266
818.137 5.93534 0.0777727 1.83741 0.00594694
818.882 5.92637 0.0764572 1.83668 0.00585324
819.627 5.91755 0.0751732 1.83596 0.00576156
820.373 5.91345 0.0766373 1.83564 0.00588846
821.118 5.90955 0.0781747 1.83533 0.00602132
821.863 5.9103 0.0775343 1.83539 0.00596888
822.609 5.91185 0.0765207 1.83552 0.00588472
823.354 5.91348 0.0738491 1.83566 0.00566452
824.099 5.91513 0.0705914 1.8358 0.00539638
824.845 5.91616 0.069035 1.83589 0.00526864
825.59 5.91684 0.0684686 1.83595 0.00522251
826.335 5.91699 0.0688485 1.83597 0.00525461
827.081 5.91666 0.0700886 1.83595 0.00535784
827.826 5.9131 0.0711291 1.83566 0.00544892
828.571 5.90505 0.0718686 1.83501 0.00552133
829.317 5.89742 0.0717882 1.83439 0.00552595
830.062 5.89056 0.0699326 1.83383 0.00538322
830.807 5.88418 0.0678778 1.8333 0.005223
831.553 5.8795 0.064901 1.83292 0.00498407
832.298 5.87533 0.06264 1.83258 0.00480324
833.043 5.87599 0.067055 1.83265 0.00516863
833.789 5.87662 0.0714837 1.83271 0.0055351
834.534 5.8756 0.0694012 1.83263 0.00536534
835.279 5.87455 0.0672244 1.83254 0.00518774
836.025 5.8756 0.0673398 1.83264 0.00519708
836.77 5.87694 0.0677736 1.83275 0.00523235
837.515 5.87398 0.0709319 1.83252 0.00549845
838.261 5.86975 0.0748349 1.83218 0.00582828
839.006 5.86423 0.0754484 1.83173 0.00588786
839.751 5.85813 0.0744657 1.83123 0.0058159
840.497 5.85236 0.0744922 1.83076 0.00582717
841.242 5.84686 0.075272 1.8303 0.00590076
841.987 5.84419 0.0791289 1.83009 0.00622667
842.733 5.84471 0.0866184 1.83016 0.00685043
843.478 5.84332 0.0865714 1.83004 0.00684983
844.223 5.83844 0.0731818 1.82962 0.00574257
844.969 5.83423 0.0641044 1.82927 0.00499195
845.714 5.83266 0.0668354 1.82915 0.00522284
846.459 5.83075 0.0692784 1.82899 0.00543028
847.205 5.82706 0.0702235 1.82869 0.00551509
847.95 5.8236 0.0714592 1.82841 0.00562403
848.695 5.8238 0.0779687 1.82844 0.00616918
849.441 5.82391 0.0844894 1.82847 0.00671536
850.186 5.81736 0.0818472 1.82792 0.00650544
850.931 5.81057 0.0788462 1.82735 0.00626517
851.677 5.80665 0.0674225 1.82701 0.00531307
852.422 5.80293 0.0547567 1.82669 0.00425472
853.167 5.80299 0.0584139 1.82671 0.0045629
853.913 5.80419 0.0672987 1.82682 0.00530882
854.658 5.80279 0.071333 1.82672 0.00565054
855.403 5.80011 0.0728379 1.8265 0.00578164
856.149 5.79677 0.0717172 1.82622 0.00569295
856.894 5.79291 0.0686076 1.8259 0.00543734
857.639 5.79098 0.0690268 1.82574 0.00547615
858.385 5.7912 0.073433 1.82577 0.00584796
859.13 5.79038 0.0730642 1.82571 0.00581901
859.875 5.78778 0.0646993 1.82548 0.00511846
860.621 5.78519 0.0602499 1.82526 0.00474732
861.366 5.78288 0.0657321 1.82508 0.00521357
862.112 5.77998 0.0698425 1.82485 0.00556524
862.857 5.77469 0.0680981 1.8244 0.00542575
863.602 5.7699 0.0666537 1.824 0.00531069
864.347 5.76944 0.0678642 1.82397 0.00541467
865.093 5.76897 0.069073 1.82394 0.00551852
865.838 5.76859 0.0638059 1.8239 0.00507409
866.583 5.76816 0.0585496 1.82387 0.00463055
867.329 5.76949 0.0607554 1.82399 0.00481665
868.074 5.771 0.063727 1.82412 0.00506725
868.82 5.76845 0.0642921 1.82391 0.00511912
869.565 5.76503 0.0643205 1.82363 0.00512666
870.31 5.76226 0.0647745 1.8234 0.00516947
871.056 5.75973 0.0653804 1.82319 0.00522491
871.801 5.75641 0.0645566 1.82291 0.00516005
872.546 5.75266 0.0629548 1.8226 0.00502953
873.292 5.74918 0.0614332 1.82231 0.00490528
874.037 5.74592 0.0599772 1.82203 0.00478615
874.782 5.74463 0.0591909 1.82193 0.00472162
875.528 5.74558 0.0591515 1.82201 0.00471806
876.273 5.74559 0.0599648 1.82202 0.00478813
877.018 5.74411 0.0621493 1.8219 0.00497666
877.764 5.74268 0.0630477 1.82178 0.00505575
878.509 5.74135 0.0609411 1.82167 0.00487881
879.254 5.73995 0.059139 1.82156 0.0047278
880 5.73827 0.0584215 1.82142 0.00466944
880.745 5.73703 0.0574657 1.82132 0.00459022
881.49 5.73871 0.0548915 1.82146 0.00436982
882.236 5.73991 0.0525786 1.82157 0.00417232
882.981 5.73197 0.0555845 1.8209 0.00443787
883.726 5.72412 0.0584847 1.82024 0.00469515
884.472 5.71898 0.0574824 1.8198 0.00461607
885.217 5.71396 0.0563765 1.81937 0.00452777
885.962 5.71232 0.0539028 1.81924 0.00431837
886.708 5.71109 0.0512704 1.81913 0.0040948
887.453 5.71085 0.0499904 1.81911 0.00398611
888.198 5.71084 0.0490246 1.81912 0.00390412
888.944 5.71224 0.0485698 1.81924 0.0038646
889.689 5.71414 0.048299 1.81941 0.00384038
890.434 5.7132 0.049558 1.81934 0.00395
891.18 5.71076 0.0516009 1.81913 0.00412837
891.925 5.70724 0.0516766 1.81884 0.00413925
892.67 5.70296 0.0503615 1.81847 0.00403143
893.416 5.69858 0.0504626 1.8181 0.00404527
894.161 5.69408 0.051904 1.81772 0.0041746
894.906 5.68958 0.0528851 1.81734 0.00426453
895.652 5.68506 0.0532874 1.81695 0.00430473
896.397 5.68163 0.0548953 1.81666 0.00444789
897.142 5.68002 0.058635 1.81653 0.00477327
897.888 5.67958 0.0599065 1.8165 0.00488434
898.633 5.68204 0.0551512 1.81671 0.00447188
899.378 5.68399 0.0526632 1.81688 0.00425593
900.124 5.68422 0.0583792 1.81691 0.00474952
900.869 5.68431 0.0621569 1.81693 0.00507604
901.614 5.68392 0.0550152 1.81689 0.00446122
902.36 5.68328 0.0484024 1.81684 0.00389213
903.105 5.68112 0.0473755 1.81665 0.00380633
903.85 5.67892 0.0463721 1.81647 0.0037225
904.596 5.67407 0.0461758 1.81605 0.00371077
905.341 5.66927 0.0459811 1.81564 0.00369909
906.086 5.66685 0.0452997 1.81544 0.00364305
906.832 5.66456 0.0446004 1.81524 0.00358528
907.577 5.6596 0.0458061 1.81482 0.00369503
908.322 5.65436 0.0472159 1.81437 0.003823
909.068 5.65331 0.0469983 1.81428 0.00380583
909.813 5.65314 0.0464414 1.81427 0.00375835
910.558 5.65302 0.0443888 1.81426 0.0035809
911.304 5.6529 0.0418752 1.81425 0.0033634
912.049 5.65283 0.0444688 1.81425 0.00358947
912.794 5.65274 0.0492149 1.81425 0.00400255
913.54 5.65223 0.0510447 1.81422 0.00416273
914.285 5.65152 0.0512651 1.81416 0.00418334
915.03 5.65015 0.049824 1.81404 0.00406019
915.776 5.64832 0.047231 1.81389 0.00383726
916.521 5.64522 0.0460811 1.81362 0.00374086
917.266 5.64103 0.046191 1.81326 0.00375502
918.012 5.63661 0.0472288 1.81288 0.0038503
918.757 5.63193 0.0492588 1.81248 0.00403259
919.502 5.62833 0.051279 1.81217 0.00421329
920.248 5.62617 0.0533218 1.81199 0.0043947
920.993 5.62316 0.0536508 1.81173 0.00442738
921.738 5.61873 0.0511189 1.81134 0.00421127
922.484 5.61595 0.0511669 1.8111 0.00421901
923.229 5.61661 0.0566627 1.81117 0.00470024
923.974 5.61756 0.0588839 1.81126 0.00489431
924.72 5.61937 0.0521046 1.81142 0.00429962
925.465 5.62036 0.0456698 1.8115 0.00373627
926.21 5.61874 0.0406441 1.81136 0.00329854
926.956 5.61722 0.0361661 1.81123 0.00290838
927.701 5.61644 0.034117 1.81116 0.00273018
928.446 5.61523 0.0332586 1.81106 0.00265648
929.192 5.61114 0.0403618 1.81071 0.00328275
929.937 5.60715 0.0467765 1.81037 0.00384962
930.682 5.60496 0.0471532 1.81018 0.00388543
931.428 5.60281 0.0473092 1.81 0.00390184
932.173 5.60125 0.042553 1.80986 0.00348608
932.918 5.59964 0.0378441 1.80972 0.00307421
933.664 5.59617 0.0415318 1.80942 0.00340196
934.409 5.59269 0.0451568 1.80912 0.00372469
935.154 5.58757 0.0423751 1.80867 0.00348489
935.9 5.58243 0.0394128 1.80822 0.00322862
936.645 5.58194 0.0404999 1.80818 0.00332558
937.39 5.58183 0.0419178 1.80818 0.00345143
938.136 5.58615 0.0423184 1.80856 0.00348368
938.881 5.59109 0.0425935 1.809 0.00350426
939.626 5.59349 0.045908 1.80922 0.00379458
940.372 5.59542 0.0497844 1.8094 0.00413451
941.117 5.58927 0.0478595 1.80886 0.00397174
941.862 5.58147 0.044755 1.80817 0.00370595
942.608 5.57828 0.0423945 1.80789 0.00350099
943.353 5.57632 0.0402352 1.80772 0.00331252
944.098 5.57311 0.0481848 1.80745 0.00401874
944.844 5.56924 0.0591932 1.80712 0.00499739
945.589 5.57118 0.0521447 1.80729 0.00437218
946.334 5.57495 0.0382153 1.80761 0.00313756
947.08 5.57286 0.0370829 1.80743 0.00303967
947.825 5.5684 0.0413575 1.80704 0.0034221
948.57 5.56563 0.044127 1.80681 0.00367037
949.316 5.56366 0.0461923 1.80664 0.00385579
950.061 5.56302 0.0501816 1.80659 0.00421055
950.806 5.56303 0.0552017 1.8066 0.00465606
951.552 5.56152 0.0513821 1.80646 0.00431973
952.297 5.55901 0.0425181 1.80624 0.00353666
953.042 5.55613 0.046337 1.80599 0.00387876
953.788 5.55282 0.0579947 1.80571 0.00491804
954.533 5.55426 0.0507575 1.80583 0.00427428
955.278 5.55826 0.0303604 1.80618 0.00246094
956.024 5.55413 0.0279518 1.80581 0.00225025
956.769 5.54455 0.0384698 1.80497 0.00319259
957.514 5.54089 0.0406654 1.80465 0.00339166
958.26 5.54183 0.0366714 1.80473 0.00303578
959.005 5.54317 0.0334189 1.80485 0.00274577
959.75 5.54483 0.0307665 1.805 0.00250911
960.496 5.54376 0.0377618 1.80492 0.00313308
961.241 5.53989 0.052835 1.80459 0.00447957
961.986 5.53984 0.0591423 1.8046 0.00504212
962.732 5.5436 0.0578195 1.80493 0.00492044
963.477 5.54476 0.0564215 1.80504 0.00479524
964.222 5.54354 0.0549815 1.80493 0.00466904
964.968 5.54385 0.0499665 1.80496 0.00422284
965.713 5.54547 0.0415476 1.8051 0.00347258
966.458 5.54329 0.0397584 1.80491 0.00331571
967.204 5.53766 0.0442103 1.80441 0.00371777
967.949 5.53076 0.0484756 1.8038 0.00410542
968.694 5.52273 0.0525164 1.80309 0.00447538
969.44 5.52015 0.0519142 1.80287 0.00442483
970.185 5.52267 0.046952 1.80309 0.0039789
970.93 5.51912 0.0447511 1.80277 0.00378589
971.676 5.51003 0.0451867 1.80196 0.00383395
972.421 5.50488 0.0432945 1.8015 0.00366943
973.166 5.50323 0.0392847 1.80136 0.00331128
973.912 5.50325 0.0377071 1.80136 0.00317008
974.657 5.50483 0.0383197 1.80151 0.00322438
975.402 5.50624 0.038579 1.80164 0.00324707
976.148 5.50749 0.0385236 1.80175 0.00324161
976.893 5.5074 0.0384476 1.80175 0.00323539
977.638 5.50618 0.0383549 1.80164 0.00322858
978.384 5.50563 0.0374855 1.80159 0.00315149
979.129 5.50562 0.0359914 1.8016 0.00301787
979.874 5.50651 0.0361601 1.80168 0.00303286
980.62 5.50809 0.0376005 1.80183 0.00316144
981.365 5.50279 0.0392783 1.80135 0.00331689
982.11 5.49281 0.0410257 1.80046 0.00348297
982.856 5.48727 0.0430704 1.79997 0.00367259
983.601 5.48452 0.0453326 1.79972 0.00387965
984.346 5.47999 0.0445662 1.79932 0.00381526
985.092 5.47444 0.042055 1.79882 0.00359392
985.837 5.47262 0.0378213 1.79865 0.00321311
986.583 5.47275 0.0326194 1.79866 0.00274302
987.328 5.47267 0.032923 1.79866 0.00277103
988.073 5.47249 0.0359099 1.79865 0.00304183
988.818 5.47426 0.039914 1.79882 0.00340304
989.564 5.47684 0.0444161 1.79906 0.00380821
990.309 5.47868 0.0480886 1.79923 0.00413874
991.055 5.48024 0.0514645 1.79938 0.00444253
991.8 5.47999 0.0482147 1.79935 0.00414983
992.545 5.47911 0.0429022 1.79927 0.00367137
993.291 5.47945 0.0426619 1.79931 0.00364986
994.036 5.4801 0.04373 1.79937 0.00374623
994.781 5.48031 0.0430985 1.79939 0.0036895
995.527 5.48042 0.0421204 1.7994 0.00360157
996.272 5.47899 0.0400246 1.79928 0.00341401
997.017 5.47732 0.037782 1.79913 0.00321324
997.763 5.47295 0.0354351 1.79873 0.00300492
998.508 5.46836 0.0331345 1.79832 0.00280053
999.253 5.4709 0.0451546 1.79856 0.00388701
999.999 5.47334 0.058088 1.7988 0.00505498
