255.408 1.2255 0.549368 1.14255 0.248987
256.154 1.2445 0.549413 1.15093 0.246791
256.899 1.26286 0.548964 1.1589 0.244477
257.644 1.24858 0.548145 1.15244 0.245791
258.39 1.22882 0.546734 1.14344 0.247477
259.135 1.24958 0.557245 1.15381 0.249727
259.88 1.28443 0.569306 1.1704 0.250934
260.626 1.29251 0.567842 1.17367 0.24938
261.371 1.28378 0.558762 1.16876 0.246482
262.116 1.28195 0.551633 1.16708 0.243615
262.862 1.28744 0.546951 1.16888 0.240982
263.607 1.29092 0.543591 1.16995 0.239159
264.353 1.2907 0.542635 1.16969 0.238794
265.098 1.29293 0.542618 1.17059 0.238566
265.843 1.30419 0.545889 1.17577 0.238762
266.589 1.31344 0.547996 1.17992 0.238677
267.334 1.3007 0.54001 1.1735 0.236659
268.079 1.28811 0.531478 1.16705 0.23435
268.825 1.31094 0.54901 1.17879 0.239474
269.57 1.33658 0.565831 1.19155 0.243855
270.315 1.33251 0.553111 1.18836 0.238925
271.061 1.32268 0.533746 1.18201 0.231734
271.806 1.32071 0.525438 1.18024 0.228404
272.551 1.32201 0.522342 1.18043 0.226966
273.297 1.32651 0.519631 1.18203 0.225366
274.042 1.33351 0.51721 1.18473 0.223642
274.787 1.33724 0.51738 1.18629 0.223364
275.533 1.3366 0.521184 1.18636 0.225085
276.278 1.33481 0.520371 1.18546 0.22495
277.023 1.33038 0.507942 1.18226 0.220103
277.769 1.32917 0.498343 1.18075 0.216129
278.514 1.34355 0.503989 1.18742 0.217166
279.259 1.35742 0.508765 1.19375 0.217866
280.005 1.35075 0.500928 1.19011 0.215218
280.75 1.3443 0.492911 1.18654 0.21245
281.495 1.33727 0.484129 1.18266 0.209386
282.241 1.33041 0.475063 1.17882 0.206157
282.986 1.33237 0.47387 1.17952 0.205489
283.731 1.33714 0.475234 1.18166 0.205661
284.477 1.33373 0.468873 1.17957 0.203265
285.222 1.32566 0.45757 1.17504 0.199142
285.967 1.32522 0.451715 1.17429 0.196674
286.713 1.33237 0.451756 1.17735 0.196087
287.458 1.33648 0.450849 1.17901 0.195362
288.203 1.33518 0.448337 1.1782 0.194416
288.949 1.33382 0.444681 1.17727 0.192982
289.694 1.33226 0.437017 1.17591 0.189829
290.439 1.33127 0.429768 1.17485 0.186802
291.185 1.33468 0.426564 1.17602 0.185158
291.93 1.33804 0.423404 1.17719 0.183542
292.675 1.32789 0.41018 1.17171 0.178658
293.421 1.31771 0.395909 1.16614 0.173267
294.166 1.3138 0.391303 1.16405 0.171576
294.911 1.3112 0.38888 1.16271 0.170732
295.657 1.30718 0.381601 1.16038 0.167863
296.402 1.30275 0.372003 1.1577 0.163992
297.147 1.30052 0.362692 1.15603 0.160072
297.893 1.30005 0.353742 1.15518 0.156178
298.638 1.2972 0.347813 1.15349 0.153774
299.383 1.29071 0.345939 1.15048 0.153402
300.129 1.2834 0.342137 1.14696 0.152225
300.874 1.27423 0.333407 1.14228 0.148963
301.619 1.2658 0.324827 1.13794 0.145688
302.365 1.26065 0.319206 1.13525 0.143507
303.11 1.25555 0.313391 1.13258 0.141224
303.855 1.24729 0.303237 1.12822 0.137162
304.601 1.23932 0.292705 1.12396 0.132877
305.346 1.22675 0.287607 1.11793 0.131298
306.091 1.21326 0.28285 1.11148 0.129904
306.837 1.19856 0.272959 1.10414 0.126184
307.582 1.18361 0.260571 1.09652 0.121261
308.327 1.17189 0.257634 1.0909 0.120517
309.073 1.16196 0.261259 1.08643 0.122747
309.818 1.15041 0.257415 1.08078 0.121557
310.563 1.13747 0.24466 1.07398 0.116197
311.309 1.1255 0.235325 1.06781 0.112354
312.054 1.11485 0.233779 1.06264 0.112136
312.799 1.10224 0.231982 1.05648 0.111886
313.545 1.08243 0.229482 1.04677 0.111635
314.29 1.06205 0.226194 1.03666 0.11101
315.035 1.04453 0.218373 1.02767 0.107988
315.781 1.02662 0.209786 1.01839 0.104547
316.526 1.00795 0.202664 1.00873 0.101811
317.271 0.98873 0.194962 0.998715 0.0987505
318.017 0.96566 0.187919 0.986686 0.0961234
318.762 0.940828 0.180317 0.973618 0.0932114
319.507 0.915438 0.175833 0.96025 0.0918707
320.253 0.889058 0.172823 0.946275 0.0913014
320.998 0.863314 0.1695 0.932472 0.0905109
321.743 0.838151 0.165879 0.91882 0.0895045
322.489 0.81251 0.162365 0.904765 0.0885374
323.234 0.786742 0.159369 0.890506 0.0878245
323.979 0.759947 0.156612 0.875525 0.0872508
324.725 0.732303 0.155476 0.859947 0.0875955
325.47 0.703293 0.154337 0.843399 0.0879798
326.215 0.672613 0.154975 0.825736 0.0894485
326.961 0.640332 0.155481 0.806884 0.0909191
327.706 0.607433 0.159842 0.787541 0.094739
328.451 0.572772 0.1645 0.766863 0.0989005
329.197 0.539988 0.171341 0.747122 0.104433
329.942 0.506214 0.179012 0.726526 0.110671
330.687 0.47168 0.187781 0.705208 0.11781
331.433 0.435796 0.197445 0.68276 0.125794
332.178 0.40038 0.210598 0.660486 0.136273
332.923 0.365026 0.226838 0.638153 0.149113
333.669 0.329186 0.243833 0.615282 0.16288
334.414 0.293139 0.261436 0.592055 0.177498
335.159 0.257595 0.280018 0.569004 0.193202
335.905 0.225179 0.298947 0.54797 0.209333
336.65 0.192583 0.318464 0.526708 0.226345
337.395 0.163138 0.335636 0.507334 0.241772
338.141 0.132781 0.353896 0.48729 0.258485
338.886 0.100792 0.373786 0.466115 0.27704
339.631 0.0678243 0.394978 0.44426 0.297206
340.377 0.0311404 0.418452 0.419789 0.320222
341.122 -0.00706006 0.443717 0.394299 0.345577
341.867 -0.0434214 0.467607 0.369921 0.37032
342.613 -0.0800202 0.492136 0.345387 0.396356
343.358 -0.111147 0.510955 0.32409 0.41743
344.103 -0.139346 0.526502 0.304424 0.435731
344.849 -0.174426 0.544293 0.279443 0.457828
345.594 -0.216949 0.564682 0.2486 0.484498
346.339 -0.261525 0.589029 0.21669 0.51602
347.085 -0.308416 0.619804 0.184292 0.554951
347.83 -0.357275 0.653097 0.150889 0.598185
348.575 -0.40863 0.689644 0.116385 0.646868
349.321 -0.461965 0.726508 0.0804222 0.698524
350.066 -0.517853 0.741255 0.0338749 0.732483
350.811 -0.576478 0.756673 -0.0160143 0.769709
351.557 -0.624764 0.795402 -0.046724 0.827326
352.302 -0.673907 0.837727 -0.0758582 0.891045
353.047 -0.743594 0.877407 -0.12605 0.964976
353.793 -0.821113 0.919282 -0.182827 1.04978
354.538 -0.909114 0.981938 -0.23715 1.16879
355.283 -1.00454 1.0597 -0.285158 1.31768
356.029 -1.08927 1.12991 -0.321082 1.45963
356.774 -1.165 1.1928 -0.347375 1.59347
357.519 -1.24271 1.25117 -0.374159 1.73098
358.265 -1.32254 1.30001 -0.407495 1.86762
359.01 -1.40596 1.35683 -0.429398 2.0247
359.755 -1.49265 1.42975 -0.42433 2.21073
360.501 -1.58561 1.51852 -0.387054 2.42779
361.246 -1.69566 1.67508 -0.229292 2.72876
361.991 -1.80691 1.85091 0.0082728 3.0194
362.737 -1.92405 2.05211 0.334004 3.28139
363.482 -2.03966 2.28004 0.737281 3.46838
364.227 -2.13836 2.47696 1.08866 3.56054
364.973 -2.23309 2.68671 1.44365 3.58338
365.718 -2.35381 2.87182 1.76204 3.60691
366.463 -2.48943 3.05994 2.07737 3.60002
367.209 -2.56675 3.29681 2.35525 3.46134
367.954 -2.59095 3.57197 2.56825 3.24637
368.699 -2.62852 3.91735 2.78176 3.00152
369.445 -2.67234 4.36115 2.98136 2.71954
370.19 -2.67264 4.86645 3.11541 2.43323
370.935 -2.6102 5.44505 3.19511 2.1544
371.681 -2.46326 6.04398 3.22563 1.91208
372.426 -2.26107 6.53646 3.22308 1.73971
373.171 -1.99233 7.02789 3.2086 1.58732
373.917 -1.82613 7.39227 3.20918 1.49272
374.662 -1.61928 7.76389 3.2044 1.40295
375.407 -1.26579 8.22122 3.18646 1.29591
376.153 -0.824868 8.66552 3.16268 1.19592
376.898 0.0402329 9.11367 3.10291 1.07054
377.643 1.10318 9.36852 3.03465 0.955295
378.389 2.24872 9.35976 2.96477 0.853355
379.134 3.35453 9.07309 2.89619 0.764851
379.879 4.16947 8.6324 2.83928 0.701072
380.625 4.73255 8.15962 2.79241 0.654667
381.37 5.18647 7.69604 2.75242 0.613316
382.116 5.5583 7.28228 2.72068 0.57618
382.861 5.8467 6.90689 2.69422 0.544519
383.606 6.057 6.68031 2.68074 0.521707
384.352 6.24729 6.40278 2.66384 0.498405
385.097 6.39323 5.8466 2.62444 0.466941
385.842 6.4683 5.33013 2.58706 0.438419
386.587 6.53322 4.73477 2.54482 0.402007
387.333 6.52484 4.2001 2.50478 0.36955
388.078 6.42709 3.75661 2.46613 0.345434
388.824 6.30188 3.37599 2.42976 0.324491
389.569 6.20156 3.06407 2.40007 0.304793
390.314 6.10487 2.79344 2.3735 0.28649
391.06 6.03787 2.603 2.35504 0.272528
391.805 5.99297 2.4616 2.34196 0.26133
392.55 5.92619 2.32749 2.3271 0.251684
393.296 5.83691 2.20209 2.31022 0.243756
394.041 5.74268 2.08056 2.2928 0.235974
394.786 5.63663 1.95734 2.27363 0.228076
395.532 5.53477 1.83351 2.2546 0.219208
396.277 5.43484 1.67162 2.23347 0.204694
397.022 5.33413 1.52794 2.21309 0.191553
397.768 5.21196 1.4245 2.19159 0.184054
398.513 5.09707 1.33187 2.17117 0.177061
399.258 5.02079 1.25226 2.15657 0.169535
400.004 4.95 1.17926 2.14293 0.16234
400.749 4.88934 1.12806 2.13168 0.157646
401.494 4.83293 1.08462 2.12131 0.153756
402.24 4.78146 1.04897 2.11194 0.150709
402.985 4.73332 1.01805 2.1032 0.148147
403.73 4.68356 0.973589 2.09353 0.143381
404.476 4.63182 0.917624 2.08297 0.13665
405.221 4.57367 0.866926 2.0715 0.130821
405.966 4.50534 0.822559 2.05843 0.126237
406.712 4.4359 0.780002 2.04507 0.121792
407.457 4.35689 0.736123 2.02976 0.117256
408.202 4.28471 0.696555 2.01557 0.112998
408.948 4.23693 0.663869 2.00588 0.108917
409.693 4.19075 0.633253 1.99647 0.105033
410.438 4.14557 0.608722 1.98736 0.102135
411.184 4.102 0.585771 1.97852 0.099391
411.929 4.06621 0.570124 1.97132 0.0977093
412.674 4.03278 0.556373 1.96458 0.0962705
413.42 4.00352 0.539735 1.9585 0.0940929
414.165 3.97634 0.522306 1.95276 0.0916477
414.91 3.94142 0.503447 1.94541 0.0891101
415.656 3.90126 0.483986 1.93693 0.0865469
416.401 3.86219 0.463336 1.92855 0.0836364
417.146 3.82395 0.440918 1.92022 0.080259
417.892 3.78443 0.421477 1.91163 0.0774496
418.637 3.74041 0.406992 1.90215 0.0757295
419.382 3.69971 0.39341 1.89329 0.0740517
420.128 3.66785 0.380746 1.88627 0.0722827
420.873 3.63715 0.368771 1.87945 0.0705904
421.618 3.6118 0.35964 1.87383 0.0693428
422.364 3.58715 0.350878 1.86832 0.0681333
423.109 3.56816 0.340384 1.86399 0.0663745
423.854 3.55017 0.330005 1.85987 0.0645928
424.6 3.52958 0.323228 1.85523 0.0636557
425.345 3.50854 0.317723 1.85049 0.0629993
426.09 3.48521 0.30856 1.84512 0.0615555
426.836 3.46081 0.297501 1.83943 0.0596788
427.581 3.43609 0.288019 1.83367 0.0581388
428.326 3.41106 0.280072 1.82783 0.0569326
429.072 3.38546 0.271572 1.8218 0.0555861
429.817 3.35824 0.261845 1.81532 0.0539599
430.562 3.33234 0.253364 1.80914 0.0525685
431.308 3.3087 0.247901 1.80351 0.0518224
432.053 3.2863 0.242797 1.79815 0.0511209
432.798 3.2702 0.239492 1.79431 0.050711
433.544 3.25447 0.236274 1.79054 0.0503075
434.289 3.23997 0.229015 1.78697 0.0488899
435.034 3.2258 0.221773 1.78347 0.047455
435.78 3.2114 0.21684 1.77994 0.0465759
436.525 3.19718 0.212539 1.77645 0.0458388
437.27 3.18297 0.208161 1.77295 0.0450735
438.016 3.16894 0.203823 1.76948 0.0443058
438.761 3.15297 0.199434 1.76552 0.0435517
439.506 3.13556 0.195048 1.76116 0.042814
440.252 3.11834 0.190733 1.75684 0.0420799
440.997 3.10122 0.18645 1.75252 0.0413417
441.742 3.08451 0.182212 1.74829 0.040597
442.488 3.06814 0.177831 1.74411 0.0397997
443.233 3.05222 0.173642 1.74004 0.0390337
443.978 3.03677 0.169754 1.73607 0.0383279
444.724 3.02173 0.166014 1.73219 0.0376446
445.469 3.01228 0.163955 1.72978 0.0373006
446.214 3.00298 0.16194 1.7274 0.0369625
446.96 2.99283 0.15788 1.72476 0.0360993
447.705 2.98269 0.153632 1.7221 0.0351798
448.45 2.97192 0.149704 1.71929 0.0343469
449.196 2.96107 0.14597 1.71644 0.0335591
449.941 2.95007 0.143554 1.71356 0.0331166
450.686 2.93905 0.141988 1.71068 0.032896
451.432 2.9277 0.139949 1.70769 0.0325508
452.177 2.91598 0.137398 1.70459 0.0320699
452.922 2.90419 0.134747 1.70145 0.0315579
453.668 2.89202 0.131831 1.6982 0.0309744
454.413 2.88046 0.129239 1.6951 0.0304643
455.158 2.87048 0.127623 1.69244 0.0301929
455.904 2.86065 0.126069 1.6898 0.0299334
456.649 2.85039 0.124893 1.68705 0.0297803
457.394 2.84035 0.123739 1.68435 0.0296278
458.14 2.83216 0.120934 1.68212 0.028995
458.885 2.82423 0.118081 1.67996 0.0283412
459.63 2.81748 0.114945 1.67812 0.0275898
460.376 2.8111 0.111792 1.67637 0.0268258
461.121 2.80314 0.110269 1.67421 0.0265289
461.866 2.79449 0.109562 1.67185 0.026465
462.612 2.78727 0.10868 1.66989 0.0263338
463.357 2.78128 0.107651 1.66826 0.026145
464.102 2.77389 0.105929 1.66623 0.0257776
464.848 2.76438 0.103178 1.66359 0.025144
465.593 2.7556 0.100929 1.66115 0.0246388
466.338 2.74849 0.099906 1.65918 0.0244564
467.084 2.74156 0.0988288 1.65726 0.0242553
467.829 2.73514 0.097262 1.65548 0.0239079
468.574 2.72882 0.0957306 1.65372 0.0235675
469.32 2.72029 0.0942388 1.65133 0.0232607
470.065 2.71191 0.0927871 1.64898 0.0229612
470.81 2.70431 0.0922221 1.64685 0.0229046
471.556 2.69695 0.0918026 1.64479 0.0228861
472.301 2.69024 0.0908305 1.6429 0.022701
473.046 2.68383 0.0896673 1.64109 0.0224561
473.792 2.67812 0.0884339 1.63948 0.0221821
474.537 2.67289 0.0871595 1.63801 0.0218897
475.282 2.66738 0.0859816 1.63645 0.0216265
476.028 2.66155 0.0849123 1.63479 0.0213968
476.773 2.65544 0.0840003 1.63306 0.0212141
477.518 2.64867 0.0833893 1.63113 0.0211246
478.264 2.64214 0.0826271 1.62926 0.0209875
479.009 2.63626 0.0811883 1.62757 0.020645
479.754 2.63051 0.0797828 1.62592 0.0203091
480.5 2.62573 0.0783903 1.62455 0.019966
481.245 2.621 0.0770268 1.62319 0.0196293
481.99 2.61521 0.0767393 1.62153 0.019618
482.736 2.60941 0.0765441 1.61986 0.0196335
483.481 2.60329 0.0757734 1.61809 0.0194815
484.226 2.59716 0.074862 1.61631 0.0192869
484.972 2.59221 0.0741563 1.61488 0.0191411
485.717 2.58791 0.0735619 1.61364 0.0190214
486.462 2.58346 0.0725506 1.61235 0.0187784
487.208 2.57889 0.0711639 1.61102 0.0184237
487.953 2.57412 0.0701874 1.60963 0.0181918
488.698 2.569 0.0698395 1.60813 0.0181496
489.444 2.56426 0.0693673 1.60675 0.0180663
490.189 2.56047 0.0685188 1.60565 0.0178613
490.934 2.55655 0.0677297 1.6045 0.0176744
491.68 2.5513 0.0673036 1.60296 0.0176073
492.425 2.54613 0.0668823 1.60144 0.0175404
493.17 2.5414 0.0659722 1.60004 0.0173217
493.916 2.53674 0.0650706 1.59867 0.0171039
494.661 2.53246 0.0643181 1.59741 0.0169271
495.406 2.52829 0.063603 1.59618 0.0167599
496.152 2.52354 0.0623779 1.59476 0.0164421
496.897 2.5186 0.0609735 1.59329 0.0160701
497.642 2.51405 0.0604384 1.59194 0.0159577
498.388 2.5098 0.060516 1.59068 0.016029
499.133 2.50586 0.0607287 1.58951 0.0161389
499.878 2.50228 0.0611095 1.58846 0.0162972
500.624 2.49876 0.0609026 1.58742 0.0162755
501.369 2.49536 0.0594238 1.5864 0.0158634
502.115 2.49183 0.0581166 1.58534 0.0155038
502.86 2.48753 0.0575013 1.58405 0.0153611
503.605 2.48336 0.056888 1.5828 0.0152174
504.35 2.48088 0.0560674 1.58206 0.0149965
505.096 2.47842 0.0552583 1.58133 0.0147785
505.841 2.4744 0.055008 1.58013 0.0147436
506.587 2.47028 0.0548143 1.57889 0.0147266
507.332 2.46682 0.0545466 1.57785 0.0146815
508.077 2.46357 0.0542598 1.57687 0.0146286
508.823 2.46014 0.0536447 1.57584 0.0144751
509.568 2.45663 0.0528554 1.57478 0.0142677
510.313 2.45317 0.0523594 1.57373 0.0141502
511.059 2.44976 0.0521412 1.5727 0.0141182
511.804 2.44588 0.0515233 1.57152 0.0139648
512.549 2.44123 0.0502499 1.5701 0.0136122
513.294 2.4371 0.049346 1.56883 0.0133698
514.04 2.43446 0.0495305 1.56804 0.0134563
514.785 2.43172 0.0497098 1.56721 0.0135419
515.531 2.42789 0.0498848 1.56604 0.0136336
516.276 2.42412 0.0500503 1.56489 0.0137219
517.021 2.42203 0.0490188 1.56426 0.0134234
517.767 2.42001 0.0479633 1.56365 0.0131163
518.512 2.41697 0.0465229 1.56271 0.0126946
519.257 2.41375 0.045035 1.56172 0.012258
520.003 2.41146 0.0447245 1.56102 0.0121849
520.748 2.40956 0.0449049 1.56046 0.0122636
521.493 2.40687 0.0456752 1.55964 0.0125332
522.239 2.40359 0.0468728 1.55864 0.0129418
522.984 2.40079 0.0472283 1.55779 0.0130819
523.729 2.39861 0.0465197 1.55712 0.0128819
524.475 2.39624 0.0457502 1.55639 0.0126635
525.22 2.39343 0.0448289 1.55552 0.0123993
525.965 2.39049 0.0439931 1.55461 0.0121624
526.711 2.38684 0.0435166 1.55348 0.0120431
527.456 2.38329 0.0430563 1.55237 0.011928
528.201 2.38097 0.0428305 1.55166 0.0118794
528.947 2.37868 0.042607 1.55096 0.0118312
529.692 2.37569 0.0416281 1.55002 0.0115466
530.437 2.37264 0.0405834 1.54907 0.0112405
531.183 2.36942 0.0409905 1.54807 0.0113979
531.928 2.36617 0.0418239 1.54706 0.0116918
532.673 2.36366 0.0417979 1.54629 0.0117069
533.419 2.36159 0.0412788 1.54565 0.0115617
534.164 2.359 0.0404869 1.54484 0.0113318
534.909 2.3559 0.0394279 1.54386 0.0110187
535.655 2.3533 0.0387589 1.54305 0.0108271
536.4 2.35153 0.0387488 1.5425 0.0108419
537.145 2.34962 0.0387487 1.54191 0.0108607
537.891 2.34719 0.0387843 1.54116 0.0108937
538.636 2.34482 0.0387974 1.54042 0.0109191
539.381 2.34277 0.0386141 1.53978 0.0108794
540.127 2.34074 0.0384324 1.53915 0.01084
540.872 2.33871 0.0385799 1.53852 0.0109065
541.617 2.33669 0.038738 1.53789 0.0109764
542.363 2.33522 0.0378082 1.53743 0.0106921
543.108 2.33387 0.0366567 1.53701 0.0103352
543.853 2.33136 0.0361171 1.53622 0.0101817
544.599 2.32836 0.0358536 1.53527 0.0101198
545.344 2.32602 0.0357701 1.53453 0.0101124
546.089 2.3242 0.0358274 1.53397 0.0101477
546.835 2.3222 0.0357365 1.53334 0.0101359
547.58 2.31996 0.0354459 1.53263 0.0100605
548.325 2.31751 0.0353159 1.53186 0.0100381
549.071 2.31452 0.035572 1.53091 0.0101438
549.816 2.31167 0.0357097 1.53 0.0102104
550.561 2.30943 0.0352413 1.52929 0.0100765
551.307 2.30722 0.0347743 1.52859 0.00994255
552.052 2.30541 0.0339466 1.52802 0.00968874
552.797 2.30361 0.0331317 1.52744 0.00943865
553.543 2.30148 0.0328177 1.52677 0.0093533
554.288 2.29932 0.0325724 1.52608 0.00929028
555.033 2.29729 0.0329082 1.52544 0.00941641
555.779 2.29533 0.0334289 1.52482 0.0096028
556.524 2.29333 0.0331309 1.52418 0.00952154
557.269 2.29132 0.0323349 1.52354 0.00927703
558.015 2.28944 0.0322168 1.52294 0.00925368
558.76 2.28769 0.0328139 1.52239 0.00946414
559.505 2.28608 0.0329528 1.52188 0.00952373
560.251 2.28471 0.0322463 1.52145 0.00930461
560.996 2.28331 0.031602 1.52101 0.00910581
561.741 2.28178 0.0311648 1.52052 0.0089754
562.487 2.28027 0.0307767 1.52004 0.00886082
563.232 2.27891 0.0309133 1.51961 0.00891801
563.977 2.27755 0.0310474 1.51918 0.00897432
564.723 2.27546 0.0314007 1.51851 0.00910627
565.468 2.27335 0.0317584 1.51784 0.00923985
566.213 2.27164 0.0313434 1.51729 0.0091168
566.959 2.27005 0.0307537 1.51678 0.00893539
567.704 2.26859 0.0303728 1.51631 0.00882202
568.449 2.26719 0.0300932 1.51587 0.00874161
569.195 2.26551 0.0297125 1.51533 0.00862899
569.94 2.26359 0.0292493 1.51471 0.00848998
570.685 2.26151 0.0286492 1.51404 0.00830605
571.431 2.25919 0.0278503 1.51328 0.008057
572.176 2.25716 0.0275775 1.51263 0.00798065
572.921 2.25585 0.0286787 1.51221 0.00835665
573.667 2.25442 0.0295699 1.51176 0.00866379
574.412 2.25228 0.0292124 1.51107 0.00855989
575.157 2.25017 0.028861 1.51038 0.00845768
575.903 2.24791 0.0283 1.50964 0.0082862
576.648 2.24567 0.0277504 1.50891 0.00811812
577.393 2.24437 0.027467 1.5085 0.00803435
578.139 2.24322 0.027226 1.50813 0.00796399
578.884 2.24205 0.0270624 1.50775 0.00791936
579.629 2.24088 0.0269277 1.50738 0.00788426
580.375 2.23932 0.0270097 1.50687 0.007923
581.12 2.23749 0.0272329 1.50628 0.0080099
581.865 2.23603 0.0274897 1.50581 0.00810655
582.611 2.23498 0.027788 1.50548 0.00821539
583.356 2.23387 0.0280399 1.50512 0.00830905
584.101 2.23263 0.0282016 1.50472 0.0083731
584.847 2.2313 0.0281498 1.5043 0.00836613
585.592 2.22961 0.0272257 1.50374 0.00806882
586.337 2.22797 0.0263443 1.5032 0.00778517
587.083 2.22707 0.0258946 1.50292 0.00764283
587.828 2.22617 0.0254492 1.50263 0.00750179
588.573 2.22487 0.0251993 1.50221 0.00742767
589.319 2.22355 0.0249681 1.50178 0.00735982
590.064 2.22204 0.0248675 1.50129 0.00733637
590.809 2.22049 0.0248015 1.50078 0.00732462
591.555 2.21893 0.0249274 1.50027 0.00737731
592.3 2.21737 0.0251504 1.49976 0.00746266
593.045 2.21595 0.0253892 1.4993 0.00755275
593.791 2.21467 0.0256425 1.49889 0.00764725
594.536 2.21333 0.0255652 1.49845 0.00763077
595.281 2.2119 0.0249705 1.49798 0.00744045
596.027 2.2103 0.0245147 1.49745 0.00729726
596.772 2.2082 0.0244513 1.49676 0.00728806
597.517 2.20629 0.0243468 1.49613 0.00726415
598.263 2.20567 0.0239286 1.49593 0.00712955
599.008 2.20505 0.0235134 1.49573 0.00699586
599.753 2.20355 0.0234358 1.49524 0.00697922
600.499 2.20204 0.0233654 1.49475 0.00696494
601.244 2.20046 0.0235794 1.49423 0.00704703
601.989 2.19887 0.0238396 1.4937 0.0071448
602.735 2.19763 0.0237089 1.4933 0.00710913
603.48 2.19653 0.0234233 1.49294 0.00702042
604.225 2.19553 0.023539 1.49261 0.00706714
604.971 2.19459 0.0239451 1.49231 0.00721196
605.716 2.19346 0.0238419 1.49194 0.007185
606.461 2.19209 0.0231055 1.49148 0.00694423
607.207 2.19086 0.022663 1.49108 0.0068024
607.952 2.18994 0.0228638 1.49078 0.0068775
608.697 2.18912 0.0228778 1.49052 0.00688892
609.443 2.18877 0.0219993 1.49041 0.00659573
610.188 2.18838 0.0211729 1.49028 0.00632026
610.933 2.18683 0.0216402 1.48977 0.00648778
611.679 2.1853 0.0220971 1.48927 0.0066519
612.424 2.18395 0.0220938 1.48882 0.00665903
613.169 2.18263 0.0220404 1.48838 0.00664901
613.915 2.18196 0.0223624 1.48817 0.00676443
614.66 2.18148 0.0227969 1.48802 0.00691745
615.405 2.18051 0.0224743 1.4877 0.00681458
616.151 2.17927 0.0217197 1.48729 0.00656547
616.896 2.17787 0.0214323 1.48682 0.00647577
617.641 2.17633 0.0216071 1.48631 0.00654397
618.387 2.17486 0.0216056 1.48582 0.00655181
619.132 2.1735 0.0213019 1.48537 0.00645618
619.878 2.17239 0.0210487 1.485 0.00637683
620.623 2.17206 0.0209542 1.4849 0.006349
621.368 2.17163 0.0208902 1.48476 0.00633191
622.113 2.17006 0.0211237 1.48424 0.00642009
622.859 2.16852 0.021351 1.48373 0.00650617
623.604 2.1669 0.0211112 1.48318 0.00643282
624.349 2.16529 0.0208545 1.48265 0.0063535
625.095 2.16446 0.0204022 1.48237 0.00620466
625.84 2.16379 0.0199108 1.48215 0.00604176
626.586 2.16298 0.0198039 1.48189 0.00601088
627.331 2.16211 0.0198708 1.4816 0.00603967
628.076 2.16077 0.0198335 1.48115 0.00603421
628.822 2.15906 0.019713 1.48058 0.00600138
629.567 2.15774 0.0197971 1.48013 0.0060374
630.312 2.15695 0.0201635 1.47987 0.00616868
631.057 2.1563 0.0204054 1.47966 0.00625679
631.803 2.15601 0.0203381 1.47957 0.00623766
632.548 2.1556 0.0202378 1.47944 0.00620754
633.294 2.15445 0.0199447 1.47906 0.0061135
634.039 2.15331 0.0196593 1.47868 0.00602196
634.784 2.15222 0.0196915 1.47831 0.00603936
635.53 2.15113 0.0197225 1.47795 0.00605633
636.275 2.14999 0.0197103 1.47757 0.00605858
637.02 2.14885 0.0196917 1.47719 0.0060586
637.766 2.14805 0.0193854 1.47692 0.00595852
638.511 2.14737 0.018982 1.4767 0.00582455
639.256 2.14668 0.018943 1.47647 0.00581604
640.002 2.14597 0.0191375 1.47624 0.00588798
640.747 2.145 0.01907 1.47591 0.00587044
641.492 2.14374 0.0187144 1.47549 0.00575443
642.238 2.14279 0.0185329 1.47517 0.00569741
642.983 2.14245 0.0186853 1.47506 0.00575372
643.728 2.14212 0.0188146 1.47496 0.00580204
644.474 2.14179 0.0188544 1.47486 0.00581947
645.219 2.14139 0.0188978 1.47473 0.00583834
645.964 2.13993 0.0189932 1.47423 0.00587829
646.71 2.13849 0.0190852 1.47374 0.00591705
647.455 2.13726 0.0188985 1.47333 0.00585882
648.2 2.13606 0.018694 1.47293 0.00579434
648.946 2.13544 0.0181663 1.47272 0.00561635
649.691 2.13496 0.0175594 1.47256 0.00541045
650.436 2.13433 0.0171747 1.47235 0.0052817
651.182 2.13363 0.0169045 1.47212 0.00519272
651.927 2.13244 0.0170433 1.47172 0.00524655
652.672 2.13081 0.0175375 1.47116 0.00542469
653.418 2.12949 0.0178731 1.47072 0.00554713
654.163 2.12863 0.017978 1.47043 0.00558843
654.908 2.12784 0.0180114 1.47016 0.00560472
655.654 2.12723 0.0178427 1.46996 0.00555043
656.399 2.12664 0.0176477 1.46977 0.00548694
657.144 2.12616 0.0172551 1.46961 0.00535457
657.89 2.12567 0.0168655 1.46945 0.00522316
658.635 2.12385 0.0170008 1.46883 0.00527744
659.38 2.12205 0.0171372 1.46821 0.00533206
660.126 2.12126 0.0171361 1.46794 0.00533623
660.871 2.12064 0.0171118 1.46774 0.00533184
661.616 2.12022 0.0171572 1.4676 0.00535111
662.362 2.11988 0.0172297 1.46749 0.00537958
663.107 2.11937 0.0174474 1.46732 0.00545899
663.852 2.11874 0.0177666 1.46711 0.00557406
664.598 2.118 0.0176551 1.46686 0.00553965
665.343 2.11712 0.0170222 1.46656 0.00532415
666.088 2.11616 0.0166795 1.46624 0.00520967
666.834 2.11506 0.0169529 1.46587 0.00531006
667.579 2.11415 0.0171649 1.46556 0.0053886
668.324 2.11406 0.0171184 1.46553 0.00537491
669.07 2.11396 0.017057 1.46551 0.005356
669.815 2.11369 0.0166672 1.46542 0.00522316
670.56 2.11341 0.0162792 1.46533 0.00509089
671.306 2.1121 0.0158667 1.46488 0.00495265
672.051 2.11069 0.0154601 1.4644 0.00481658
672.796 2.1096 0.0156729 1.46403 0.00489568
673.542 2.10861 0.0160578 1.46369 0.00503465
674.287 2.10801 0.0160818 1.46349 0.00504671
675.032 2.10763 0.0159067 1.46337 0.00498865
675.778 2.10733 0.0159274 1.46327 0.00499875
676.523 2.10712 0.0161382 1.4632 0.00507501
677.268 2.1067 0.0162428 1.46307 0.00511472
678.014 2.10594 0.0161691 1.46281 0.00509302
678.759 2.105 0.0160895 1.46249 0.00506963
679.504 2.10349 0.0159894 1.46197 0.00504052
680.25 2.10213 0.0158826 1.4615 0.0050086
680.995 2.10193 0.0157064 1.46144 0.0049495
681.74 2.10173 0.0155308 1.46137 0.00489058
682.486 2.10157 0.0156327 1.46133 0.00492865
683.231 2.10141 0.0157433 1.46128 0.00496975
683.976 2.10046 0.0151374 1.46095 0.00476198
684.722 2.09937 0.0144026 1.46058 0.00450926
685.467 2.09859 0.0143082 1.46031 0.00447997
686.212 2.09794 0.0144819 1.46009 0.00454428
686.958 2.09695 0.0147575 1.45975 0.00464514
687.703 2.09569 0.0151053 1.45932 0.00477196
688.448 2.09469 0.0153005 1.45898 0.00484472
689.194 2.09403 0.0153044 1.45875 0.00484962
689.939 2.09353 0.0153042 1.45859 0.00485266
690.684 2.0934 0.0152949 1.45855 0.0048516
691.43 2.0931 0.0152748 1.45845 0.00484716
692.175 2.09194 0.0152006 1.45805 0.00482574
692.92 2.09081 0.0151188 1.45766 0.00480161
693.666 2.09 0.0147833 1.45738 0.00468748
694.411 2.08919 0.0144524 1.45711 0.00457493
695.156 2.08854 0.0142144 1.45688 0.00449458
695.902 2.08791 0.0139891 1.45667 0.00441861
696.647 2.08764 0.0138388 1.45658 0.00436819
697.392 2.08748 0.0137117 1.45653 0.00432562
698.138 2.08731 0.0134396 1.45648 0.00423209
698.883 2.08714 0.0130833 1.45643 0.00410891
699.628 2.08652 0.0131902 1.45621 0.00414961
700.374 2.08545 0.0137562 1.45585 0.00435284
701.119 2.08452 0.0142475 1.45553 0.00452962
701.864 2.08382 0.0146222 1.45529 0.00466486
702.61 2.08322 0.0148658 1.45509 0.00475376
703.355 2.08292 0.0146872 1.45499 0.00469329
704.1 2.08268 0.0145527 1.45491 0.00464818
704.846 2.08305 0.0148202 1.45505 0.00474326
705.591 2.08342 0.0150897 1.45518 0.00483905
706.336 2.08232 0.0145788 1.4548 0.0046633
707.082 2.08118 0.0140501 1.45441 0.00448121
707.827 2.07994 0.013439 1.45398 0.00427016
708.572 2.07869 0.0128236 1.45354 0.0040574
709.318 2.0779 0.012712 1.45327 0.00402128
710.063 2.07732 0.0128125 1.45307 0.00405961
710.808 2.0773 0.0130681 1.45307 0.00415149
711.554 2.0777 0.0134461 1.45322 0.00428565
712.299 2.07775 0.0135173 1.45324 0.0043123
713.044 2.07732 0.0131856 1.4531 0.00419776
713.79 2.07666 0.0129847 1.45287 0.00412982
714.535 2.07545 0.0130801 1.45245 0.00416762
715.28 2.07425 0.0131928 1.45203 0.00421153
716.026 2.07298 0.0134018 1.45159 0.00428964
716.771 2.07178 0.0136005 1.45117 0.00436404
717.516 2.07156 0.0136938 1.45111 0.00439905
718.262 2.07135 0.0137867 1.45104 0.00443392
719.007 2.07183 0.0133366 1.45121 0.00427525
719.752 2.07238 0.0128231 1.45141 0.00409406
720.498 2.07175 0.0124266 1.45119 0.00395664
721.243 2.07077 0.0120717 1.45085 0.00383453
721.988 2.06982 0.0117789 1.45052 0.0037343
722.734 2.06888 0.0115223 1.4502 0.00364675
723.479 2.06805 0.0115596 1.44991 0.00366301
724.224 2.06734 0.0118734 1.44966 0.00377698
724.97 2.06684 0.0119954 1.44949 0.00382266
725.715 2.06669 0.0118085 1.44945 0.0037582
726.46 2.06652 0.0118125 1.44939 0.00376137
727.206 2.06631 0.0123979 1.44932 0.00397067
727.951 2.06606 0.0129676 1.44924 0.00417452
728.696 2.06559 0.0134315 1.44909 0.00434135
729.442 2.06513 0.0138908 1.44893 0.00450661
730.187 2.06375 0.0134656 1.44844 0.00436018
730.932 2.06237 0.0130377 1.44796 0.00421264
731.678 2.06159 0.0127576 1.44769 0.00411625
732.423 2.06091 0.0125051 1.44745 0.00402937
733.168 2.06054 0.012345 1.44733 0.00397465
733.914 2.06029 0.01222 1.44724 0.00393217
734.659 2.06017 0.0121691 1.44721 0.00391571
735.404 2.06014 0.0121689 1.4472 0.00391707
736.15 2.06002 0.0120055 1.44716 0.00386063
736.895 2.05978 0.0116531 1.44708 0.00373728
737.641 2.05929 0.0113511 1.44692 0.00363229
738.386 2.0583 0.0111504 1.44657 0.0035641
739.131 2.05739 0.01112 1.44625 0.00355628
739.876 2.05672 0.0117448 1.44602 0.003781
740.622 2.0561 0.0123343 1.44581 0.00399313
741.367 2.05615 0.0125854 1.44583 0.00408366
742.112 2.0562 0.0128369 1.44586 0.00417434
742.858 2.05626 0.0128278 1.44588 0.00417229
743.603 2.05632 0.0128027 1.44591 0.00416455
744.349 2.05582 0.0124946 1.44574 0.00405727
745.094 2.05518 0.0121261 1.44552 0.00392869
745.839 2.05436 0.0114211 1.44523 0.00368067
746.584 2.05345 0.0105742 1.44491 0.00338212
747.33 2.05261 0.0104318 1.44461 0.00333409
748.075 2.05184 0.0108378 1.44435 0.00348129
748.82 2.05132 0.0109854 1.44417 0.00353607
749.566 2.05113 0.0107941 1.4441 0.0034695
750.311 2.05112 0.0106697 1.44411 0.0034264
751.057 2.05154 0.0107011 1.44426 0.00343812
751.802 2.05177 0.0107479 1.44435 0.0034556
752.547 2.05109 0.0108671 1.44411 0.00350048
753.293 2.0504 0.0109713 1.44387 0.00354006
754.038 2.0494 0.0107838 1.44352 0.00347621
754.783 2.04841 0.0106001 1.44317 0.00341359
755.529 2.04785 0.0103835 1.44298 0.00333851
756.274 2.04732 0.0101661 1.4428 0.00326304
757.019 2.04681 0.010187 1.44262 0.00327253
757.765 2.04631 0.0102711 1.44244 0.00330455
758.51 2.04592 0.0105942 1.44231 0.00342173
759.255 2.0456 0.0110386 1.4422 0.0035821
760.001 2.04546 0.0109333 1.44216 0.0035459
760.746 2.04548 0.0103468 1.44217 0.00333764
761.491 2.04509 0.0102269 1.44204 0.00329664
762.237 2.04413 0.0107814 1.4417 0.00349745
762.982 2.04323 0.0110672 1.44138 0.00360225
763.727 2.0425 0.0106932 1.44113 0.003471
764.473 2.04179 0.0103831 1.44088 0.00336251
765.218 2.04114 0.0103945 1.44065 0.0033688
765.963 2.04051 0.0103959 1.44043 0.00337148
766.709 2.04052 0.0100588 1.44044 0.00325202
767.454 2.04053 0.00972159 1.44045 0.00313251
768.199 2.04069 0.00953076 1.44051 0.00306511
768.945 2.04086 0.00935515 1.44057 0.00300313
769.69 2.04075 0.00948476 1.44054 0.00305076
770.435 2.04055 0.00970156 1.44047 0.00312971
771.181 2.03996 0.00969824 1.44027 0.00313053
771.926 2.03917 0.00957901 1.43999 0.00309019
772.671 2.03825 0.00954091 1.43966 0.00307908
773.417 2.03721 0.00957318 1.4393 0.00309332
774.162 2.03661 0.00967545 1.43909 0.00313196
774.907 2.03664 0.00988393 1.4391 0.00320763
775.653 2.03666 0.00988864 1.43911 0.00321035
776.398 2.03663 0.00936445 1.43911 0.0030237
777.143 2.03661 0.00893238 1.4391 0.00287002
777.889 2.03666 0.00900193 1.43913 0.00289588
778.634 2.03672 0.00907509 1.43915 0.00292304
779.379 2.03663 0.0092563 1.43913 0.00298911
780.125 2.03655 0.0094372 1.4391 0.00305506
780.87 2.03548 0.00917851 1.43873 0.00296502
781.615 2.03433 0.00888309 1.43832 0.00286187
782.361 2.03334 0.00898872 1.43797 0.00290222
783.106 2.0324 0.00919727 1.43763 0.00297943
783.851 2.0321 0.00876133 1.43753 0.00282449
784.597 2.03212 0.00799981 1.43754 0.00255227
785.342 2.03207 0.00835875 1.43753 0.00268209
786.087 2.03196 0.00966588 1.4375 0.00315219
786.833 2.03195 0.0102345 1.4375 0.0033572
787.578 2.03212 0.00978307 1.43756 0.00319596
788.323 2.03209 0.00947284 1.43755 0.00308569
789.069 2.03158 0.00949809 1.43738 0.0030965
789.814 2.03095 0.00953933 1.43716 0.00311323
790.559 2.02975 0.00965393 1.43673 0.00315719
791.305 2.0286 0.00972704 1.43632 0.00318618
792.05 2.02808 0.00919838 1.43614 0.00299802
792.795 2.02755 0.0086771 1.43595 0.00281244
793.541 2.02756 0.00839539 1.43596 0.00271214
794.286 2.0276 0.00812918 1.43598 0.00261737
795.031 2.02787 0.00846823 1.43608 0.00273975
795.777 2.0282 0.00894641 1.4362 0.00291203
796.522 2.02822 0.00873888 1.43622 0.00283835
797.267 2.02812 0.00823523 1.43618 0.00265846
798.013 2.02727 0.0082311 1.43588 0.00265906
798.758 2.0259 0.00857675 1.43539 0.00278614
799.503 2.02496 0.00869229 1.43506 0.00282992
800.249 2.02451 0.00855307 1.4349 0.00278139
800.994 2.02398 0.00856875 1.43472 0.00278867
801.739 2.0233 0.00887388 1.43448 0.00290033
802.485 2.02275 0.00893644 1.43428 0.00292453
803.23 2.02264 0.00818816 1.43425 0.00265624
803.975 2.02258 0.00753619 1.43423 0.00242251
804.721 2.02301 0.00765044 1.43439 0.00246395
805.466 2.02345 0.00776606 1.43455 0.00250587
806.211 2.0232 0.00878121 1.43447 0.00287245
806.957 2.02294 0.00979676 1.43438 0.00323926
807.702 2.02218 0.00966859 1.43411 0.00319515
808.447 2.02136 0.0093855 1.43382 0.00309529
809.193 2.02071 0.00897617 1.43359 0.00294967
809.938 2.02012 0.0085326 1.43338 0.00279157
810.683 2.01968 0.00848755 1.43322 0.00277678
811.429 2.01934 0.0086569 1.4331 0.00283915
812.174 2.01905 0.00869241 1.433 0.00285319
812.919 2.01882 0.00861132 1.43292 0.00282513
813.665 2.01864 0.00841815 1.43287 0.00275657
814.41 2.01856 0.00806847 1.43284 0.00263146
815.155 2.01843 0.00783998 1.4328 0.00255008
815.901 2.0182 0.00788753 1.43272 0.00256834
816.646 2.01789 0.00796651 1.43261 0.00259805
817.391 2.01719 0.00817748 1.43236 0.00267588
818.137 2.01648 0.00835805 1.43211 0.00274279
818.882 2.01554 0.00823391 1.43177 0.00270007
819.627 2.01461 0.00811242 1.43144 0.00265826
820.373 2.01418 0.0082714 1.43129 0.00271703
821.118 2.01377 0.00843805 1.43115 0.00277856
821.863 2.01385 0.00836897 1.43118 0.00275431
822.609 2.014 0.00825955 1.43124 0.00271539
823.354 2.01417 0.00797631 1.4313 0.00261369
824.099 2.01433 0.00763182 1.43137 0.00248988
824.845 2.01444 0.00746661 1.43141 0.00243089
825.59 2.0145 0.00740564 1.43143 0.00240957
826.335 2.01452 0.00744453 1.43144 0.00242437
827.081 2.01448 0.00757419 1.43143 0.002472
827.826 2.01411 0.00768763 1.4313 0.00251421
828.571 2.01326 0.00777621 1.431 0.00254804
829.317 2.01246 0.00777826 1.43071 0.00255057
830.062 2.01173 0.00759229 1.43046 0.00248504
830.807 2.01105 0.00738414 1.43021 0.0024114
831.553 2.01055 0.00707586 1.43004 0.00230131
832.298 2.01011 0.00684196 1.42988 0.00221801
833.043 2.01018 0.00730665 1.42991 0.0023867
833.789 2.01025 0.0077727 1.42994 0.00255588
834.534 2.01014 0.00755362 1.4299 0.00247754
835.279 2.01002 0.00732455 1.42986 0.00239558
836.025 2.01013 0.00733464 1.42991 0.00239984
836.77 2.01027 0.00737792 1.42996 0.00241605
837.515 2.00996 0.00771502 1.42985 0.00253908
838.261 2.00951 0.00813317 1.4297 0.00269162
839.006 2.00893 0.00820598 1.42949 0.00271944
839.751 2.00828 0.00811073 1.42926 0.00268655
840.497 2.00766 0.00812181 1.42904 0.00269207
841.242 2.00708 0.00821251 1.42883 0.00272638
841.987 2.0068 0.00862589 1.42873 0.00287712
842.733 2.00687 0.0094201 1.42876 0.00316529
843.478 2.00671 0.00941699 1.42871 0.0031651
844.223 2.00617 0.00800082 1.42851 0.00265375
844.969 2.00571 0.00704011 1.42835 0.00230708
845.714 2.00554 0.00733246 1.42829 0.00241386
846.459 2.00534 0.00759481 1.42822 0.00250983
847.205 2.00494 0.0077003 1.42808 0.00254923
847.95 2.00458 0.00783661 1.42795 0.00259976
848.695 2.0046 0.00853022 1.42797 0.00285174
849.441 2.00462 0.00922511 1.42798 0.0031042
850.186 2.00392 0.00895389 1.42773 0.00300758
850.931 2.00319 0.00864396 1.42747 0.00289691
851.677 2.00275 0.00742683 1.42731 0.00245689
852.422 2.00233 0.0060744 1.42716 0.00196764
853.167 2.00234 0.0064656 1.42717 0.00211015
853.913 2.00247 0.00741529 1.42722 0.00245504
854.658 2.00233 0.00784893 1.42717 0.00261313
855.403 2.00204 0.00801369 1.42707 0.00267391
856.149 2.00168 0.00789803 1.42694 0.00263308
856.894 2.00126 0.00756945 1.42679 0.00251506
857.639 2.00105 0.0076167 1.42672 0.00253311
858.385 2.00108 0.00808899 1.42673 0.00270508
859.13 2.00099 0.00805008 1.4267 0.00269173
859.875 2.00069 0.00715457 1.4266 0.00236781
860.621 2.0004 0.00667911 1.4265 0.00219624
861.366 2.00016 0.00727124 1.42641 0.00241205
862.112 1.99985 0.00771715 1.42631 0.0025749
862.857 1.99928 0.00753647 1.4261 0.00251065
863.602 1.99876 0.00738707 1.42591 0.00245766
864.347 1.99871 0.00751774 1.4259 0.0025058
865.093 1.99866 0.00764824 1.42588 0.00255388
865.838 1.99861 0.00708001 1.42587 0.00234822
866.583 1.99855 0.00651293 1.42585 0.00214298
867.329 1.99869 0.00674864 1.42591 0.00222904
868.074 1.99886 0.00706658 1.42597 0.00234493
868.82 1.99858 0.00713046 1.42587 0.00236906
869.565 1.99821 0.00713767 1.42574 0.00237272
870.31 1.99791 0.00718996 1.42564 0.00239267
871.056 1.99764 0.0072584 1.42554 0.00241846
871.801 1.99727 0.00717341 1.42541 0.0023886
872.546 1.99686 0.00700469 1.42526 0.00232837
873.292 1.99648 0.00684404 1.42513 0.00227101
874.037 1.99612 0.00668999 1.425 0.00221602
874.782 1.99598 0.00660589 1.42495 0.0021862
875.528 1.99608 0.00659989 1.42499 0.0021845
876.273 1.99608 0.0066875 1.425 0.00221694
877.018 1.99592 0.00692571 1.42494 0.0023043
877.764 1.99577 0.00702454 1.42489 0.00234099
878.509 1.99562 0.00679729 1.42484 0.00225912
879.254 1.99546 0.00660306 1.42478 0.00218926
880 1.99527 0.00652681 1.42472 0.00216231
880.745 1.99514 0.00642408 1.42467 0.00212568
881.49 1.99532 0.0061421 1.42474 0.00202354
882.236 1.99544 0.00588922 1.42479 0.00193204
882.981 1.99458 0.00622435 1.42448 0.00205535
883.726 1.99373 0.00654891 1.42417 0.00217487
884.472 1.99316 0.00644569 1.42397 0.00213847
885.217 1.99261 0.00633078 1.42377 0.00209779
885.962 1.99243 0.00606235 1.42371 0.00200085
886.708 1.99229 0.00577598 1.42366 0.00189731
887.453 1.99226 0.00563604 1.42365 0.00184695
888.198 1.99226 0.00553014 1.42365 0.00180896
888.944 1.99241 0.00547856 1.42371 0.0017906
889.689 1.99261 0.00544655 1.42379 0.0017793
890.434 1.99251 0.0055844 1.42375 0.00183012
891.18 1.99224 0.00580951 1.42366 0.00191286
891.925 1.99185 0.00582122 1.42352 0.00191805
892.67 1.99138 0.00568175 1.42335 0.00186826
893.416 1.9909 0.0056971 1.42318 0.00187485
894.161 1.99041 0.00585941 1.423 0.00193498
894.906 1.98992 0.00597156 1.42283 0.00197685
895.652 1.98942 0.00602043 1.42265 0.00199568
896.397 1.98904 0.0062005 1.42251 0.0020622
897.142 1.98887 0.0066127 1.42245 0.00221313
897.888 1.98882 0.00675246 1.42244 0.00226464
898.633 1.98908 0.0062267 1.42254 0.0020733
899.378 1.98929 0.00595085 1.42262 0.00197309
900.124 1.98932 0.00657739 1.42263 0.0022019
900.869 1.98933 0.00699135 1.42264 0.00235327
901.614 1.98928 0.00620767 1.42262 0.00206826
902.36 1.9892 0.00548217 1.42259 0.00180445
903.105 1.98896 0.00537124 1.42251 0.00176475
903.85 1.98871 0.00526282 1.42242 0.00172597
904.596 1.98818 0.00524568 1.42223 0.00172071
905.341 1.98765 0.00522863 1.42204 0.00171547
906.086 1.98738 0.00515557 1.42194 0.00168957
906.832 1.98713 0.00508033 1.42185 0.00166286
907.577 1.98658 0.00521771 1.42166 0.00171395
908.322 1.986 0.00537819 1.42145 0.00177351
909.068 1.98588 0.00535481 1.42141 0.00176558
909.813 1.98586 0.00529304 1.4214 0.00174356
910.558 1.98584 0.00506604 1.4214 0.00166124
911.304 1.98583 0.00478812 1.4214 0.00156034
912.049 1.98582 0.0050742 1.4214 0.00166522
912.794 1.98581 0.00559805 1.4214 0.00185686
913.54 1.98576 0.00580027 1.42138 0.00193118
914.285 1.98567 0.005825 1.42135 0.00194077
915.03 1.98552 0.00566686 1.4213 0.0018837
915.776 1.98531 0.00538182 1.42123 0.00178034
916.521 1.98497 0.00525743 1.4211 0.00173573
917.266 1.9845 0.00527342 1.42094 0.00174246
918.012 1.98401 0.00539251 1.42076 0.00178685
918.757 1.98349 0.00562212 1.42057 0.00187163
919.502 1.98309 0.00584987 1.42043 0.00195565
920.248 1.98286 0.00607875 1.42035 0.00203995
920.993 1.98252 0.00611846 1.42023 0.00205526
921.738 1.98202 0.00584178 1.42005 0.00195512
922.484 1.98171 0.00584987 1.41993 0.00195884
923.229 1.98179 0.00646016 1.41997 0.00218222
923.974 1.9819 0.00670563 1.42001 0.00227228
924.72 1.98209 0.00594901 1.42008 0.0019961
925.465 1.98219 0.00523208 1.42012 0.00173453
926.21 1.982 0.00467439 1.42005 0.00153138
926.956 1.98183 0.00417718 1.41999 0.00135028
927.701 1.98174 0.00394942 1.41996 0.00126757
928.446 1.9816 0.00385439 1.41991 0.00123339
929.192 1.98115 0.0046482 1.41975 0.00152429
929.937 1.98071 0.00536648 1.41959 0.00178767
930.682 1.98046 0.00541038 1.41951 0.00180438
931.428 1.98022 0.00542965 1.41942 0.00181208
932.173 1.98004 0.00490007 1.41936 0.00161905
932.918 1.97985 0.00437547 1.41929 0.00142782
933.664 1.97947 0.00479002 1.41915 0.00158016
934.409 1.97908 0.00519817 1.41901 0.0017302
935.154 1.9785 0.00489163 1.41881 0.00161899
935.9 1.97792 0.00456422 1.4186 0.0015001
936.645 1.97787 0.00468608 1.41858 0.00154517
937.39 1.97786 0.00484469 1.41858 0.00160365
938.136 1.97834 0.00488511 1.41875 0.00161847
938.881 1.97889 0.00491082 1.41896 0.00162785
939.626 1.97916 0.00527868 1.41906 0.00176262
940.372 1.97938 0.00570948 1.41914 0.00192043
941.117 1.97869 0.00550062 1.41889 0.00184508
941.862 1.97781 0.00516075 1.41857 0.0017219
942.608 1.97745 0.00489888 1.41844 0.00162679
943.353 1.97722 0.00465815 1.41836 0.00153928
944.098 1.97687 0.00555308 1.41824 0.00186758
944.844 1.97645 0.00679366 1.41809 0.00232257
945.589 1.97665 0.00599914 1.41816 0.00203191
946.334 1.97706 0.00443126 1.41831 0.00145802
947.08 1.97682 0.00430557 1.41823 0.0014126
947.825 1.97633 0.00478924 1.41805 0.00159047
948.57 1.97602 0.00510283 1.41794 0.00170597
949.316 1.97579 0.00533674 1.41786 0.00179222
950.061 1.97572 0.00578579 1.41784 0.00195714
950.806 1.97573 0.00635011 1.41784 0.00216422
951.552 1.97555 0.00592187 1.41778 0.00200796
952.297 1.97526 0.00492654 1.41767 0.00164406
953.042 1.97494 0.00535915 1.41756 0.0018032
953.788 1.97458 0.00667638 1.41743 0.00228651
954.533 1.97473 0.00585857 1.41749 0.00198715
955.278 1.97516 0.00355691 1.41764 0.00114401
956.024 1.97469 0.00328793 1.41748 0.00104617
956.769 1.97362 0.00448126 1.41708 0.00148459
957.514 1.9732 0.00473224 1.41694 0.00157729
958.26 1.97331 0.00427977 1.41697 0.00141175
959.005 1.97345 0.00391095 1.41703 0.00127685
959.75 1.97364 0.00360987 1.4171 0.00116675
960.496 1.97352 0.0044003 1.41706 0.00145693
961.241 1.9731 0.00610692 1.41691 0.00208325
961.986 1.9731 0.0068195 1.41691 0.00234486
962.732 1.97352 0.00666466 1.41707 0.00228807
963.477 1.97365 0.00650493 1.41712 0.00222979
964.222 1.9735 0.00634355 1.41707 0.00217117
964.968 1.97353 0.00577649 1.41708 0.00196367
965.713 1.9737 0.00482389 1.41714 0.00161473
966.458 1.97346 0.00462354 1.41706 0.00154186
967.204 1.97282 0.0051317 1.41683 0.00172904
967.949 1.97204 0.00562134 1.41654 0.00190962
968.694 1.97114 0.00608828 1.41621 0.00208208
969.44 1.97084 0.00602274 1.41611 0.00205869
970.185 1.97112 0.00545656 1.41621 0.00185111
970.93 1.97071 0.00521025 1.41606 0.00176146
971.676 1.96968 0.00526884 1.41569 0.00178418
972.421 1.96909 0.00505847 1.41547 0.00170782
973.166 1.9689 0.00460314 1.4154 0.00154119
973.912 1.9689 0.00442313 1.4154 0.00147547
974.657 1.96908 0.00449119 1.41547 0.00150068
975.402 1.96923 0.00451916 1.41553 0.00151119
976.148 1.96938 0.00451143 1.41559 0.00150861
976.893 1.96936 0.00450254 1.41558 0.00150572
977.638 1.96922 0.00449276 1.41554 0.00150259
978.384 1.96916 0.00439397 1.41551 0.00146673
979.129 1.96915 0.0042236 1.41551 0.00140454
979.874 1.96926 0.00424175 1.41555 0.00141149
980.62 1.96943 0.004404 1.41562 0.00147127
981.365 1.96883 0.00459938 1.4154 0.0015438
982.11 1.96769 0.00480755 1.41499 0.00162147
982.856 1.96706 0.00504615 1.41476 0.00170996
983.601 1.96675 0.00530724 1.41464 0.00180648
984.346 1.96623 0.00522402 1.41445 0.00177668
985.092 1.96559 0.00494178 1.41422 0.00167382
985.837 1.96537 0.00445803 1.41414 0.00149652
986.583 1.96538 0.00386142 1.41415 0.00127757
987.328 1.96537 0.00389598 1.41415 0.00129062
988.073 1.96535 0.00423817 1.41414 0.00141675
988.818 1.96556 0.00469517 1.41422 0.00158492
989.564 1.96586 0.005208 1.41433 0.00177351
990.309 1.96607 0.00562615 1.41441 0.00192736
991.055 1.96625 0.00601039 1.41448 0.00206875
991.8 1.96622 0.00563851 1.41447 0.00193246
992.545 1.96611 0.00503119 1.41443 0.00170969
993.291 1.96615 0.00500306 1.41445 0.00169966
994.036 1.96622 0.00512434 1.41448 0.00174451
994.781 1.96624 0.00505157 1.41449 0.00171808
995.527 1.96625 0.00493926 1.41449 0.00167713
996.272 1.96609 0.00470051 1.41443 0.00158984
997.017 1.96589 0.00444501 1.41437 0.00149641
997.763 1.96539 0.00417961 1.41418 0.00139953
998.508 1.96486 0.00391921 1.41399 0.00130447
999.253 1.96516 0.00529504 1.4141 0.00181044
999.999 1.96545 0.00677414 1.41421 0.00235429
