255.408 -0.137924 2.58565 0.213698 2.68931
256.154 -0.143001 2.67645 0.233468 2.78285
256.899 -0.148891 2.76724 0.253239 2.87639
257.644 -0.138192 2.69774 0.243704 2.80073
258.39 -0.125867 2.6037 0.229755 2.69959
259.135 -0.18247 2.69979 0.198074 2.81285
259.88 -0.265086 2.86116 0.160099 3.0022
260.626 -0.265642 2.90311 0.171966 3.04422
261.371 -0.211951 2.86846 0.216129 2.99077
262.116 -0.174235 2.86551 0.253374 2.97503
262.862 -0.154344 2.89809 0.282983 3.00091
263.607 -0.139462 2.91959 0.304113 3.01693
264.353 -0.134114 2.91972 0.309063 3.01415
265.098 -0.135745 2.93204 0.310634 3.02583
265.843 -0.163481 2.98955 0.299649 3.09128
266.589 -0.184683 3.03747 0.292584 3.14511
267.334 -0.128246 2.97755 0.330498 3.06571
268.079 -0.0718532 2.91677 0.368411 2.98631
268.825 -0.186907 3.02449 0.284629 3.12869
269.57 -0.311187 3.13875 0.194192 3.2832
270.315 -0.236623 3.13688 0.268854 3.25563
271.061 -0.115844 3.10837 0.380747 3.18701
271.806 -0.0658899 3.10696 0.429539 3.16866
272.551 -0.0491455 3.11838 0.449128 3.17358
273.297 -0.0379717 3.14832 0.46896 3.19857
274.042 -0.0314769 3.19338 0.48899 3.23989
274.787 -0.0369388 3.21618 0.490193 3.26296
275.533 -0.0588351 3.20798 0.465249 3.26068
276.278 -0.0515121 3.19879 0.468889 3.24808
277.023 0.0292394 3.18684 0.543928 3.20972
277.769 0.0903755 3.18955 0.603818 3.19222
278.514 0.0390088 3.27461 0.579861 3.29027
279.259 -0.0105604 3.35663 0.557343 3.38532
280.005 0.04964 3.32566 0.605148 3.33438
280.75 0.110121 3.2942 0.652954 3.28343
281.495 0.175572 3.25754 0.70381 3.22651
282.241 0.24192 3.21967 0.755055 3.16883
282.986 0.248758 3.23412 0.765266 3.17966
283.731 0.236036 3.26576 0.762073 3.21287
284.477 0.282256 3.24771 0.799858 3.18064
285.222 0.364905 3.19853 0.862708 3.10839
285.967 0.406246 3.19782 0.900746 3.09473
286.713 0.403596 3.2489 0.912655 3.14276
287.458 0.408486 3.27916 0.92555 3.16893
288.203 0.427503 3.2713 0.940247 3.15511
288.949 0.454858 3.26314 0.962635 3.13862
289.694 0.511889 3.25404 1.0123 3.11263
290.439 0.566392 3.24783 1.06021 3.09031
291.185 0.590771 3.2741 1.08957 3.10681
291.93 0.615183 3.30048 1.11894 3.12331
292.675 0.716811 3.21966 1.1879 3.01966
293.421 0.822538 3.13162 1.25884 2.91001
294.166 0.855243 3.09699 1.27839 2.86947
294.911 0.871691 3.07437 1.28655 2.84426
295.657 0.923917 3.03447 1.32248 2.79429
296.402 0.992806 2.98603 1.3712 2.73292
297.147 1.06241 2.95253 1.42425 2.68533
297.893 1.13281 2.93137 1.48083 2.64899
298.638 1.17413 2.89577 1.50809 2.60733
299.383 1.174 2.84033 1.49426 2.55821
300.129 1.18554 2.77441 1.48863 2.4971
300.874 1.22701 2.68137 1.50385 2.4055
301.619 1.26543 2.59334 1.51822 2.31945
302.365 1.28984 2.538 1.52768 2.26548
303.11 1.31423 2.48186 1.53723 2.211
303.855 1.35545 2.38746 1.55441 2.11988
304.601 1.39595 2.29232 1.57158 2.02876
305.346 1.37776 2.18956 1.53677 1.94181
306.091 1.35065 2.08626 1.49482 1.85543
306.837 1.34478 1.95793 1.46844 1.74295
307.582 1.34487 1.82085 1.4474 1.62152
308.327 1.3062 1.74754 1.4023 1.56191
309.073 1.24371 1.71532 1.34182 1.5418
309.818 1.21051 1.64412 1.30216 1.48237
310.563 1.20855 1.52959 1.28548 1.37958
311.309 1.19203 1.43748 1.25938 1.29854
312.054 1.14926 1.389 1.21505 1.25956
312.799 1.09907 1.33426 1.16333 1.21536
313.545 1.02057 1.2548 1.08318 1.151
314.29 0.944021 1.17599 1.00487 1.08604
315.035 0.893689 1.09231 0.950464 1.0132
315.781 0.842899 1.00934 0.896059 0.940349
316.526 0.78488 0.935379 0.835929 0.875768
317.271 0.726158 0.862718 0.775412 0.811747
318.017 0.651944 0.790021 0.700382 0.747973
318.762 0.573924 0.71811 0.621763 0.684261
319.507 0.491353 0.662211 0.539561 0.635231
320.253 0.406813 0.614603 0.45557 0.593536
320.998 0.328492 0.570902 0.377433 0.554673
321.743 0.255616 0.530577 0.304447 0.518301
322.489 0.184254 0.493303 0.232782 0.484367
323.234 0.115057 0.460307 0.163125 0.454136
323.979 0.0459322 0.42967 0.0933193 0.425849
324.725 -0.0234713 0.404853 0.0230936 0.403039
325.47 -0.0928129 0.381018 -0.0473882 0.380901
326.215 -0.163657 0.361995 -0.119631 0.363389
326.961 -0.234125 0.343232 -0.191875 0.345878
327.706 -0.3042 0.333339 -0.263915 0.33724
328.451 -0.373878 0.323662 -0.335954 0.328676
329.197 -0.437374 0.319369 -0.401855 0.325464
329.942 -0.499574 0.316015 -0.466731 0.323147
330.687 -0.560188 0.313977 -0.530248 0.322133
331.433 -0.620013 0.312461 -0.593241 0.321622
332.178 -0.677493 0.315813 -0.653966 0.32622
332.923 -0.733263 0.32254 -0.713092 0.334419
333.669 -0.787184 0.328887 -0.77051 0.342232
334.414 -0.838938 0.334788 -0.825853 0.349575
335.159 -0.888018 0.340979 -0.878526 0.357227
335.905 -0.931611 0.347844 -0.925423 0.365546
336.65 -0.973807 0.354263 -0.970968 0.3734
337.395 -1.01024 0.358828 -1.01039 0.379143
338.141 -1.04661 0.363377 -1.04985 0.384893
338.886 -1.08371 0.368028 -1.09022 0.390797
339.631 -1.1207 0.372658 -1.1306 0.3967
340.377 -1.16008 0.37687 -1.17375 0.402218
341.122 -1.19958 0.381026 -1.21717 0.407698
341.867 -1.23549 0.384101 -1.25673 0.411913
342.613 -1.2703 0.386859 -1.29518 0.415762
343.358 -1.29802 0.387403 -1.32583 0.416981
344.103 -1.32175 0.386709 -1.35208 0.41672
344.849 -1.34965 0.384715 -1.3831 0.415075
345.594 -1.3816 0.381458 -1.41878 0.412074
346.339 -1.41455 0.379526 -1.45564 0.410565
347.085 -1.44925 0.379829 -1.49454 0.4116
347.83 -1.484 0.380176 -1.5336 0.412673
348.575 -1.51916 0.380634 -1.57323 0.413865
349.321 -1.55344 0.380022 -1.61198 0.413796
350.066 -1.58054 0.369522 -1.64274 0.40224
350.811 -1.6076 0.35908 -1.67351 0.390684
351.557 -1.63582 0.360208 -1.70549 0.392398
352.302 -1.66402 0.361784 -1.73753 0.394615
353.047 -1.6967 0.356771 -1.77491 0.389237
353.793 -1.73025 0.350457 -1.8134 0.382286
354.538 -1.76916 0.347341 -1.85824 0.379008
355.283 -1.81033 0.345684 -1.90588 0.377358
356.029 -1.84452 0.343697 -1.94556 0.375218
356.774 -1.87323 0.341434 -1.9789 0.372689
357.519 -1.89978 0.337563 -2.00983 0.368214
358.265 -1.92346 0.331488 -2.03745 0.361079
359.01 -1.94782 0.326214 -2.06597 0.354853
359.755 -1.97397 0.322852 -2.09675 0.350888
360.501 -2.00194 0.320427 -2.12985 0.348055
361.246 -2.04049 0.323177 -2.1759 0.351545
361.991 -2.07889 0.325786 -2.22197 0.355025
362.737 -2.11813 0.327702 -2.26922 0.35783
363.482 -2.15726 0.329495 -2.31647 0.360636
364.227 -2.18817 0.329314 -2.35377 0.361011
364.973 -2.21795 0.328834 -2.38973 0.361058
365.718 -2.24374 0.323327 -2.42091 0.354887
366.463 -2.26816 0.316113 -2.45047 0.346599
367.209 -2.29342 0.315572 -2.48096 0.346554
367.954 -2.31922 0.319272 -2.51204 0.351766
368.699 -2.34946 0.320672 -2.5487 0.354245
369.445 -2.38458 0.31955 -2.5915 0.353705
370.19 -2.42014 0.318263 -2.63492 0.35296
370.935 -2.4566 0.316654 -2.67953 0.351815
371.681 -2.4911 0.315311 -2.72181 0.350941
372.426 -2.51827 0.314933 -2.75498 0.351116
373.171 -2.54472 0.314354 -2.78732 0.351017
373.917 -2.56215 0.310992 -2.80845 0.347262
374.662 -2.57955 0.30764 -2.82957 0.343506
375.407 -2.60186 0.304489 -2.85687 0.340068
376.153 -2.62448 0.301367 -2.88459 0.336653
376.898 -2.65794 0.301577 -2.92597 0.337583
377.643 -2.69404 0.302629 -2.97077 0.339605
378.389 -2.73144 0.303886 -3.01735 0.341901
379.134 -2.76946 0.305249 -3.06484 0.344336
379.879 -2.8017 0.307118 -3.1051 0.347334
380.625 -2.82882 0.309433 -3.13891 0.350836
381.37 -2.85437 0.310366 -3.17079 0.352552
382.116 -2.87754 0.309183 -3.1997 0.351518
382.861 -2.89821 0.307344 -3.22545 0.349598
383.606 -2.91178 0.303612 -3.24213 0.345137
384.352 -2.92718 0.300492 -3.26116 0.341478
385.097 -2.95554 0.30167 -3.29691 0.34352
385.842 -2.98385 0.302845 -3.33265 0.345562
386.587 -3.01981 0.301346 -3.37845 0.344233
387.333 -3.05577 0.299829 -3.42437 0.342863
388.078 -3.09003 0.301707 -3.46817 0.345892
388.824 -3.12392 0.304157 -3.51161 0.349678
389.569 -3.1548 0.303919 -3.55123 0.349912
390.314 -3.18446 0.302636 -3.58936 0.348751
391.06 -3.20687 0.300289 -3.61802 0.346092
391.805 -3.22412 0.297183 -3.63991 0.342362
392.55 -3.24264 0.29602 -3.66349 0.341205
393.296 -3.26274 0.29724 -3.68917 0.343221
394.041 -3.28403 0.298802 -3.71647 0.345708
394.786 -3.30797 0.301115 -3.74732 0.349231
395.532 -3.33334 0.302265 -3.78014 0.351233
396.277 -3.3654 0.298093 -3.82203 0.346208
397.022 -3.39736 0.29426 -3.86391 0.341603
397.768 -3.42898 0.297434 -3.90533 0.346384
398.513 -3.46051 0.300592 -3.94676 0.351165
399.258 -3.48585 0.299281 -3.97997 0.349863
400.004 -3.51051 0.297524 -4.01235 0.347944
400.749 -3.53084 0.297667 -4.03887 0.348547
401.494 -3.54987 0.298365 -4.06368 0.34989
402.24 -3.56727 0.299667 -4.0863 0.35204
402.985 -3.58373 0.30131 -4.10767 0.354648
403.73 -3.60365 0.299934 -4.13382 0.353188
404.476 -3.62698 0.295592 -4.16468 0.347711
405.221 -3.65199 0.29308 -4.19787 0.344733
405.966 -3.67988 0.293682 -4.23506 0.346039
406.712 -3.70931 0.294627 -4.27443 0.347838
407.457 -3.74391 0.296703 -4.32102 0.351258
408.202 -3.77747 0.298414 -4.3663 0.35418
408.948 -3.80238 0.296899 -4.39975 0.352551
409.693 -3.82724 0.295389 -4.4332 0.350921
410.438 -3.85132 0.295735 -4.46561 0.35186
411.184 -3.87534 0.296149 -4.49798 0.352895
411.929 -3.89506 0.297759 -4.52441 0.355558
412.674 -3.91389 0.299609 -4.54962 0.358556
413.42 -3.93202 0.299006 -4.57392 0.358119
414.165 -3.94983 0.297327 -4.59782 0.35617
414.91 -3.97242 0.29666 -4.62845 0.355686
415.656 -3.99874 0.296787 -4.66436 0.356358
416.401 -4.02582 0.295717 -4.70146 0.35535
417.146 -4.05396 0.293035 -4.74013 0.352069
417.892 -4.08318 0.292035 -4.78042 0.351167
418.637 -4.11513 0.295115 -4.82464 0.356088
419.382 -4.14608 0.297805 -4.86754 0.360468
420.128 -4.17192 0.298458 -4.90327 0.361901
420.873 -4.19762 0.299114 -4.93889 0.363344
421.618 -4.21933 0.300118 -4.96884 0.365248
422.364 -4.24101 0.301118 -4.9988 0.367152
423.109 -4.25937 0.298891 -5.02407 0.364381
423.854 -4.27729 0.296256 -5.04873 0.361009
424.6 -4.29658 0.297235 -5.07538 0.362857
425.345 -4.3163 0.2994 -5.10267 0.366432
426.09 -4.33972 0.299144 -5.13539 0.366553
426.836 -4.36541 0.297392 -5.17148 0.364529
427.581 -4.39164 0.296965 -5.20841 0.36443
428.326 -4.41844 0.297952 -5.24624 0.366397
429.072 -4.44685 0.298497 -5.28651 0.367746
429.817 -4.47832 0.298223 -5.33136 0.367933
430.562 -4.50903 0.298592 -5.3752 0.369058
431.308 -4.53717 0.301323 -5.41535 0.373637
432.053 -4.56463 0.304013 -5.45457 0.378171
432.798 -4.58482 0.306385 -5.48313 0.382163
433.544 -4.60497 0.308748 -5.51169 0.386154
434.289 -4.62566 0.305712 -5.54116 0.382154
435.034 -4.64636 0.302366 -5.57068 0.377681
435.78 -4.66683 0.301852 -5.59988 0.377406
436.525 -4.68722 0.302001 -5.629 0.378117
437.27 -4.70803 0.30198 -5.6588 0.378583
438.016 -4.72903 0.301878 -5.68892 0.378931
438.761 -4.75317 0.302441 -5.7238 0.380316
439.506 -4.77996 0.303565 -5.76272 0.382583
440.252 -4.80712 0.304662 -5.80228 0.384823
440.997 -4.83484 0.305722 -5.84278 0.387024
441.742 -4.86262 0.306613 -5.88346 0.388981
442.488 -4.89065 0.307065 -5.92461 0.390283
443.233 -4.91859 0.307547 -5.96573 0.391637
443.978 -4.94631 0.30824 -6.0066 0.393315
444.724 -4.97393 0.30893 -6.04742 0.394994
445.469 -4.99161 0.309833 -6.0731 0.39687
446.214 -5.00926 0.310732 -6.09878 0.398746
446.96 -5.02974 0.308347 -6.12887 0.395626
447.705 -5.05061 0.305475 -6.15962 0.391753
448.45 -5.07285 0.303357 -6.19253 0.389046
449.196 -5.09557 0.301515 -6.22621 0.386761
449.941 -5.11835 0.3022 -6.26004 0.388374
450.686 -5.14117 0.304556 -6.29395 0.392583
451.432 -5.16532 0.306155 -6.33001 0.395651
452.177 -5.191 0.306892 -6.36854 0.397412
452.922 -5.21741 0.307416 -6.40828 0.398858
453.668 -5.24534 0.307517 -6.45049 0.399672
454.413 -5.27236 0.307939 -6.49136 0.400979
455.158 -5.29585 0.309665 -6.52678 0.404288
455.904 -5.3194 0.311461 -6.56234 0.407721
456.649 -5.34416 0.314398 -6.59987 0.412985
457.394 -5.36888 0.317322 -6.6374 0.418249
458.14 -5.3905 0.315224 -6.67019 0.415538
458.885 -5.41185 0.31275 -6.70261 0.412217
459.63 -5.4307 0.308772 -6.73113 0.406459
460.376 -5.44889 0.304415 -6.75866 0.400073
461.121 -5.4704 0.304994 -6.79145 0.401573
461.866 -5.4936 0.308092 -6.82696 0.407124
462.612 -5.51351 0.30995 -6.85727 0.410665
463.357 -5.53045 0.310701 -6.88291 0.412397
464.102 -5.55182 0.31039 -6.91569 0.412502
464.848 -5.58002 0.308444 -6.95954 0.410084
465.593 -5.6064 0.307354 -7.00055 0.409004
466.338 -5.62769 0.308695 -7.03338 0.411768
467.084 -5.64881 0.30978 -7.06601 0.414125
467.829 -5.66899 0.30909 -7.0972 0.413601
468.574 -5.68915 0.308401 -7.1284 0.413076
469.32 -5.71627 0.309163 -7.17094 0.415017
470.065 -5.7434 0.309935 -7.21361 0.416982
470.81 -5.76797 0.312996 -7.25215 0.422655
471.556 -5.79208 0.316428 -7.29001 0.428953
472.301 -5.81482 0.317691 -7.32573 0.431694
473.046 -5.837 0.318119 -7.36062 0.433063
473.792 -5.85723 0.317826 -7.39237 0.433217
474.537 -5.87609 0.31703 -7.42192 0.432517
475.282 -5.89605 0.316711 -7.45332 0.432622
476.028 -5.91733 0.316964 -7.48695 0.433697
476.773 -5.93975 0.317943 -7.52252 0.435999
477.518 -5.96464 0.320465 -7.56223 0.440918
478.264 -5.98915 0.322304 -7.6014 0.444715
479.009 -6.01211 0.321192 -7.63812 0.443575
479.754 -6.03485 0.320046 -7.67454 0.442368
480.5 -6.05423 0.318196 -7.70542 0.439917
481.245 -6.07358 0.316351 -7.73631 0.437467
481.99 -6.09652 0.3194 -7.77316 0.443295
482.736 -6.11973 0.322877 -7.81056 0.44987
483.481 -6.14498 0.324357 -7.85148 0.453144
484.226 -6.17074 0.325283 -7.89339 0.455505
484.972 -6.19186 0.32614 -7.9275 0.457667
485.717 -6.21045 0.32696 -7.95741 0.45972
486.462 -6.23016 0.326135 -7.98929 0.45901
487.208 -6.25092 0.323772 -8.02303 0.455698
487.953 -6.27246 0.323255 -8.05812 0.455539
488.698 -6.29528 0.32572 -8.09541 0.460501
489.444 -6.31684 0.327375 -8.13064 0.46407
490.189 -6.33466 0.326593 -8.15955 0.463392
490.934 -6.35322 0.326158 -8.18978 0.463325
491.68 -6.37775 0.328433 -8.23027 0.468045
492.425 -6.40223 0.330697 -8.27076 0.472765
493.17 -6.42536 0.330329 -8.30906 0.472928
493.916 -6.44842 0.329905 -8.34731 0.472992
494.661 -6.46983 0.329849 -8.38277 0.473658
495.406 -6.49092 0.32986 -8.41772 0.474435
496.152 -6.51554 0.327836 -8.45894 0.47175
496.897 -6.54157 0.324996 -8.50272 0.467657
497.642 -6.5652 0.326111 -8.54231 0.470414
498.388 -6.58707 0.330107 -8.57884 0.478194
499.133 -6.60748 0.334603 -8.61286 0.486848
499.878 -6.62608 0.339733 -8.64374 0.496602
500.624 -6.64501 0.341786 -8.6753 0.500976
501.369 -6.66467 0.337002 -8.70839 0.493316
502.115 -6.6851 0.333152 -8.74286 0.4873
502.86 -6.70923 0.333644 -8.78383 0.48904
503.605 -6.73292 0.334018 -8.82413 0.490567
504.35 -6.74774 0.331697 -8.84878 0.487095
505.096 -6.76253 0.32938 -8.87343 0.483623
505.841 -6.78566 0.331576 -8.91286 0.48838
506.587 -6.80961 0.334223 -8.95381 0.493982
507.332 -6.8301 0.335867 -8.98869 0.497726
508.077 -6.84956 0.337214 -9.02178 0.500923
508.823 -6.87057 0.33681 -9.05777 0.501027
509.568 -6.89245 0.335423 -9.0954 0.499382
510.313 -6.91398 0.335707 -9.13244 0.500736
511.059 -6.93517 0.337621 -9.16889 0.505031
511.804 -6.95977 0.337547 -9.21162 0.505832
512.549 -6.99015 0.334123 -9.26502 0.500702
513.294 -7.01729 0.3324 -9.31263 0.498559
514.04 -7.03421 0.336105 -9.34158 0.506043
514.785 -7.05193 0.339928 -9.37202 0.513787
515.531 -7.07679 0.344872 -9.41554 0.523801
516.276 -7.1016 0.349792 -9.45905 0.533814
517.021 -7.11676 0.345114 -9.4852 0.525961
517.767 -7.13159 0.340138 -9.51078 0.51753
518.512 -7.15375 0.33353 -9.54995 0.506267
519.257 -7.17733 0.326623 -9.5918 0.494442
520.003 -7.19363 0.326725 -9.6201 0.49535
520.748 -7.20681 0.329809 -9.64259 0.501698
521.493 -7.22499 0.337829 -9.67423 0.517341
522.239 -7.24698 0.349594 -9.71287 0.540095
522.984 -7.26663 0.355087 -9.74741 0.551197
523.729 -7.28323 0.352402 -9.77656 0.547007
524.475 -7.30133 0.349434 -9.80857 0.542321
525.22 -7.32298 0.345795 -9.84729 0.536471
525.965 -7.34561 0.342826 -9.88788 0.531883
526.711 -7.37332 0.343207 -9.93801 0.533712
527.456 -7.40068 0.343597 -9.9876 0.535555
528.201 -7.41868 0.344383 -10.0196 0.537876
528.947 -7.43664 0.345166 -10.0516 0.540196
529.692 -7.46099 0.340928 -10.096 0.533213
530.437 -7.48603 0.336127 -10.1417 0.52515
531.183 -7.51111 0.342804 -10.1873 0.538876
531.928 -7.53617 0.35302 -10.2328 0.55941
532.673 -7.55655 0.35568 -10.2697 0.565451
533.419 -7.57415 0.353885 -10.3015 0.562898
534.164 -7.59637 0.350433 -10.3422 0.557314
534.909 -7.62329 0.345298 -10.3921 0.548621
535.655 -7.64593 0.342706 -10.4339 0.544651
536.4 -7.66102 0.34461 -10.461 0.549097
537.145 -7.67739 0.346782 -10.4906 0.554114
537.891 -7.69821 0.349887 -10.5288 0.561092
538.636 -7.71875 0.352774 -10.5665 0.567664
539.381 -7.73687 0.35361 -10.5997 0.570199
540.127 -7.75496 0.354442 -10.6329 0.572733
540.872 -7.77284 0.358162 -10.6656 0.580889
541.617 -7.79069 0.361999 -10.6983 0.589297
542.363 -7.80515 0.355571 -10.7248 0.577569
543.108 -7.81888 0.346951 -10.75 0.561502
543.853 -7.84233 0.345093 -10.794 0.558948
544.599 -7.87011 0.346283 -10.8465 0.562508
545.344 -7.89189 0.348319 -10.8873 0.567549
546.089 -7.90886 0.351032 -10.9187 0.57378
546.835 -7.92778 0.352622 -10.954 0.577879
547.58 -7.94939 0.352667 -10.9947 0.579032
548.325 -7.97294 0.354479 -11.0393 0.583759
549.071 -8.00137 0.360687 -11.0936 0.597418
549.816 -8.02888 0.365679 -11.1462 0.608693
550.561 -8.05154 0.364048 -11.1894 0.606609
551.307 -8.07409 0.362351 -11.2326 0.604379
552.052 -8.09336 0.356527 -11.2694 0.593744
552.797 -8.1126 0.350723 -11.3062 0.583108
553.543 -8.13469 0.350279 -11.3486 0.58332
554.288 -8.15711 0.350543 -11.3918 0.584971
555.033 -8.17758 0.356551 -11.4309 0.59816
555.779 -8.19737 0.364463 -11.4686 0.615227
556.524 -8.21871 0.364056 -11.5098 0.615548
557.269 -8.24101 0.358452 -11.5532 0.605349
558.015 -8.26121 0.359704 -11.5923 0.608984
558.76 -8.27916 0.368349 -11.6265 0.627619
559.505 -8.29643 0.372032 -11.6595 0.636153
560.251 -8.31239 0.366367 -11.6903 0.625539
560.996 -8.32867 0.361345 -11.7218 0.616222
561.741 -8.34615 0.358678 -11.7557 0.611756
562.487 -8.36343 0.356477 -11.7892 0.608226
563.232 -8.37853 0.359801 -11.8181 0.615966
563.977 -8.39362 0.363116 -11.847 0.623707
564.723 -8.41658 0.369932 -11.892 0.639022
565.468 -8.43997 0.376932 -11.938 0.654803
566.213 -8.46004 0.374714 -11.9776 0.651392
566.959 -8.4793 0.370319 -12.0157 0.643413
567.704 -8.49684 0.36805 -12.0502 0.639756
568.449 -8.51355 0.366812 -12.0829 0.638196
569.195 -8.53385 0.364803 -12.1233 0.635177
569.94 -8.5572 0.362141 -12.1701 0.630907
570.685 -8.58279 0.358039 -12.2218 0.623689
571.431 -8.61167 0.351824 -12.2806 0.612125
572.176 -8.63664 0.35138 -12.3311 0.612506
572.921 -8.6512 0.366457 -12.359 0.645227
573.667 -8.66743 0.379314 -12.3906 0.673417
574.412 -8.69431 0.378198 -12.4455 0.672612
575.157 -8.72112 0.377085 -12.5003 0.671804
575.903 -8.75037 0.373559 -12.5605 0.665962
576.648 -8.77953 0.370052 -12.6208 0.66012
577.393 -8.7967 0.368411 -12.6554 0.657701
578.139 -8.812 0.36706 -12.6861 0.655812
578.884 -8.82749 0.366707 -12.7172 0.656065
579.629 -8.84303 0.366718 -12.7485 0.657104
580.375 -8.86342 0.370129 -12.79 0.665687
581.12 -8.88705 0.375816 -12.8385 0.679367
581.865 -8.90608 0.381444 -12.8772 0.692753
582.611 -8.91978 0.387017 -12.9044 0.705797
583.356 -8.9344 0.392123 -12.9336 0.717911
584.101 -8.95091 0.396289 -12.9671 0.728112
584.847 -8.96898 0.397784 -13.0041 0.732622
585.592 -8.99361 0.388178 -13.0561 0.713309
586.337 -9.01754 0.378897 -13.1066 0.694577
587.083 -9.03089 0.374192 -13.1338 0.685257
587.828 -9.04423 0.369496 -13.1611 0.675936
588.573 -9.0628 0.368078 -13.1997 0.674027
589.319 -9.08178 0.366934 -13.2392 0.672733
590.064 -9.10327 0.367886 -13.2842 0.67617
590.809 -9.12539 0.369394 -13.3307 0.680875
591.555 -9.14758 0.373652 -13.3774 0.691687
592.3 -9.16978 0.379347 -13.424 0.705731
593.045 -9.18995 0.385086 -13.4663 0.719824
593.791 -9.20827 0.390867 -13.5045 0.733961
594.536 -9.22809 0.392018 -13.5463 0.737914
595.281 -9.25034 0.385798 -13.5941 0.72555
596.027 -9.27488 0.3818 -13.647 0.718227
596.772 -9.30637 0.384407 -13.7152 0.726067
597.517 -9.33535 0.386097 -13.7781 0.731752
598.263 -9.34579 0.380857 -13.7996 0.720814
599.008 -9.35622 0.375625 -13.8212 0.709877
599.753 -9.3794 0.376953 -13.8712 0.714409
600.499 -9.40278 0.378407 -13.9218 0.71926
601.244 -9.42707 0.384391 -13.9744 0.734475
601.989 -9.45149 0.391175 -14.0273 0.751592
602.735 -9.47137 0.391321 -14.0704 0.753371
603.48 -9.48939 0.388775 -14.1094 0.748892
604.225 -9.50537 0.392361 -14.1435 0.758323
604.971 -9.51984 0.400451 -14.1739 0.778022
605.716 -9.53832 0.400866 -14.214 0.780391
606.461 -9.56186 0.391582 -14.2664 0.760747
607.207 -9.58274 0.386652 -14.3125 0.750902
607.952 -9.59764 0.391526 -14.3443 0.76333
608.697 -9.61127 0.393216 -14.3734 0.76835
609.443 -9.61883 0.379505 -14.3894 0.737368
610.188 -9.62702 0.366668 -14.4068 0.708407
610.933 -9.65191 0.376981 -14.4616 0.733996
611.679 -9.67674 0.38724 -14.5165 0.759586
612.424 -9.69953 0.389622 -14.5671 0.766794
613.169 -9.72205 0.391131 -14.6173 0.771977
613.915 -9.73314 0.397767 -14.6406 0.788486
614.66 -9.74075 0.405965 -14.6555 0.808457
615.405 -9.75806 0.402334 -14.694 0.801355
616.151 -9.781 0.391826 -14.7462 0.778413
616.896 -9.80579 0.389481 -14.8024 0.774715
617.641 -9.83242 0.395372 -14.8626 0.790575
618.387 -9.85833 0.398125 -14.9214 0.799036
619.132 -9.88299 0.395382 -14.9777 0.7944
619.878 -9.90346 0.39302 -15.0242 0.790383
620.623 -9.90973 0.391931 -15.0368 0.78849
621.368 -9.91796 0.391593 -15.0541 0.788507
622.113 -9.94568 0.398731 -15.1174 0.807621
622.859 -9.97332 0.405825 -15.1808 0.826735
623.604 -10.0034 0.404688 -15.2507 0.826333
624.349 -10.0335 0.403179 -15.3209 0.825031
625.095 -10.0501 0.396499 -15.3589 0.810309
625.84 -10.0637 0.388707 -15.3899 0.79266
626.586 -10.0792 0.38826 -15.4252 0.792882
627.331 -10.0957 0.391162 -15.4625 0.801289
628.076 -10.1212 0.393059 -15.5219 0.807871
628.822 -10.1539 0.394135 -15.5992 0.812966
629.567 -10.1791 0.398332 -15.6582 0.825228
630.312 -10.1939 0.406905 -15.6914 0.847555
631.057 -10.2062 0.412849 -15.7187 0.863309
631.803 -10.2122 0.412117 -15.731 0.862239
632.548 -10.2207 0.41101 -15.7495 0.860427
633.294 -10.2438 0.407708 -15.8042 0.854265
634.039 -10.2669 0.404488 -15.8588 0.848267
634.784 -10.2885 0.407356 -15.9097 0.857203
635.53 -10.3102 0.41021 -15.9606 0.86614
636.275 -10.3332 0.412358 -16.0151 0.873463
637.02 -10.3563 0.414397 -16.0701 0.880556
637.766 -10.3733 0.409939 -16.1103 0.870999
638.511 -10.388 0.403227 -16.1452 0.855617
639.256 -10.4025 0.403863 -16.1788 0.858555
640.002 -10.4167 0.409258 -16.2116 0.87341
640.747 -10.4369 0.409928 -16.2599 0.876901
641.492 -10.4639 0.405321 -16.3255 0.86762
642.238 -10.4841 0.403562 -16.3741 0.864981
642.983 -10.4911 0.407393 -16.3891 0.875471
643.728 -10.4981 0.410751 -16.404 0.884776
644.474 -10.5051 0.41224 -16.419 0.889364
645.219 -10.5136 0.413972 -16.438 0.894691
645.964 -10.5443 0.419154 -16.5127 0.910514
646.71 -10.5748 0.424301 -16.5875 0.926337
647.455 -10.6016 0.423084 -16.6533 0.925699
648.2 -10.628 0.421405 -16.7185 0.923838
648.946 -10.6429 0.41145 -16.7549 0.899812
649.691 -10.6549 0.399399 -16.7841 0.870107
650.436 -10.6695 0.392388 -16.8198 0.853489
651.182 -10.6856 0.387963 -16.8589 0.843578
651.927 -10.7117 0.393474 -16.9232 0.860006
652.672 -10.7467 0.407836 -17.0103 0.900153
653.418 -10.7755 0.4182 -17.0818 0.92968
654.163 -10.7947 0.422472 -17.1288 0.94269
654.908 -10.8127 0.425018 -17.1728 0.951137
655.654 -10.827 0.422608 -17.208 0.946349
656.399 -10.8411 0.419547 -17.2426 0.939822
657.144 -10.8534 0.411756 -17.2728 0.920728
657.89 -10.8657 0.403983 -17.3031 0.901634
658.635 -10.9071 0.411131 -17.4089 0.924092
659.38 -10.9488 0.418409 -17.5158 0.947107
660.126 -10.9676 0.420208 -17.5628 0.95378
660.871 -10.9824 0.421059 -17.5994 0.957612
661.616 -10.9924 0.423073 -17.6233 0.964131
662.362 -11.0005 0.425544 -17.6421 0.97171
663.107 -11.0123 0.431849 -17.6704 0.989841
663.852 -11.0267 0.440884 -17.7053 1.01554
664.598 -11.0449 0.44006 -17.7514 1.01532
665.343 -11.0678 0.427146 -17.8113 0.983146
666.088 -11.0918 0.421206 -17.8734 0.969633
666.834 -11.118 0.430421 -17.9406 0.997087
667.579 -11.14 0.437783 -17.9965 1.01928
668.324 -11.1426 0.43684 -18.001 1.01726
669.07 -11.1454 0.435552 -18.0062 1.01433
669.815 -11.1534 0.426719 -18.026 0.991488
670.56 -11.1614 0.417899 -18.0459 0.968645
671.306 -11.1949 0.410895 -18.1347 0.952909
672.051 -11.2309 0.40412 -18.2305 0.937883
672.796 -11.2578 0.411943 -18.3006 0.961885
673.542 -11.282 0.423943 -18.3633 0.997235
674.287 -11.2974 0.425995 -18.4026 1.00459
675.032 -11.3078 0.422485 -18.4288 0.996204
675.778 -11.3156 0.423702 -18.4474 1.00056
676.523 -11.3208 0.42953 -18.4586 1.01737
677.268 -11.3315 0.433201 -18.4851 1.02879
678.014 -11.3514 0.433226 -18.5373 1.03107
678.759 -11.376 0.433544 -18.6025 1.03463
679.504 -11.4155 0.434803 -18.7093 1.0423
680.25 -11.4515 0.435495 -18.8067 1.04808
680.995 -11.4575 0.431374 -18.8212 1.03745
681.74 -11.4635 0.427257 -18.8357 1.02683
682.486 -11.4678 0.430294 -18.8447 1.03602
683.231 -11.472 0.433563 -18.8535 1.04585
683.976 -11.4988 0.420005 -18.9271 1.0108
684.722 -11.5299 0.403216 -19.0135 0.966835
685.467 -11.5512 0.402547 -19.0709 0.967185
686.212 -11.5684 0.408722 -19.116 0.986494
686.958 -11.5948 0.41857 -19.1871 1.01716
687.703 -11.6282 0.431164 -19.2781 1.05654
688.448 -11.6552 0.439074 -19.3514 1.08214
689.194 -11.6738 0.440929 -19.4015 1.08968
689.939 -11.6879 0.442239 -19.4391 1.09521
690.684 -11.6918 0.442284 -19.4472 1.09602
691.43 -11.7003 0.442496 -19.469 1.09782
692.175 -11.733 0.443548 -19.5599 1.10464
692.92 -11.7653 0.444332 -19.6501 1.11069
693.666 -11.7893 0.437078 -19.7175 1.0926
694.411 -11.8132 0.429862 -19.7849 1.0745
695.156 -11.8327 0.424799 -19.8392 1.06211
695.902 -11.8516 0.419999 -19.892 1.05037
696.647 -11.86 0.416373 -19.9142 1.04095
697.392 -11.8653 0.413109 -19.9271 1.03225
698.138 -11.8711 0.405706 -19.942 1.01151
698.883 -11.8773 0.395881 -19.9583 0.983707
699.628 -11.8953 0.400459 -20.0076 0.999115
700.374 -11.9251 0.41952 -20.0904 1.0583
701.119 -11.9512 0.436263 -20.1625 1.11063
701.864 -11.9707 0.449097 -20.2158 1.15095
702.61 -11.9879 0.457921 -20.2629 1.17931
703.355 -11.9977 0.453506 -20.2896 1.16767
704.1 -12.0055 0.450187 -20.3101 1.15901
704.846 -11.9942 0.456974 -20.2731 1.17803
705.591 -11.9829 0.463785 -20.2362 1.19705
706.336 -12.0171 0.451879 -20.3359 1.16618
707.082 -12.0528 0.439376 -20.4407 1.13345
707.827 -12.0919 0.42446 -20.5562 1.09359
708.572 -12.1316 0.409172 -20.6739 1.05228
709.318 -12.1561 0.407798 -20.745 1.051
710.063 -12.1741 0.412374 -20.7959 1.06699
710.808 -12.1744 0.420215 -20.7933 1.091
711.554 -12.1612 0.430604 -20.7495 1.12115
712.299 -12.16 0.43261 -20.7426 1.12732
713.044 -12.1743 0.423624 -20.7839 1.10212
713.79 -12.1955 0.419231 -20.8458 1.09148
714.535 -12.2328 0.425427 -20.9553 1.1147
715.28 -12.2703 0.432247 -21.0659 1.14003
716.026 -12.3096 0.442352 -21.1819 1.17586
716.771 -12.3475 0.452126 -21.2943 1.21083
717.516 -12.3543 0.455684 -21.3119 1.22291
718.262 -12.3612 0.459239 -21.3295 1.235
719.007 -12.3476 0.443494 -21.2869 1.18507
719.752 -12.3319 0.425631 -21.2379 1.12858
720.498 -12.3534 0.414776 -21.3024 1.09794
721.243 -12.3858 0.406058 -21.4004 1.07492
721.988 -12.4176 0.39916 -21.4965 1.05729
722.734 -12.4489 0.393293 -21.5916 1.04268
723.479 -12.4759 0.396623 -21.6726 1.05624
724.224 -12.4988 0.408747 -21.74 1.09696
724.97 -12.5152 0.41408 -21.7878 1.11583
725.715 -12.5209 0.408309 -21.8035 1.09866
726.46 -12.5267 0.40885 -21.8185 1.1013
727.206 -12.5325 0.428693 -21.8316 1.16459
727.951 -12.5394 0.448164 -21.8478 1.22689
728.696 -12.5537 0.464876 -21.8877 1.2816
729.442 -12.568 0.481536 -21.9276 1.33631
730.187 -12.6156 0.471748 -22.0766 1.31237
730.932 -12.6635 0.461641 -22.2273 1.28715
731.678 -12.6914 0.454545 -22.3142 1.26854
732.423 -12.7157 0.447989 -22.3901 1.25106
733.168 -12.7292 0.443595 -22.4309 1.239
733.914 -12.7385 0.440028 -22.4583 1.22902
734.659 -12.743 0.438598 -22.4702 1.22529
735.404 -12.7443 0.438639 -22.4713 1.22586
736.15 -12.7494 0.433356 -22.4856 1.20979
736.895 -12.7591 0.421884 -22.5151 1.17433
737.641 -12.7772 0.412814 -22.5717 1.14756
738.386 -12.8122 0.408571 -22.6827 1.13834
739.131 -12.8446 0.41004 -22.7846 1.14729
739.876 -12.8667 0.433921 -22.8507 1.22824
740.622 -12.8871 0.456598 -22.9112 1.30541
741.367 -12.8848 0.46528 -22.8996 1.33374
742.112 -12.8826 0.473972 -22.888 1.36207
742.858 -12.8808 0.473415 -22.8792 1.36022
743.603 -12.879 0.472293 -22.8705 1.35652
744.349 -12.8982 0.463005 -22.9318 1.32923
745.094 -12.9223 0.451895 -23.0091 1.2965
745.839 -12.9542 0.429212 -23.1144 1.22653
746.584 -12.9899 0.401364 -23.2325 1.13935
747.33 -13.0208 0.398506 -23.3326 1.13391
748.075 -13.0481 0.415451 -23.4181 1.194
748.82 -13.067 0.422351 -23.4774 1.21979
749.566 -13.0749 0.415864 -23.5014 1.19941
750.311 -13.0759 0.411286 -23.5023 1.18452
751.057 -13.0607 0.41119 -23.4488 1.18256
751.802 -13.0524 0.412187 -23.4177 1.1851
752.547 -13.0773 0.418507 -23.497 1.20969
753.293 -13.1027 0.424358 -23.5783 1.23292
754.038 -13.1406 0.420376 -23.7032 1.2249
754.783 -13.1784 0.416427 -23.8281 1.21687
755.529 -13.2005 0.409932 -23.901 1.19806
756.274 -13.2212 0.403226 -23.9689 1.17824
757.019 -13.2408 0.405458 -24.0322 1.18866
757.765 -13.2601 0.410091 -24.0944 1.20728
758.51 -13.2741 0.423509 -24.1375 1.25535
759.255 -13.2854 0.441439 -24.1707 1.31865
760.001 -13.2914 0.437822 -24.1887 1.30739
760.746 -13.2928 0.415299 -24.1934 1.23063
761.491 -13.3082 0.411817 -24.2436 1.22104
762.237 -13.3441 0.436083 -24.3606 1.30989
762.982 -13.3782 0.45 -24.4736 1.36339
763.727 -13.4082 0.43774 -24.5761 1.32562
764.473 -13.4374 0.427803 -24.6763 1.29557
765.218 -13.4633 0.430254 -24.7634 1.30819
765.963 -13.4884 0.432256 -24.8481 1.31921
766.709 -13.4894 0.418811 -24.8501 1.27239
767.454 -13.4903 0.405363 -24.8522 1.22557
768.199 -13.4849 0.397292 -24.8311 1.1968
768.945 -13.4788 0.389794 -24.8076 1.17
769.69 -13.4834 0.395228 -24.8197 1.18995
770.435 -13.491 0.40438 -24.8421 1.22337
771.181 -13.5147 0.405959 -24.9221 1.23245
771.926 -13.5469 0.403501 -25.0328 1.22849
772.671 -13.5845 0.404686 -25.1627 1.23817
773.417 -13.6269 0.409092 -25.3098 1.2601
774.162 -13.6514 0.415071 -25.3936 1.2853
774.907 -13.6497 0.423456 -25.3831 1.31536
775.653 -13.6494 0.423565 -25.3786 1.31597
776.398 -13.6526 0.402194 -25.3899 1.24022
777.143 -13.6549 0.384542 -25.3977 1.17764
777.889 -13.6527 0.387191 -25.3863 1.18713
778.634 -13.6507 0.389998 -25.3755 1.1972
779.379 -13.654 0.397621 -25.3829 1.2252
780.125 -13.6572 0.405242 -25.3903 1.2532
780.87 -13.7021 0.397765 -25.5492 1.23296
781.615 -13.7509 0.388865 -25.7234 1.20784
782.361 -13.7923 0.396172 -25.8698 1.24042
783.106 -13.8317 0.407775 -26.0086 1.28875
783.851 -13.846 0.390201 -26.0602 1.22673
784.597 -13.8477 0.357851 -26.0676 1.10864
785.342 -13.849 0.373158 -26.0672 1.16526
786.087 -13.8502 0.42887 -26.0601 1.36995
786.833 -13.8488 0.452947 -26.0479 1.45819
787.578 -13.8435 0.433237 -26.0286 1.3854
788.323 -13.8463 0.420182 -26.0377 1.33831
789.069 -13.8679 0.422833 -26.1134 1.35167
789.814 -13.8949 0.426586 -26.2088 1.37
790.559 -13.9466 0.435437 -26.3952 1.41139
791.305 -13.9965 0.442437 -26.5763 1.44608
792.05 -14.0213 0.421089 -26.6694 1.37064
792.795 -14.0461 0.399874 -26.7625 1.29521
793.541 -14.0471 0.387461 -26.7647 1.249
794.286 -14.0465 0.375626 -26.7609 1.20476
795.031 -14.0338 0.389655 -26.7081 1.25591
795.777 -14.0185 0.409538 -26.6443 1.32834
796.522 -14.0182 0.400354 -26.6415 1.29423
797.267 -14.0245 0.378616 -26.6649 1.21412
798.013 -14.0621 0.380885 -26.8024 1.22822
798.758 -14.122 0.40029 -27.0226 1.31063
799.503 -14.1639 0.408366 -27.1772 1.34815
800.249 -14.185 0.403518 -27.2552 1.33327
800.994 -14.2092 0.405866 -27.3439 1.34637
801.739 -14.2392 0.421846 -27.4532 1.41295
802.485 -14.2641 0.426479 -27.5453 1.43533
803.23 -14.2721 0.392676 -27.5784 1.30635
803.975 -14.2773 0.363041 -27.5992 1.19283
804.721 -14.2574 0.366976 -27.5187 1.20558
805.466 -14.2375 0.370937 -27.4382 1.21832
806.211 -14.2458 0.417771 -27.4596 1.39999
806.957 -14.2546 0.464839 -27.4818 1.58292
807.702 -14.29 0.461719 -27.6153 1.57791
808.447 -14.3288 0.451628 -27.7645 1.54643
809.193 -14.3606 0.434961 -27.8882 1.48762
809.938 -14.3902 0.416334 -28.0039 1.42022
810.683 -14.411 0.415636 -28.0821 1.42131
811.429 -14.4269 0.424689 -28.1397 1.45998
812.174 -14.4405 0.427296 -28.1895 1.47295
812.919 -14.4521 0.424247 -28.2325 1.46325
813.665 -14.4611 0.415688 -28.2664 1.43127
814.41 -14.4666 0.399435 -28.2875 1.36817
815.155 -14.4738 0.389016 -28.3141 1.32836
815.901 -14.4846 0.391936 -28.353 1.34196
816.646 -14.4996 0.396644 -28.4084 1.36338
817.391 -14.5324 0.408911 -28.5337 1.41806
818.137 -14.5662 0.4199 -28.6635 1.46825
818.882 -14.6123 0.417068 -28.846 1.46544
819.627 -14.6581 0.414265 -29.0284 1.46263
820.373 -14.6788 0.423462 -29.1075 1.50409
821.118 -14.6987 0.433029 -29.1831 1.54711
821.863 -14.6955 0.429343 -29.1674 1.53173
822.609 -14.6885 0.423398 -29.1363 1.50642
823.354 -14.6817 0.408937 -29.1079 1.44658
824.099 -14.675 0.391513 -29.0804 1.37484
824.845 -14.6708 0.383081 -29.0613 1.34018
825.59 -14.668 0.379861 -29.0471 1.32694
826.335 -14.6675 0.381686 -29.0414 1.33456
827.081 -14.6692 0.3881 -29.0436 1.36114
827.826 -14.6874 0.394811 -29.1132 1.39177
828.571 -14.729 0.401882 -29.2781 1.42811
829.317 -14.7691 0.404609 -29.4388 1.44672
830.062 -14.8063 0.39771 -29.5899 1.42518
830.807 -14.8412 0.38944 -29.7327 1.39731
831.553 -14.8677 0.375456 -29.8418 1.34389
832.298 -14.8913 0.364953 -29.9385 1.30418
833.043 -14.8865 0.388241 -29.9108 1.40104
833.789 -14.8817 0.411572 -29.8831 1.4979
834.534 -14.8885 0.40083 -29.9099 1.45456
835.279 -14.8954 0.389568 -29.9374 1.40901
836.025 -14.8902 0.389699 -29.9121 1.40893
836.77 -14.8833 0.391408 -29.8795 1.41512
837.515 -14.8982 0.409493 -29.9352 1.49365
838.261 -14.9196 0.432265 -30.0168 1.59338
839.006 -14.9495 0.438071 -30.1377 1.62414
839.751 -14.9835 0.435523 -30.278 1.62068
840.497 -15.0154 0.43831 -30.4092 1.6394
841.242 -15.0458 0.445154 -30.5334 1.67523
841.987 -15.059 0.467701 -30.5814 1.77463
842.733 -15.0526 0.508729 -30.5405 1.94832
843.478 -15.0608 0.509188 -30.5717 1.95255
844.223 -15.0951 0.437364 -30.732 1.65347
844.969 -15.1231 0.3885 -30.8584 1.44915
845.714 -15.1312 0.404423 -30.8866 1.51961
846.459 -15.1412 0.418935 -30.9237 1.58451
847.205 -15.162 0.425894 -31.0085 1.61915
847.95 -15.1814 0.434441 -31.0871 1.66058
848.695 -15.1775 0.471132 -31.0584 1.81911
849.441 -15.1739 0.507885 -31.0297 1.97765
850.186 -15.2129 0.496448 -31.1986 1.93829
850.931 -15.2537 0.482888 -31.3768 1.88961
851.677 -15.2824 0.419008 -31.5139 1.6159
852.422 -15.3097 0.347154 -31.6441 1.3043
853.167 -15.3083 0.368313 -31.6308 1.39791
853.913 -15.298 0.419268 -31.5717 1.62111
854.658 -15.3046 0.443261 -31.592 1.72862
855.403 -15.3198 0.453272 -31.6533 1.77658
856.149 -15.3403 0.448358 -31.7414 1.75984
856.894 -15.3648 0.431989 -31.8503 1.69296
857.639 -15.3764 0.435328 -31.8974 1.71067
858.385 -15.3733 0.461062 -31.8741 1.82478
859.13 -15.3787 0.459265 -31.8951 1.8183
859.875 -15.3986 0.411181 -31.9908 1.60852
860.621 -15.4163 0.385953 -32.0715 1.49952
861.366 -15.4279 0.419456 -32.1133 1.65239
862.112 -15.4436 0.445247 -32.1743 1.77199
862.857 -15.4765 0.437388 -32.3205 1.74452
863.602 -15.5064 0.430994 -32.4538 1.72275
864.347 -15.5091 0.438465 -32.4603 1.75748
865.093 -15.5117 0.445935 -32.4667 1.79221
865.838 -15.5169 0.41428 -32.4942 1.65
866.583 -15.5224 0.382662 -32.5217 1.50779
867.329 -15.5137 0.39535 -32.4763 1.56392
868.074 -15.5037 0.412532 -32.4236 1.63993
868.82 -15.5192 0.417078 -32.4894 1.6642
869.565 -15.5404 0.418811 -32.5814 1.67702
870.31 -15.5574 0.422834 -32.6545 1.69943
871.056 -15.5729 0.427688 -32.7205 1.72539
871.801 -15.594 0.424203 -32.8144 1.71455
872.546 -15.6182 0.416106 -32.9238 1.68313
873.292 -15.6408 0.4083 -33.026 1.65246
874.037 -15.6621 0.400732 -33.1223 1.6224
874.782 -15.6709 0.396382 -33.1602 1.6044
875.528 -15.6655 0.395661 -33.1315 1.60016
876.273 -15.6654 0.400652 -33.1265 1.62352
877.018 -15.674 0.414865 -33.1595 1.69151
877.764 -15.6829 0.421093 -33.1958 1.72268
878.509 -15.6926 0.408537 -33.2398 1.66685
879.254 -15.7026 0.397878 -33.285 1.61976
880 -15.7139 0.3941 -33.3347 1.60488
880.745 -15.7225 0.388611 -33.3723 1.58139
881.49 -15.7134 0.371687 -33.33 1.50092
882.236 -15.7073 0.356656 -33.3007 1.43003
882.981 -15.7564 0.378845 -33.522 1.54365
883.726 -15.8052 0.400708 -33.7433 1.65727
884.472 -15.839 0.396625 -33.9003 1.64579
885.217 -15.8722 0.391753 -34.0553 1.63027
885.962 -15.8843 0.376458 -34.1126 1.5602
886.708 -15.8938 0.359899 -34.1578 1.48333
887.453 -15.8963 0.351653 -34.1676 1.44469
888.198 -15.8971 0.345344 -34.169 1.41498
888.944 -15.8887 0.341793 -34.1257 1.39674
889.689 -15.8769 0.339239 -34.0661 1.38267
890.434 -15.8829 0.347698 -34.0895 1.42443
891.18 -15.8983 0.361876 -34.1564 1.49541
891.925 -15.9215 0.363803 -34.2635 1.50963
892.67 -15.9503 0.356964 -34.3998 1.4829
893.416 -15.9795 0.359412 -34.5362 1.50089
894.161 -16.0089 0.370793 -34.6727 1.56246
894.906 -16.0388 0.379234 -34.8123 1.6103
895.652 -16.0691 0.383899 -34.9557 1.64016
896.397 -16.0918 0.396206 -35.0603 1.70605
897.142 -16.1012 0.422057 -35.0962 1.83573
897.888 -16.1039 0.43078 -35.1035 1.87957
898.633 -16.0901 0.397584 -35.0403 1.71319
899.378 -16.0786 0.379964 -34.9841 1.62435
900.124 -16.0747 0.418063 -34.9526 1.8103
900.869 -16.0726 0.443234 -34.9318 1.93313
901.614 -16.0792 0.3956 -34.9722 1.70186
902.36 -16.0868 0.351523 -35.0154 1.48776
903.105 -16.1021 0.345469 -35.0883 1.46142
903.85 -16.1178 0.339555 -35.1627 1.4357
904.596 -16.151 0.34013 -35.3232 1.44538
905.341 -16.1841 0.340696 -35.4836 1.45507
906.086 -16.2013 0.336965 -35.5663 1.4402
906.832 -16.2177 0.333036 -35.645 1.42409
907.577 -16.2518 0.343295 -35.81 1.48264
908.322 -16.2879 0.355213 -35.9859 1.5506
909.068 -16.2957 0.354098 -36.0216 1.54693
909.813 -16.2975 0.350243 -36.0277 1.5281
910.558 -16.2996 0.33595 -36.0373 1.45652
911.304 -16.3018 0.318435 -36.0481 1.36863
912.049 -16.3017 0.336485 -36.0401 1.46026
912.794 -16.3007 0.369539 -36.0243 1.62753
913.54 -16.3038 0.382468 -36.0331 1.69389
914.285 -16.3091 0.384289 -36.0555 1.70462
915.03 -16.3197 0.374808 -36.1076 1.65937
915.776 -16.334 0.357429 -36.1805 1.57472
916.521 -16.3567 0.350638 -36.2935 1.5454
917.266 -16.3866 0.353153 -36.442 1.56506
918.012 -16.4179 0.362386 -36.5966 1.61974
918.757 -16.4507 0.378925 -36.7579 1.71305
919.502 -16.4759 0.395058 -36.8805 1.80319
920.248 -16.4908 0.410767 -36.9499 1.88897
920.993 -16.5127 0.414623 -37.0591 1.91531
921.738 -16.5465 0.398455 -37.2365 1.8402
922.484 -16.5671 0.400129 -37.3403 1.85474
923.229 -16.5598 0.439794 -37.2865 2.06129
923.974 -16.5521 0.455391 -37.2371 2.1409
924.72 -16.5429 0.405114 -37.2 1.87505
925.465 -16.5392 0.357879 -37.1884 1.6271
926.21 -16.5534 0.321975 -37.2671 1.44235
926.956 -16.5666 0.289861 -37.3382 1.27649
927.701 -16.5734 0.275124 -37.3729 1.20049
928.446 -16.5829 0.269201 -37.4201 1.1712
929.192 -16.6107 0.322734 -37.5529 1.45931
929.937 -16.6377 0.371664 -37.6814 1.72513
930.682 -16.6541 0.375418 -37.7635 1.74947
931.428 -16.6703 0.377535 -37.8455 1.76515
932.173 -16.6845 0.342835 -37.9256 1.58347
932.918 -16.6988 0.308347 -38.0057 1.40213
933.664 -16.7236 0.33727 -38.129 1.56306
934.409 -16.7485 0.365972 -38.2524 1.724
935.154 -16.7888 0.347217 -38.4714 1.63252
935.9 -16.8296 0.326828 -38.6942 1.53096
936.645 -16.8332 0.335281 -38.7083 1.57836
937.39 -16.8339 0.346106 -38.7052 1.63805
938.136 -16.8012 0.347222 -38.5226 1.63663
938.881 -16.764 0.347103 -38.3171 1.62746
939.626 -16.7449 0.370939 -38.2039 1.75169
940.372 -16.7289 0.399064 -38.1065 1.899
941.117 -16.7765 0.387571 -38.3625 1.85038
941.862 -16.8376 0.367658 -38.6964 1.75853
942.608 -16.8635 0.350993 -38.8381 1.674
943.353 -16.8799 0.335214 -38.9281 1.59144
944.098 -16.9013 0.397916 -39.0259 1.94298
944.844 -16.9254 0.485167 -39.1262 2.4334
945.589 -16.9148 0.429438 -39.083 2.12166
946.334 -16.8927 0.320042 -38.9866 1.51196
947.08 -16.9098 0.312093 -39.0783 1.47207
947.825 -16.9429 0.347049 -39.2498 1.67372
948.57 -16.9636 0.369834 -39.355 1.8061
949.316 -16.9783 0.386871 -39.4286 1.90548
950.061 -16.9816 0.41835 -39.4337 2.08246
950.806 -16.9791 0.457548 -39.4024 2.30052
951.552 -16.9935 0.428479 -39.4884 2.14322
952.297 -17.0181 0.360106 -39.6427 1.76751
953.042 -17.0393 0.391559 -39.7493 1.95064
953.788 -17.0593 0.485576 -39.8258 2.48778
954.533 -17.0525 0.427404 -39.8045 2.15727
955.278 -17.0303 0.264427 -39.7164 1.23337
956.024 -17.0641 0.24667 -39.9063 1.13918
956.769 -17.137 0.33413 -40.2995 1.65225
957.514 -17.1659 0.353382 -40.456 1.77041
958.26 -17.1604 0.320729 -40.4286 1.58164
959.005 -17.1514 0.293964 -40.3784 1.42628
959.75 -17.1393 0.271989 -40.3096 1.29828
960.496 -17.1456 0.328561 -40.3294 1.62392
961.241 -17.1695 0.451837 -40.425 2.33827
961.986 -17.1663 0.502667 -40.383 2.62875
962.732 -17.1373 0.489566 -40.2188 2.54228
963.477 -17.1292 0.47759 -40.1733 2.47098
964.222 -17.1403 0.466763 -40.2365 2.41357
964.968 -17.1411 0.426295 -40.2512 2.18298
965.713 -17.1327 0.35789 -40.2203 1.7902
966.458 -17.1514 0.344471 -40.3265 1.71871
967.204 -17.1951 0.383027 -40.563 1.95256
967.949 -17.2494 0.421313 -40.8605 2.19159
968.694 -17.3134 0.459113 -41.2164 2.4356
969.44 -17.3354 0.455654 -41.3431 2.42382
970.185 -17.3178 0.413119 -41.2508 2.16746
970.93 -17.3488 0.396747 -41.4344 2.08147
971.676 -17.4249 0.40518 -41.8797 2.15698
972.421 -17.4697 0.391908 -42.1489 2.09246
973.166 -17.486 0.358692 -42.2539 1.89733
973.912 -17.4869 0.34524 -42.259 1.81654
974.657 -17.4736 0.349664 -42.1732 1.83976
975.402 -17.462 0.351163 -42.0984 1.84572
976.148 -17.4518 0.350069 -42.0333 1.83651
976.893 -17.453 0.349426 -42.0362 1.83324
977.638 -17.4637 0.349167 -42.0965 1.83499
978.384 -17.4691 0.342018 -42.1268 1.79375
979.129 -17.4702 0.329328 -42.1328 1.71794
979.874 -17.4629 0.330323 -42.0847 1.72228
980.62 -17.4493 0.341746 -41.9955 1.78745
981.365 -17.4938 0.358389 -42.2546 1.90062
982.11 -17.5787 0.378225 -42.7606 2.04784
982.856 -17.6259 0.398769 -43.0398 2.1903
983.601 -17.6489 0.419921 -43.1701 2.32962
984.346 -17.6893 0.415756 -43.4185 2.31902
985.092 -17.7399 0.396684 -43.738 2.21821
985.837 -17.7585 0.360111 -43.8633 1.99417
986.583 -17.7602 0.313892 -43.8828 1.70294
987.328 -17.7611 0.316576 -43.8837 1.72047
988.073 -17.7617 0.343102 -43.8755 1.88853
988.818 -17.7445 0.377653 -43.7514 2.10114
989.564 -17.7196 0.415949 -43.5776 2.33291
990.309 -17.7016 0.44712 -43.4485 2.52083
991.055 -17.6862 0.475706 -43.3361 2.69245
991.8 -17.6908 0.447353 -43.3722 2.51813
992.545 -17.7019 0.401214 -43.4549 2.23503
993.291 -17.6995 0.398885 -43.4364 2.21983
994.036 -17.6935 0.407859 -43.3916 2.27378
994.781 -17.6924 0.40217 -43.3827 2.23815
995.527 -17.6923 0.393495 -43.3809 2.18431
996.272 -17.7063 0.375808 -43.4701 2.07906
997.017 -17.7224 0.356865 -43.5728 1.96612
997.763 -17.7625 0.338147 -43.8261 1.86103
998.508 -17.8047 0.319695 -44.0941 1.75671
999.253 -17.7763 0.425402 -43.8747 2.4164
999.999 -17.7465 0.538337 -43.632 3.11275
