255.408 1.21858 1.328 1.26219 0.587049
256.154 1.26007 1.34835 1.28265 0.58584
256.899 1.30124 1.36736 1.30234 0.584138
257.644 1.27047 1.35 1.28665 0.584214
258.39 1.22866 1.32586 1.26496 0.58397
259.135 1.26284 1.37117 1.288 0.594031
259.88 1.3265 1.43721 1.32635 0.604776
260.626 1.34636 1.44337 1.33482 0.602673
261.371 1.33725 1.41287 1.3246 0.593478
262.116 1.34124 1.39475 1.32199 0.585924
262.862 1.359 1.39038 1.32746 0.580542
263.607 1.37074 1.38668 1.33085 0.576725
264.353 1.37133 1.38426 1.33039 0.57574
265.098 1.37646 1.38675 1.33263 0.575615
265.843 1.39859 1.4071 1.34482 0.578469
266.589 1.4175 1.4227 1.35476 0.580196
267.334 1.39734 1.38963 1.3404 0.572425
268.079 1.37799 1.35593 1.32617 0.564026
268.825 1.41063 1.42217 1.35167 0.581567
269.57 1.44992 1.49185 1.38017 0.598106
270.315 1.45593 1.45726 1.37483 0.584735
271.061 1.45577 1.40031 1.36295 0.564563
271.806 1.46068 1.37851 1.36019 0.555796
272.551 1.46731 1.3727 1.36128 0.552439
273.297 1.48108 1.37141 1.36583 0.549315
274.042 1.50054 1.37362 1.37307 0.546366
274.787 1.5093 1.3783 1.37695 0.546387
275.533 1.50343 1.38669 1.37635 0.550556
276.278 1.50011 1.3827 1.37426 0.549835
277.023 1.50363 1.34792 1.36869 0.536793
277.769 1.51144 1.32351 1.36676 0.52661
278.514 1.53993 1.35324 1.38236 0.531944
279.259 1.56829 1.38079 1.39736 0.536365
280.005 1.56101 1.35397 1.38968 0.528388
280.75 1.55428 1.32711 1.38224 0.520196
281.495 1.54679 1.29792 1.37415 0.5112
282.241 1.53978 1.26839 1.36625 0.501879
282.986 1.54587 1.26756 1.36819 0.500553
283.731 1.55613 1.276 1.37326 0.501829
284.477 1.55454 1.25675 1.36921 0.495231
285.222 1.54647 1.22059 1.35995 0.483553
285.967 1.55135 1.20572 1.35911 0.477348
286.713 1.56901 1.2131 1.36668 0.477113
287.458 1.58016 1.21505 1.37094 0.476004
288.203 1.57953 1.20748 1.36936 0.473422
288.949 1.57986 1.19701 1.36766 0.469618
289.694 1.58366 1.17633 1.36558 0.461534
290.439 1.58833 1.15723 1.36413 0.453869
291.185 1.60002 1.15251 1.36756 0.450346
291.93 1.61159 1.14783 1.37095 0.446876
292.675 1.59861 1.10478 1.3595 0.433199
293.421 1.58602 1.05952 1.34799 0.418383
294.166 1.58027 1.04446 1.34357 0.413646
294.911 1.57587 1.03609 1.34064 0.41119
295.657 1.57207 1.01433 1.33602 0.40359
296.402 1.56903 0.986472 1.33089 0.393521
297.147 1.57104 0.961202 1.32813 0.38368
297.893 1.57705 0.938243 1.32728 0.374165
298.638 1.57449 0.921017 1.32399 0.367955
299.383 1.55959 0.911296 1.31695 0.366191
300.129 1.54412 0.896199 1.30897 0.362384
300.874 1.52763 0.8676 1.29885 0.353356
301.619 1.51275 0.840213 1.28954 0.344451
302.365 1.50388 0.822687 1.28384 0.338608
303.11 1.49516 0.804813 1.27818 0.33255
303.855 1.48141 0.774296 1.26903 0.321928
304.601 1.46839 0.743323 1.2602 0.310881
305.346 1.44067 0.723217 1.24659 0.30575
306.091 1.4107 0.703756 1.232 0.300989
306.837 1.38088 0.671682 1.216 0.290734
307.582 1.35177 0.634176 1.19968 0.277783
308.327 1.32554 0.621272 1.18703 0.274875
309.073 1.30041 0.624794 1.17642 0.278965
309.818 1.27545 0.610131 1.16392 0.275063
310.563 1.25159 0.574549 1.14977 0.261603
311.309 1.22831 0.547797 1.13673 0.251779
312.054 1.20473 0.539693 1.12524 0.25029
312.799 1.17703 0.530322 1.11163 0.248554
313.545 1.1339 0.516629 1.09027 0.246156
314.29 1.09041 0.501345 1.06826 0.242896
315.035 1.05537 0.477771 1.04926 0.23469
315.781 1.02004 0.452983 1.02983 0.225639
316.526 0.982913 0.431621 1.0096 0.218151
317.271 0.945191 0.409417 0.988762 0.210019
318.017 0.89977 0.388014 0.963769 0.202607
318.762 0.85158 0.365662 0.936858 0.194573
319.507 0.8022 0.350048 0.909351 0.189882
320.253 0.751373 0.337557 0.880762 0.186765
320.998 0.702743 0.325026 0.852839 0.183278
321.743 0.656106 0.312468 0.825526 0.179439
322.489 0.609344 0.300397 0.797678 0.175694
323.234 0.563038 0.289615 0.769676 0.172488
323.979 0.515655 0.279394 0.740539 0.16952
324.725 0.467331 0.272163 0.71046 0.168296
325.47 0.417572 0.264906 0.678871 0.167048
326.215 0.365669 0.260562 0.645434 0.167716
326.961 0.312227 0.255855 0.610219 0.168217
327.706 0.25829 0.257357 0.574293 0.172912
328.451 0.20271 0.258907 0.536403 0.177913
329.197 0.150878 0.263975 0.500527 0.185298
329.942 0.0985048 0.269848 0.463531 0.193582
330.687 0.0459375 0.276885 0.425663 0.203063
331.433 -0.00759549 0.284593 0.386274 0.213515
332.178 -0.0599359 0.296839 0.34735 0.227805
332.923 -0.111694 0.312694 0.308446 0.245496
333.669 -0.163239 0.328687 0.268969 0.264024
334.414 -0.214174 0.344644 0.229227 0.283228
335.159 -0.263691 0.361162 0.190005 0.303521
335.905 -0.30848 0.377991 0.15421 0.324218
336.65 -0.352894 0.394757 0.118191 0.34557
337.395 -0.392294 0.408717 0.0856541 0.364346
338.141 -0.432439 0.423174 0.0520832 0.38432
338.886 -0.474246 0.438504 0.0166756 0.40609
339.631 -0.516824 0.454384 -0.0198463 0.429295
340.377 -0.563381 0.471103 -0.0605328 0.455004
341.122 -0.611203 0.488504 -0.102947 0.482685
341.867 -0.655876 0.504063 -0.143338 0.508842
342.613 -0.700188 0.519435 -0.184026 0.535695
343.358 -0.736711 0.529867 -0.218597 0.556228
344.103 -0.768901 0.537454 -0.249891 0.573127
344.849 -0.807871 0.544977 -0.288884 0.592434
345.594 -0.853845 0.552471 -0.336222 0.61452
346.339 -0.901798 0.562509 -0.385933 0.640948
347.085 -0.952554 0.576939 -0.438364 0.674468
347.83 -1.0046 0.592038 -0.4931 0.710718
348.575 -1.05848 0.608107 -0.550767 0.750502
349.321 -1.11278 0.622724 -0.610762 0.790532
350.066 -1.16134 0.618281 -0.673245 0.805642
350.811 -1.21085 0.613604 -0.738836 0.821298
351.557 -1.25783 0.628999 -0.793509 0.86321
352.302 -1.30548 0.645724 -0.849393 0.909062
353.047 -1.36555 0.653663 -0.92848 0.951196
353.793 -1.42947 0.659945 -1.01674 0.995298
354.538 -1.50351 0.67547 -1.11809 1.06217
355.283 -1.58333 0.695943 -1.22931 1.14564
356.029 -1.65186 0.712547 -1.3289 1.22098
356.774 -1.71108 0.725801 -1.41851 1.28845
357.519 -1.76818 0.734743 -1.5108 1.35064
358.265 -1.82182 0.737307 -1.60555 1.40167
359.01 -1.87748 0.742049 -1.70567 1.46173
359.755 -1.93694 0.75233 -1.81152 1.54059
360.501 -2.00115 0.766307 -1.92679 1.63815
361.246 -2.08773 0.800669 -2.06848 1.81645
361.991 -2.17659 0.83633 -2.21402 2.02037
362.737 -2.27075 0.872788 -2.36917 2.25781
363.482 -2.36772 0.910733 -2.5245 2.5319
364.227 -2.4479 0.93783 -2.65696 2.77156
364.973 -2.52745 0.964094 -2.78491 3.03026
365.718 -2.60296 0.973455 -2.94482 3.25897
366.463 -2.67816 0.976659 -3.12463 3.49325
367.209 -2.75097 0.999974 -3.2308 3.7955
367.954 -2.82265 1.03729 -3.26688 4.15206
368.699 -2.91205 1.07395 -3.31844 4.60416
369.445 -3.02243 1.10991 -3.37328 5.19287
370.19 -3.13842 1.14764 -3.35977 5.87134
370.935 -3.2622 1.18735 -3.24423 6.65455
371.681 -3.38355 1.22752 -2.99213 7.46431
372.426 -3.48117 1.263 -2.65595 8.11881
373.171 -3.57926 1.29823 -2.21275 8.75665
373.917 -3.6496 1.31062 -1.9226 9.22673
374.662 -3.72133 1.32324 -1.56761 9.69495
375.407 -3.81395 1.34451 -0.982273 10.2433
376.153 -3.91034 1.36705 -0.270581 10.7365
376.898 -4.05012 1.42276 1.02178 11.0881
377.643 -4.20554 1.49043 2.48939 11.0741
378.389 -4.37311 1.56628 3.91901 10.6633
379.134 -4.55068 1.64948 5.13897 9.9253
379.879 -4.70569 1.72847 5.91766 9.13245
380.625 -4.83861 1.80271 6.38099 8.4156
381.37 -4.97059 1.86972 6.72126 7.76538
382.116 -5.09902 1.92223 6.98683 7.21073
382.861 -5.21892 1.96657 7.17541 6.73336
383.606 -5.30619 1.98168 7.32585 6.44256
384.352 -5.40435 2.00582 7.44184 6.10796
385.097 -5.57142 2.09558 7.44047 5.50202
385.842 -5.74409 2.19084 7.38579 4.96187
386.587 -5.98335 2.30111 7.31205 4.34914
387.333 -6.23505 2.4203 7.18837 3.81841
388.078 -6.47363 2.56779 7.0023 3.39851
388.824 -6.71747 2.73065 6.80721 3.0455
389.569 -6.96054 2.87122 6.65391 2.75537
390.314 -7.20977 3.00772 6.51441 2.50472
391.06 -7.41283 3.10532 6.41929 2.32869
391.805 -7.58127 3.17209 6.35474 2.1978
392.55 -7.75542 3.26718 6.27015 2.07682
393.296 -7.93501 3.39951 6.16494 1.96695
394.041 -8.12886 3.55051 6.05586 1.86076
394.786 -8.34945 3.73703 5.93523 1.75346
395.532 -8.60017 3.93513 5.81926 1.6441
396.277 -8.97756 4.14536 5.70151 1.49535
397.022 -9.37427 4.37872 5.58584 1.3641
397.768 -9.72097 4.71815 5.45333 1.27467
398.513 -10.0789 5.09076 5.32948 1.19449
399.258 -10.421 5.36617 5.24605 1.12307
400.004 -10.7747 5.65005 5.16895 1.05738
400.749 -11.0552 5.92392 5.10414 1.01248
401.494 -11.3164 6.2057 5.04435 0.974785
402.24 -11.5495 6.48896 4.99022 0.944346
402.985 -11.7661 6.77857 4.93985 0.918229
403.73 -12.0921 7.1002 4.88676 0.878276
404.476 -12.5413 7.46384 4.8308 0.826533
405.221 -13.0041 7.92699 4.76878 0.780387
405.966 -13.465 8.55857 4.69685 0.741165
406.712 -13.9522 9.30644 4.62392 0.703578
407.457 -14.4993 10.3176 4.54107 0.664986
408.202 -15.0246 11.4273 4.46547 0.630049
408.948 -15.5017 12.2984 4.41529 0.600397
409.693 -15.9744 13.2627 4.36687 0.572614
410.438 -16.3373 14.3254 4.31982 0.550879
411.184 -16.6584 15.491 4.27448 0.530548
411.929 -16.8132 16.5447 4.23754 0.517187
412.674 -16.8903 17.6207 4.20309 0.505566
413.42 -17.054 18.7065 4.17277 0.49067
414.165 -17.2384 19.8457 4.14453 0.47478
414.91 -17.29 21.4151 4.10821 0.457745
415.656 -17.1168 23.3985 4.06641 0.440268
416.401 -16.796 25.624 4.02565 0.421412
417.146 -16.2887 28.1652 3.98566 0.400592
417.892 -15.1758 30.9132 3.94444 0.382825
418.637 -12.959 33.6869 3.89875 0.370314
419.382 -10.2059 36.126 3.85652 0.358505
420.128 -7.57128 37.9914 3.82347 0.347193
420.873 -4.56162 39.4625 3.79162 0.336491
421.618 -1.77212 40.2658 3.76542 0.328475
422.364 1.13325 40.6666 3.73996 0.320775
423.109 3.6225 41.1014 3.7203 0.311007
423.854 6.12892 41.2948 3.70167 0.30129
424.6 8.72335 40.6399 3.68046 0.295399
425.345 11.151 39.5134 3.65881 0.290826
426.09 13.904 38.1799 3.63461 0.282491
426.836 16.6743 36.4864 3.6092 0.272181
427.581 18.9605 34.3211 3.5835 0.263493
428.326 20.6849 31.8577 3.55751 0.256388
429.072 22.0579 29.2615 3.53088 0.24869
429.817 23.1353 26.4957 3.50249 0.239728
430.562 23.6941 23.9359 3.47551 0.231992
431.308 23.7336 21.7629 3.45097 0.227314
432.053 23.593 19.8537 3.42772 0.222946
432.798 23.3834 18.5827 3.41113 0.220248
433.544 23.126 17.4153 3.39491 0.217614
434.289 23.1137 16.2607 3.37986 0.210682
435.034 23.0464 15.1708 3.36513 0.20374
435.78 22.7924 14.2005 3.35022 0.199218
436.525 22.4825 13.3167 3.33551 0.195341
437.27 22.1553 12.4822 3.3208 0.191368
438.016 21.8149 11.7052 3.30627 0.18742
438.761 21.3902 10.8975 3.28968 0.183459
439.506 20.9024 10.0946 3.27156 0.179525
440.252 20.4158 9.36163 3.25364 0.175646
440.997 19.9311 8.68729 3.23579 0.171783
441.742 19.4623 8.07594 3.21838 0.167942
442.488 19.0125 7.51225 3.20132 0.163927
443.233 18.5776 7.00439 3.18471 0.16009
443.978 18.1575 6.5505 3.16859 0.156547
444.724 17.7546 6.13908 3.15291 0.153137
445.469 17.4999 5.90277 3.14317 0.151358
446.214 17.2526 5.68008 3.13359 0.149616
446.96 17.016 5.39216 3.12304 0.145724
447.705 16.7835 5.1112 3.1125 0.141625
448.45 16.5293 4.84241 3.10129 0.13787
449.196 16.2725 4.59 3.08999 0.134314
449.941 15.9984 4.38327 3.07855 0.13215
450.686 15.7192 4.20864 3.06711 0.130881
451.432 15.443 4.02609 3.05531 0.129111
452.177 15.1685 3.83514 3.04308 0.126799
452.922 14.8989 3.6502 3.03077 0.124375
453.668 14.6283 3.46428 3.01805 0.121669
454.413 14.375 3.30031 3.00598 0.119288
455.158 14.1553 3.17909 2.99559 0.117905
455.904 13.943 3.06525 2.98536 0.116578
456.649 13.7225 2.96098 2.97468 0.115657
457.394 13.5112 2.86279 2.96421 0.114749
458.14 13.3547 2.74589 2.95568 0.112046
458.885 13.2057 2.63333 2.94742 0.10928
459.63 13.0847 2.5256 2.94041 0.106186
460.376 12.9717 2.42242 2.93378 0.103064
461.121 12.8187 2.34594 2.92551 0.1017
461.866 12.6499 2.2842 2.9165 0.101214
462.612 12.5128 2.22842 2.90901 0.100513
463.357 12.4021 2.17753 2.90282 0.0996289
464.102 12.2695 2.10785 2.89513 0.0980285
464.848 12.104 2.01116 2.88516 0.0953655
465.593 11.9521 1.93023 2.87596 0.0932207
466.338 11.8274 1.88094 2.86856 0.0923486
467.084 11.7077 1.83267 2.86134 0.0914132
467.829 11.6006 1.77911 2.85467 0.0899436
468.574 11.4962 1.72777 2.84809 0.0885072
469.32 11.3553 1.67027 2.83916 0.0871466
470.065 11.2189 1.6157 2.83038 0.0858228
470.81 11.0945 1.57999 2.82244 0.0854295
471.556 10.9753 1.54835 2.81476 0.0851851
472.301 10.8701 1.51072 2.80775 0.0843373
473.046 10.7716 1.4719 2.80107 0.0832779
473.792 10.6852 1.43491 2.79511 0.0821302
474.537 10.6073 1.39944 2.78968 0.0809288
475.282 10.5257 1.36534 2.78395 0.0798324
476.028 10.4395 1.33265 2.77786 0.078855
476.773 10.3497 1.30225 2.77148 0.0780475
477.518 10.2503 1.27522 2.7644 0.0775697
478.264 10.1561 1.24721 2.75756 0.0769243
479.009 10.0741 1.21161 2.75141 0.0755429
479.754 9.99468 1.17753 2.7454 0.0741929
480.5 9.92964 1.14649 2.74042 0.0728409
481.245 9.86584 1.1165 2.7355 0.071517
481.99 9.78536 1.09969 2.72945 0.0713589
482.736 9.70541 1.08443 2.72338 0.0712978
483.481 9.62319 1.06096 2.71696 0.0706228
484.226 9.54201 1.03605 2.71053 0.0697953
484.972 9.47707 1.01668 2.70537 0.0691702
485.717 9.42099 1.00034 2.70089 0.0686542
486.462 9.36426 0.978491 2.69626 0.0676916
487.208 9.30699 0.951854 2.69148 0.0663265
487.953 9.2468 0.930566 2.6865 0.0654022
488.698 9.18154 0.917052 2.68114 0.0651553
489.444 9.12182 0.902811 2.67618 0.0647687
490.189 9.07534 0.885649 2.67225 0.0639647
490.934 9.02733 0.869221 2.66816 0.0632249
491.68 8.96254 0.855394 2.66265 0.06289
492.425 8.89933 0.841977 2.65723 0.062558
493.17 8.84284 0.823504 2.65227 0.0616941
493.916 8.78767 0.805523 2.64739 0.060837
494.661 8.73719 0.790137 2.64292 0.0601341
495.406 8.68833 0.775565 2.63856 0.0594688
496.152 8.6336 0.754363 2.63356 0.0582611
496.897 8.57731 0.731139 2.62836 0.0568614
497.642 8.52493 0.718884 2.62359 0.05639
498.388 8.4756 0.71424 2.61914 0.0565726
499.133 8.42996 0.711579 2.61503 0.056896
499.878 8.3885 0.711302 2.6113 0.0573954
500.624 8.34886 0.704467 2.60764 0.057261
501.369 8.31228 0.68355 2.60408 0.0557564
502.115 8.27409 0.664617 2.60038 0.0544367
502.86 8.22689 0.652714 2.59587 0.0538685
503.605 8.18144 0.641137 2.59149 0.0533
504.35 8.15496 0.629287 2.58892 0.0524892
505.096 8.12876 0.617677 2.58637 0.0516897
505.841 8.08523 0.610592 2.58216 0.0515074
506.587 8.04079 0.60409 2.57783 0.0513863
507.332 8.00378 0.597552 2.57421 0.0511778
508.077 7.96929 0.591097 2.57082 0.0509456
508.823 7.9334 0.581043 2.56723 0.0503609
509.568 7.89701 0.56918 2.56355 0.0495885
510.313 7.86104 0.560567 2.55992 0.0491307
511.059 7.82551 0.554981 2.55634 0.0489709
511.804 7.78582 0.544889 2.55227 0.0483841
512.549 7.73893 0.527476 2.54734 0.0470976
513.294 7.69737 0.514532 2.54298 0.0462031
514.04 7.67024 0.514069 2.54024 0.0464666
514.785 7.64218 0.513462 2.53738 0.0467249
515.531 7.60339 0.51189 2.53336 0.0469886
516.276 7.56538 0.510275 2.52939 0.0472407
517.021 7.54537 0.498187 2.52722 0.0461852
517.767 7.52608 0.485991 2.52513 0.0451023
518.512 7.49702 0.469266 2.52193 0.043613
519.257 7.46638 0.452101 2.51854 0.0420732
520.003 7.44406 0.447302 2.51615 0.0417945
520.748 7.42533 0.447619 2.5142 0.0420415
521.493 7.39848 0.453079 2.5114 0.0429321
522.239 7.3657 0.462172 2.50796 0.0442892
522.984 7.3384 0.463434 2.50503 0.0447324
523.729 7.31791 0.454946 2.50276 0.0440205
524.475 7.29577 0.445799 2.50029 0.0432441
525.22 7.26953 0.434953 2.49733 0.0423069
525.965 7.2422 0.424928 2.49424 0.0414624
526.711 7.20803 0.417896 2.49038 0.0410116
527.456 7.17488 0.411148 2.48662 0.0405767
528.201 7.15337 0.407472 2.48421 0.0403841
528.947 7.13213 0.403854 2.48181 0.0401932
529.692 7.10491 0.39282 2.47865 0.0391914
530.437 7.07738 0.381247 2.47544 0.0381181
531.183 7.04748 0.382978 2.47204 0.038615
531.928 7.01722 0.388557 2.46862 0.0395726
532.673 6.99436 0.386735 2.46598 0.0395947
533.419 6.97584 0.380731 2.46382 0.0390795
534.164 6.9529 0.372 2.4611 0.0382731
534.909 6.92559 0.360644 2.45782 0.0371813
535.655 6.9026 0.353151 2.45507 0.0365066
536.4 6.88678 0.352044 2.45324 0.0365377
537.145 6.86973 0.350952 2.45125 0.0365804
537.891 6.84812 0.349896 2.4487 0.0366653
538.636 6.8271 0.348679 2.44621 0.0367251
539.381 6.80914 0.345919 2.44407 0.0365695
540.127 6.79139 0.343201 2.44195 0.0364152
540.872 6.77346 0.34337 2.43983 0.0366169
541.617 6.75573 0.343637 2.43772 0.0368295
542.363 6.74339 0.334741 2.4362 0.0358602
543.108 6.7322 0.32402 2.4348 0.0346494
543.853 6.71068 0.318065 2.43215 0.0341093
544.599 6.68487 0.314292 2.42897 0.0338713
545.344 6.66477 0.312411 2.4265 0.0338229
546.089 6.64914 0.311997 2.42461 0.033923
546.835 6.63211 0.310234 2.42252 0.0338634
547.58 6.61312 0.306669 2.42016 0.0335891
548.325 6.59237 0.304389 2.41757 0.0334898
549.071 6.56694 0.305125 2.4144 0.0338123
549.816 6.54289 0.304926 2.41138 0.0340051
550.561 6.52431 0.299943 2.40902 0.0335367
551.307 6.50603 0.295016 2.40669 0.033069
552.052 6.49129 0.287299 2.40479 0.0322075
552.797 6.47667 0.279734 2.4029 0.0313593
553.543 6.4591 0.276209 2.40065 0.0310559
554.288 6.44135 0.273261 2.39838 0.0308267
555.033 6.42453 0.275158 2.39625 0.0312264
555.779 6.40814 0.278579 2.39418 0.0318259
556.524 6.3919 0.275285 2.39208 0.0315377
557.269 6.37582 0.267951 2.38996 0.0307093
558.015 6.36054 0.266212 2.38799 0.0306148
558.76 6.3461 0.270324 2.38616 0.0312949
559.505 6.33297 0.27077 2.38447 0.0314768
560.251 6.32216 0.264497 2.38304 0.0307401
560.996 6.3111 0.258739 2.38158 0.0300708
561.741 6.29894 0.254616 2.37998 0.0296266
562.487 6.28696 0.250913 2.3784 0.0292353
563.232 6.27594 0.251471 2.37698 0.0294121
563.977 6.26501 0.25201 2.37557 0.0295859
564.723 6.24821 0.254016 2.37336 0.0300021
565.468 6.23126 0.256033 2.37113 0.0304229
566.213 6.21791 0.252086 2.36934 0.0300024
566.959 6.2055 0.246818 2.36767 0.0293913
567.704 6.19408 0.243265 2.36613 0.0290057
568.449 6.1832 0.240547 2.36468 0.0287294
569.195 6.17009 0.236945 2.36291 0.028345
569.94 6.15517 0.232634 2.36087 0.0278721
570.685 6.1391 0.227224 2.35867 0.0272512
571.431 6.1213 0.220226 2.3562 0.0264154
572.176 6.10561 0.217438 2.35405 0.0261491
572.921 6.09505 0.225512 2.35269 0.0273704
573.667 6.08371 0.231896 2.3512 0.0283644
574.412 6.06734 0.228405 2.34893 0.028006
575.157 6.05121 0.224988 2.34669 0.0276539
575.903 6.03404 0.219941 2.34428 0.0270745
576.648 6.01712 0.215021 2.3419 0.0265073
577.393 6.00728 0.212442 2.34054 0.0262236
578.139 5.99859 0.210241 2.33934 0.025985
578.884 5.98974 0.208627 2.33812 0.0258304
579.629 5.98089 0.207236 2.3369 0.0257069
580.375 5.96901 0.207369 2.33525 0.025821
581.12 5.95518 0.208486 2.33333 0.0260898
581.865 5.94408 0.209959 2.33179 0.026393
582.611 5.93606 0.211861 2.3307 0.026739
583.356 5.92761 0.213392 2.32954 0.0270349
584.101 5.91825 0.214203 2.32824 0.0272332
584.847 5.90835 0.213393 2.32685 0.0271997
585.592 5.89597 0.205977 2.32506 0.0262195
586.337 5.88403 0.19893 2.32332 0.0252852
587.083 5.87743 0.195321 2.32239 0.0248163
587.828 5.87087 0.191754 2.32146 0.0243518
588.573 5.8613 0.189534 2.32009 0.0241018
589.319 5.85157 0.187453 2.3187 0.023872
590.064 5.84045 0.186292 2.31711 0.0237851
590.809 5.82905 0.18538 2.31547 0.0237359
591.555 5.81751 0.185875 2.31382 0.0238953
592.3 5.80595 0.187078 2.31216 0.0241602
593.045 5.79551 0.18843 2.31067 0.0244414
593.791 5.78608 0.189919 2.30933 0.0247377
594.536 5.77633 0.188981 2.30792 0.0246744
595.281 5.76603 0.184264 2.3064 0.0240485
596.027 5.75453 0.180529 2.3047 0.0235742
596.772 5.73933 0.179521 2.30246 0.0235293
597.517 5.72557 0.178269 2.30043 0.0234384
598.263 5.72116 0.175089 2.29979 0.0229998
599.008 5.71675 0.171935 2.29916 0.0225644
599.753 5.70597 0.171001 2.29757 0.0225005
600.499 5.69518 0.17012 2.29598 0.0224441
601.244 5.68377 0.171257 2.2943 0.0226977
601.989 5.67235 0.172718 2.29261 0.0230015
602.735 5.66353 0.171474 2.29131 0.022878
603.48 5.65577 0.169167 2.29015 0.022585
604.225 5.64857 0.169737 2.2891 0.0227284
604.971 5.64177 0.17238 2.28812 0.0231876
605.716 5.63377 0.171364 2.28693 0.023093
606.461 5.62425 0.165821 2.28548 0.0223098
607.207 5.61566 0.162403 2.28418 0.021846
607.952 5.60909 0.163596 2.28322 0.022081
608.697 5.60329 0.163496 2.28237 0.0221123
609.443 5.60104 0.157227 2.28203 0.0211691
610.188 5.59844 0.15132 2.28164 0.0202827
610.933 5.58746 0.15426 2.28 0.0208104
611.679 5.5766 0.157117 2.27837 0.0213268
612.424 5.56714 0.156787 2.27694 0.0213409
613.169 5.55792 0.156116 2.27554 0.0213002
613.915 5.55313 0.158203 2.27485 0.0216656
614.66 5.54966 0.161111 2.27437 0.0221526
615.405 5.543 0.158641 2.27335 0.0218168
616.151 5.5345 0.153118 2.27203 0.0210112
616.896 5.52486 0.15082 2.27055 0.0207153
617.641 5.51412 0.151696 2.26891 0.0209235
618.387 5.50395 0.151366 2.26734 0.0209391
619.132 5.49465 0.14898 2.2659 0.0206249
619.878 5.48701 0.146999 2.26472 0.0203645
620.623 5.48477 0.146274 2.26441 0.0202737
621.368 5.48176 0.145736 2.26397 0.0202166
622.113 5.47097 0.147012 2.2623 0.0204883
622.859 5.46031 0.148244 2.26065 0.0207531
623.604 5.44928 0.146268 2.25893 0.0205089
624.349 5.43838 0.144187 2.25721 0.0202459
625.095 5.43277 0.140935 2.25634 0.0197666
625.84 5.42832 0.137456 2.25565 0.0192438
626.586 5.42281 0.136568 2.2548 0.0191407
627.331 5.41685 0.136848 2.25388 0.0192273
628.076 5.40776 0.136335 2.25245 0.019202
628.822 5.39621 0.135193 2.25063 0.0190874
629.567 5.38727 0.135507 2.24922 0.0191942
630.312 5.38183 0.137818 2.24839 0.0196068
631.057 5.37739 0.139314 2.24772 0.019883
631.803 5.37547 0.138799 2.24744 0.0198206
632.548 5.3727 0.138038 2.24703 0.0197225
633.294 5.36503 0.135846 2.24581 0.0194169
634.039 5.35743 0.133714 2.2446 0.0191194
634.784 5.35008 0.133721 2.24344 0.0191682
635.53 5.3428 0.133722 2.24229 0.0192157
636.275 5.33515 0.133424 2.24108 0.019216
637.02 5.32751 0.133084 2.23986 0.0192093
637.766 5.32224 0.130894 2.23902 0.0188874
638.511 5.3178 0.128084 2.23832 0.018459
639.256 5.31317 0.127696 2.23759 0.0184281
640.002 5.30843 0.128856 2.23686 0.0186521
640.747 5.30198 0.128231 2.23583 0.018591
641.492 5.29366 0.125651 2.23448 0.0182164
642.238 5.28742 0.124282 2.23348 0.0180307
642.983 5.28514 0.125224 2.23314 0.0182071
643.728 5.28289 0.126013 2.23281 0.0183582
644.474 5.28073 0.126214 2.23249 0.0184117
645.219 5.27808 0.126424 2.23208 0.0184692
645.964 5.26842 0.126795 2.23052 0.0185871
646.71 5.25887 0.127144 2.22897 0.0187013
647.455 5.25084 0.125701 2.22766 0.0185102
648.2 5.24299 0.124152 2.22638 0.0182997
648.946 5.23898 0.120588 2.22573 0.0177342
649.691 5.23594 0.116534 2.22524 0.0170816
650.436 5.23189 0.113915 2.22459 0.0166719
651.182 5.22736 0.112037 2.22385 0.0163875
651.927 5.21953 0.112754 2.22258 0.0165513
652.672 5.20883 0.115714 2.22083 0.0171046
653.418 5.20018 0.11768 2.21942 0.0174835
654.163 5.19458 0.118218 2.21851 0.017609
654.908 5.18944 0.118302 2.21768 0.017656
655.654 5.18553 0.117108 2.21705 0.0174818
656.399 5.18173 0.115747 2.21643 0.0172787
657.144 5.17862 0.113128 2.21593 0.0168594
657.89 5.17551 0.110531 2.21542 0.0164432
658.635 5.16378 0.111128 2.21347 0.0166046
659.38 5.15213 0.111729 2.21153 0.016767
660.126 5.14701 0.111598 2.21069 0.016776
660.871 5.14304 0.111344 2.21004 0.016759
661.616 5.14034 0.111566 2.20961 0.0168175
662.362 5.13814 0.111974 2.20927 0.0169053
663.107 5.13483 0.113286 2.20874 0.0171522
663.852 5.13073 0.115228 2.20809 0.0175104
664.598 5.12598 0.114395 2.2073 0.0173983
665.343 5.12042 0.110213 2.20636 0.0167169
666.088 5.11438 0.107881 2.20535 0.0163527
666.834 5.1073 0.109458 2.20417 0.016662
667.579 5.10143 0.110668 2.2032 0.0169037
668.324 5.10086 0.110353 2.20313 0.0168604
669.07 5.10024 0.109943 2.20305 0.0168007
669.815 5.09854 0.107418 2.20278 0.0163827
670.56 5.09683 0.104907 2.2025 0.0159665
671.306 5.08852 0.102101 2.20109 0.0155266
672.051 5.07966 0.0993302 2.19958 0.0150933
672.796 5.07274 0.100527 2.19842 0.015336
673.542 5.06639 0.10282 2.19736 0.0157665
674.287 5.06259 0.102884 2.19673 0.0158013
675.032 5.0602 0.101722 2.19634 0.0156178
675.778 5.05831 0.101807 2.19604 0.015648
676.523 5.05692 0.103102 2.19583 0.0158858
677.268 5.05426 0.103699 2.1954 0.0160081
678.014 5.04946 0.103125 2.19459 0.0159364
678.759 5.04355 0.102491 2.19359 0.0158585
679.504 5.03406 0.101654 2.19196 0.01576
680.25 5.02554 0.100797 2.1905 0.0156535
680.995 5.0243 0.0996619 2.19031 0.0154679
681.74 5.02306 0.0985314 2.19011 0.0152829
682.486 5.02203 0.0991431 2.18996 0.0154012
683.231 5.02101 0.0998093 2.18981 0.015529
683.976 5.01516 0.0958935 2.1888 0.0148753
684.722 5.00839 0.0911645 2.18763 0.014081
685.467 5.00353 0.0904774 2.1868 0.0139862
686.212 4.99949 0.0914781 2.18612 0.0141841
686.958 4.99324 0.093068 2.18506 0.0144945
687.703 4.98538 0.0950691 2.18371 0.0148843
688.448 4.97916 0.0961505 2.18264 0.0151065
689.194 4.97501 0.096086 2.18193 0.0151187
689.939 4.97189 0.0960165 2.18141 0.0151258
690.684 4.9711 0.0959386 2.1813 0.015122
691.43 4.96926 0.0957727 2.181 0.0151069
692.175 4.96209 0.0951635 2.17975 0.0150346
692.92 4.95506 0.0945127 2.17853 0.0149541
693.666 4.95009 0.0923389 2.17766 0.0145949
694.411 4.94516 0.0901995 2.17681 0.0142409
695.156 4.94116 0.0886535 2.17611 0.013988
695.902 4.9373 0.0871905 2.17545 0.0137489
696.647 4.93564 0.0862318 2.17517 0.0135909
697.392 4.93466 0.0854279 2.17502 0.0134578
698.138 4.93365 0.0837333 2.17486 0.0131662
698.883 4.93262 0.0815215 2.17469 0.0127824
699.628 4.92878 0.082107 2.17403 0.0129065
700.374 4.92214 0.0854567 2.17289 0.013534
701.119 4.91638 0.0883567 2.17189 0.0140796
701.864 4.91209 0.0905645 2.17116 0.0144968
702.61 4.90838 0.091978 2.17052 0.0147704
703.355 4.90654 0.0908464 2.17021 0.0145812
704.1 4.90509 0.0899927 2.16997 0.01444
704.846 4.9073 0.0916657 2.1704 0.0147372
705.591 4.90951 0.093353 2.17083 0.0150367
706.336 4.90285 0.0900972 2.16964 0.0144856
707.082 4.89594 0.0867365 2.16841 0.0139149
707.827 4.88845 0.0828741 2.16708 0.0132544
708.572 4.88091 0.0789962 2.16573 0.012589
709.318 4.87614 0.078234 2.16489 0.0124739
710.063 4.87256 0.0787802 2.16427 0.0125905
710.808 4.87239 0.0803243 2.16427 0.0128754
711.554 4.87482 0.0826567 2.16474 0.0132933
712.299 4.87508 0.0830899 2.16481 0.0133763
713.044 4.87251 0.0810283 2.16436 0.0130193
713.79 4.8685 0.0797371 2.16365 0.0128059
714.535 4.86117 0.0801856 2.16235 0.0129182
715.28 4.85386 0.0807371 2.16105 0.0130493
716.026 4.84621 0.0818624 2.15969 0.013286
716.771 4.8389 0.0829274 2.15839 0.0135113
717.516 4.8376 0.0834627 2.15818 0.0136188
718.262 4.8363 0.0839952 2.15797 0.0137259
719.007 4.83922 0.0813326 2.15851 0.0132368
719.752 4.8426 0.0782926 2.15913 0.0126782
720.498 4.83881 0.0758367 2.15846 0.0122502
721.243 4.83296 0.0736025 2.15741 0.0118685
721.988 4.82724 0.0717493 2.15638 0.0115547
722.734 4.82161 0.0701188 2.15537 0.0112805
723.479 4.81666 0.0702642 2.15449 0.0113279
724.224 4.81232 0.0720746 2.15372 0.0116777
724.97 4.80931 0.0727551 2.1532 0.0118171
725.715 4.80843 0.0716195 2.15305 0.0116173
726.46 4.80744 0.0716245 2.15289 0.0116266
727.206 4.80608 0.075102 2.15267 0.0122728
727.951 4.80453 0.0784806 2.15242 0.0129019
728.696 4.80168 0.0812018 2.15193 0.0134156
729.442 4.79884 0.0838923 2.15144 0.0139242
730.187 4.79065 0.081206 2.14995 0.0134659
730.932 4.78251 0.0785132 2.14846 0.0130045
731.678 4.77786 0.0767658 2.14762 0.0127038
732.423 4.77383 0.0751954 2.14689 0.012433
733.168 4.77164 0.0742058 2.14651 0.0122628
733.914 4.77016 0.0734373 2.14625 0.0121308
734.659 4.76946 0.0731209 2.14614 0.0120796
735.404 4.76929 0.073114 2.14613 0.0120838
736.15 4.76855 0.0721293 2.14601 0.0119093
736.895 4.76714 0.0700136 2.14576 0.0115279
737.641 4.76426 0.0681767 2.14524 0.0112023
738.386 4.75845 0.0668991 2.14418 0.0109886
739.131 4.75304 0.0666378 2.1432 0.0109613
739.876 4.74901 0.0702692 2.14248 0.0116515
740.622 4.74529 0.0736905 2.14182 0.0123028
741.367 4.74555 0.0751745 2.1419 0.012582
742.112 4.74581 0.0766613 2.14197 0.0128617
742.858 4.74617 0.0766103 2.14205 0.0128557
743.603 4.74653 0.0764651 2.14214 0.0128322
744.349 4.74356 0.0745944 2.1416 0.0124996
745.094 4.73985 0.072358 2.14092 0.0121011
745.839 4.73504 0.0681262 2.14004 0.0113342
746.584 4.72973 0.0630608 2.13905 0.0104118
747.33 4.72482 0.0621529 2.13815 0.0102612
748.075 4.72025 0.0644728 2.13733 0.0107116
748.82 4.71717 0.0652937 2.13677 0.0108784
749.566 4.71607 0.0641527 2.13658 0.010673
750.311 4.71602 0.0634189 2.13659 0.0105405
751.057 4.71847 0.0636349 2.13706 0.010578
751.802 4.71983 0.0639257 2.13734 0.0106327
752.547 4.71582 0.0645664 2.13661 0.0107684
753.293 4.71176 0.0651176 2.13587 0.0108878
754.038 4.7059 0.0639344 2.13479 0.010688
754.783 4.70012 0.0627764 2.13372 0.0104922
755.529 4.69683 0.0614634 2.13312 0.0102596
756.274 4.69379 0.0601505 2.13256 0.010026
757.019 4.6908 0.0602305 2.13202 0.0100536
757.765 4.68783 0.0606791 2.13148 0.0101503
758.51 4.68555 0.0625302 2.13107 0.010509
759.255 4.68361 0.0650907 2.13073 0.0110004
760.001 4.6828 0.0644627 2.13059 0.0108888
760.746 4.68296 0.0610455 2.13063 0.0102494
761.491 4.68072 0.0603151 2.13023 0.0101223
762.237 4.67504 0.0634628 2.12918 0.0107356
762.982 4.6698 0.0650477 2.12821 0.0110541
763.727 4.66559 0.0628145 2.12743 0.0106489
764.473 4.66147 0.0609574 2.12666 0.0103137
765.218 4.6577 0.0609705 2.12597 0.0103309
765.963 4.65406 0.0609278 2.1253 0.010337
766.709 4.65414 0.0589746 2.12532 0.00997084
767.454 4.65422 0.0570208 2.12535 0.0096045
768.199 4.65514 0.0559249 2.12554 0.00939839
768.945 4.65616 0.0549178 2.12574 0.0092089
769.69 4.65547 0.0556578 2.12563 0.00935463
770.435 4.65429 0.0568964 2.12543 0.00959613
771.181 4.65089 0.0568323 2.1248 0.00959688
771.926 4.64633 0.056084 2.12395 0.00947085
772.671 4.641 0.055796 2.12295 0.009434
773.417 4.63499 0.0559062 2.12183 0.0094745
774.162 4.63151 0.0564504 2.12118 0.009591
774.907 4.63168 0.0576515 2.12124 0.00982289
775.653 4.63176 0.0576775 2.12127 0.00983131
776.398 4.63162 0.0546532 2.12125 0.00925967
777.143 4.63153 0.0521605 2.12124 0.00878902
777.889 4.63185 0.0525627 2.12132 0.00886842
778.634 4.63213 0.0529854 2.12139 0.00895179
779.379 4.63163 0.0540214 2.12131 0.0091539
780.125 4.63113 0.0550554 2.12123 0.00935567
780.87 4.62501 0.0534908 2.12008 0.00907684
781.615 4.61842 0.0517138 2.11883 0.00875784
782.361 4.61271 0.0522527 2.11776 0.00887849
783.106 4.60729 0.0533834 2.11674 0.00911194
783.851 4.6056 0.0508638 2.11643 0.00863729
784.597 4.60574 0.0465004 2.11646 0.00780491
785.342 4.60544 0.0485516 2.11642 0.00820182
786.087 4.6047 0.0560288 2.11632 0.0096391
786.833 4.60462 0.0592827 2.11632 0.010266
787.578 4.60561 0.0567074 2.11652 0.00977354
788.323 4.60543 0.0549257 2.1165 0.00943626
789.069 4.60253 0.0550332 2.11596 0.00946779
789.814 4.59893 0.0552233 2.11528 0.00951705
790.559 4.59202 0.0557918 2.11397 0.00964769
791.305 4.58545 0.0561259 2.11273 0.00973268
792.05 4.5825 0.0530739 2.11217 0.0091564
792.795 4.57956 0.0500678 2.11161 0.00858819
793.541 4.57959 0.0484613 2.11162 0.00828198
794.286 4.57982 0.0469452 2.11168 0.00799269
795.031 4.58135 0.0488914 2.11199 0.00836718
795.777 4.58317 0.0516353 2.11236 0.00889431
796.522 4.58334 0.0504521 2.11241 0.00866939
797.267 4.58278 0.0475728 2.11231 0.00811968
798.013 4.57794 0.0474964 2.11139 0.0081193
798.758 4.57011 0.0493772 2.1099 0.00850358
799.503 4.56476 0.0499728 2.10888 0.00863462
800.249 4.56219 0.0491524 2.1084 0.00848532
800.994 4.55918 0.0492066 2.10783 0.00850612
801.739 4.55531 0.0508917 2.1071 0.00884479
802.485 4.55221 0.0512091 2.10651 0.00891703
803.23 4.55159 0.0469635 2.1064 0.00809872
803.975 4.55127 0.0432671 2.10634 0.00738598
804.721 4.55372 0.0439361 2.10683 0.00751342
805.466 4.55618 0.0446136 2.10732 0.00764235
806.211 4.55473 0.050349 2.10707 0.00875967
806.957 4.55315 0.0560817 2.10679 0.0098775
807.702 4.54887 0.0553015 2.10598 0.00974061
808.447 4.54427 0.0536431 2.10509 0.00943374
809.193 4.54062 0.0512858 2.10439 0.00898804
809.938 4.53726 0.0487422 2.10374 0.00850465
810.683 4.53481 0.0484597 2.10328 0.00845846
811.429 4.53285 0.0493918 2.10291 0.00864748
812.174 4.53123 0.0495725 2.10261 0.00868948
812.919 4.52991 0.0490992 2.10237 0.0086034
813.665 4.52895 0.0479987 2.10219 0.00839417
814.41 4.52848 0.0460221 2.10211 0.00801299
815.155 4.52776 0.0447261 2.10198 0.00776489
815.901 4.52649 0.0449795 2.10175 0.00781996
816.646 4.5247 0.0454045 2.10141 0.00790964
817.391 4.52076 0.0465494 2.10066 0.00814476
818.137 4.51674 0.0475208 2.09989 0.00834652
818.882 4.51146 0.0467665 2.09887 0.00821404
819.627 4.50626 0.0460296 2.09786 0.00808443
820.373 4.50384 0.0468939 2.0974 0.00826205
821.118 4.50152 0.0478014 2.09696 0.00844803
821.863 4.50195 0.0474173 2.09706 0.00837455
822.609 4.50283 0.0468122 2.09724 0.00825666
823.354 4.50376 0.0452333 2.09744 0.00794788
824.099 4.5047 0.0433106 2.09763 0.00757182
824.845 4.50528 0.0423887 2.09775 0.00739269
825.59 4.50566 0.0420489 2.09784 0.00732804
826.335 4.50573 0.0422659 2.09786 0.0073731
827.081 4.50552 0.0429891 2.09784 0.00751792
827.826 4.50341 0.0436028 2.09744 0.00764537
828.571 4.49867 0.0440509 2.09652 0.00774615
829.317 4.49416 0.0440166 2.09565 0.00775183
830.062 4.4901 0.0429363 2.09486 0.00755092
830.807 4.48632 0.0417368 2.09413 0.00732556
831.553 4.48354 0.0399898 2.09359 0.00699
832.298 4.48106 0.0386621 2.09311 0.00673603
833.043 4.48144 0.0412547 2.0932 0.00724853
833.789 4.4818 0.0438551 2.09329 0.00776255
834.534 4.48118 0.0426261 2.09318 0.00752437
835.279 4.48054 0.0413416 2.09306 0.00727521
836.025 4.48114 0.0414019 2.09319 0.00728841
836.77 4.48191 0.0416489 2.09336 0.00733801
837.515 4.48015 0.0435099 2.09303 0.00771091
838.261 4.47765 0.0458135 2.09255 0.008173
839.006 4.47439 0.046184 2.09192 0.00825594
839.751 4.47077 0.0456154 2.09122 0.00815437
840.497 4.46735 0.0456407 2.09055 0.00816953
841.242 4.46409 0.0461097 2.08992 0.0082721
841.987 4.4625 0.0483872 2.08963 0.00872869
842.733 4.46282 0.0527991 2.08971 0.00960319
843.478 4.46198 0.0527705 2.08956 0.00960217
844.223 4.45904 0.0448776 2.08897 0.00804944
844.969 4.45652 0.0395239 2.08847 0.00699689
845.714 4.45558 0.0411348 2.0883 0.00732036
846.459 4.45444 0.0425769 2.08809 0.00761092
847.205 4.45224 0.043139 2.08766 0.00772942
847.95 4.45019 0.0438725 2.08727 0.00788173
848.695 4.4503 0.0477129 2.08731 0.00864577
849.441 4.45037 0.0515601 2.08735 0.00941124
850.186 4.44647 0.0500133 2.08658 0.00911623
850.931 4.44243 0.0482536 2.08579 0.00877872
851.677 4.44006 0.0415024 2.08531 0.00744424
852.422 4.43782 0.0340122 2.08486 0.00596105
853.167 4.43785 0.0361712 2.08488 0.00639284
853.913 4.43855 0.0414205 2.08504 0.00743805
854.658 4.43772 0.0438059 2.08489 0.00791668
855.403 4.43612 0.0446984 2.08459 0.00810007
856.149 4.43412 0.0440389 2.0842 0.00797546
856.894 4.43182 0.0422029 2.08375 0.00761697
857.639 4.43066 0.042451 2.08353 0.00767113
858.385 4.43078 0.0450548 2.08357 0.00819202
859.13 4.43028 0.0448339 2.08348 0.00815138
859.875 4.4287 0.0398818 2.08317 0.00716977
860.621 4.42714 0.0372474 2.08286 0.00664966
861.366 4.42577 0.0404955 2.0826 0.00730252
862.112 4.42404 0.0429333 2.08228 0.0077948
862.857 4.42088 0.0419077 2.08166 0.00759887
863.602 4.41802 0.0410581 2.08109 0.00743724
864.347 4.41773 0.0417725 2.08105 0.00758282
865.093 4.41745 0.0424859 2.081 0.00772821
865.838 4.41719 0.0393589 2.08095 0.00710579
866.583 4.4169 0.0362383 2.0809 0.00648461
867.329 4.41769 0.0375392 2.08107 0.00674536
868.074 4.41857 0.0392936 2.08126 0.00709646
868.82 4.41704 0.0396299 2.08097 0.00716886
869.565 4.415 0.0396501 2.08057 0.00717908
870.31 4.41334 0.0399213 2.08025 0.00723877
871.056 4.41183 0.0402822 2.07996 0.00731615
871.801 4.40984 0.0397966 2.07957 0.007225
872.546 4.40759 0.0388499 2.07913 0.00704188
873.292 4.4055 0.0379497 2.07872 0.00686759
874.037 4.40355 0.0370876 2.07833 0.00670051
874.782 4.40277 0.0366191 2.07819 0.00661005
875.528 4.40331 0.0365896 2.07831 0.00660517
876.273 4.40331 0.0370684 2.07832 0.00670326
877.018 4.40242 0.0383649 2.07815 0.00696707
877.764 4.40155 0.0388975 2.07799 0.00707766
878.509 4.40074 0.0376448 2.07783 0.00682984
879.254 4.39989 0.0365729 2.07767 0.00661831
880 4.39887 0.0361459 2.07748 0.00653646
880.745 4.39812 0.0355764 2.07733 0.00642546
881.49 4.3991 0.0340395 2.07754 0.00611708
882.236 4.39979 0.0326591 2.07769 0.00584072
882.981 4.39506 0.0344561 2.07675 0.00621177
883.726 4.39039 0.036192 2.07582 0.00657118
884.472 4.38731 0.0356021 2.07521 0.00646004
885.217 4.38431 0.0349499 2.07461 0.00633603
885.962 4.38331 0.0334766 2.07442 0.00604287
886.708 4.38256 0.0319078 2.07428 0.00572993
887.453 4.3824 0.0311423 2.07425 0.00557781
888.198 4.38238 0.0305635 2.07426 0.00546309
888.944 4.38319 0.0302866 2.07443 0.0054079
889.689 4.38431 0.0301186 2.07467 0.00537415
890.434 4.38373 0.0308657 2.07456 0.00552748
891.18 4.38227 0.0320821 2.07428 0.0057769
891.925 4.38016 0.0321296 2.07386 0.00579184
892.67 4.3776 0.03135 2.07335 0.00564064
893.416 4.37497 0.0314139 2.07283 0.00565966
894.161 4.37228 0.0322769 2.0723 0.00584024
894.906 4.36958 0.0328661 2.07176 0.00596568
895.652 4.36688 0.0331106 2.07123 0.00602154
896.397 4.36482 0.0340724 2.07082 0.0062215
897.142 4.36385 0.0363029 2.07064 0.00667648
897.888 4.36358 0.0370587 2.0706 0.0068318
898.633 4.36502 0.0342132 2.07089 0.00625511
899.378 4.36616 0.032722 2.07113 0.00595321
900.124 4.3663 0.0361269 2.07117 0.00664367
900.869 4.36634 0.038376 2.07119 0.00710043
901.614 4.36608 0.0341139 2.07114 0.00624038
902.36 4.36568 0.0301676 2.07106 0.00544429
903.105 4.36437 0.029555 2.07081 0.00532411
903.85 4.36304 0.0289564 2.07055 0.0052067
904.596 4.36013 0.0288432 2.06997 0.00518993
905.341 4.35725 0.0287309 2.06939 0.00517324
906.086 4.3558 0.0283243 2.06911 0.00509471
906.832 4.35441 0.0279067 2.06883 0.00501375
907.577 4.35144 0.0286309 2.06824 0.00516688
908.322 4.34829 0.0294781 2.06761 0.00534542
909.068 4.34765 0.0293463 2.06749 0.00532134
909.813 4.34754 0.0290103 2.06748 0.00525494
910.558 4.34745 0.0277804 2.06746 0.00500684
911.304 4.34736 0.0262748 2.06745 0.00470271
912.049 4.34731 0.0278217 2.06745 0.00501881
912.794 4.34725 0.0306551 2.06745 0.00559638
913.54 4.34693 0.0317462 2.0674 0.00582031
914.285 4.34649 0.0318759 2.06732 0.00584907
915.03 4.34566 0.0310135 2.06716 0.00567678
915.776 4.34455 0.0294632 2.06694 0.00536495
916.521 4.34268 0.0287773 2.06657 0.00522994
917.266 4.34016 0.0288463 2.06606 0.00524942
918.012 4.3375 0.029471 2.06553 0.0053823
918.757 4.33469 0.0306904 2.06497 0.00563675
919.502 4.33253 0.0319028 2.06454 0.00588903
920.248 4.33123 0.0331266 2.06429 0.00614242
920.993 4.32941 0.0333261 2.06392 0.00618783
921.738 4.32674 0.0318145 2.06338 0.00588541
922.484 4.32506 0.0318451 2.06305 0.00589601
923.229 4.32546 0.0351336 2.06314 0.00656858
923.974 4.32602 0.0364592 2.06327 0.0068399
924.72 4.32708 0.0323911 2.06349 0.00600896
925.465 4.32764 0.0285317 2.06361 0.00522171
926.21 4.32665 0.0255204 2.06341 0.00460986
926.956 4.32573 0.0228365 2.06322 0.0040645
927.701 4.32524 0.0216066 2.06313 0.00381541
928.446 4.3245 0.0210905 2.06299 0.00371237
929.192 4.32205 0.0253492 2.0625 0.0045873
929.937 4.31965 0.0291974 2.06202 0.00537914
930.682 4.31833 0.0294238 2.06176 0.00542901
931.428 4.31703 0.0295178 2.0615 0.00545178
932.173 4.31607 0.0266647 2.06131 0.00487075
932.918 4.31508 0.0238394 2.06111 0.00429519
933.664 4.313 0.0260533 2.0607 0.00475288
934.409 4.3109 0.0282308 2.06028 0.00520352
935.154 4.30781 0.0265658 2.05965 0.00486815
935.9 4.30471 0.0247912 2.05902 0.00450982
936.645 4.3044 0.0254419 2.05897 0.00464523
937.39 4.30433 0.0262907 2.05896 0.00482103
938.136 4.30691 0.0265221 2.0595 0.00486637
938.881 4.30986 0.0266771 2.06011 0.00489548
939.626 4.3113 0.0286597 2.06042 0.00530124
940.372 4.31245 0.0309795 2.06067 0.00577631
941.117 4.30874 0.0298321 2.05991 0.00554841
941.862 4.30404 0.0279779 2.05895 0.00517653
942.608 4.30211 0.026562 2.05856 0.00489002
943.353 4.30092 0.0252647 2.05832 0.00462664
944.098 4.29899 0.0300435 2.05794 0.00561278
944.844 4.29667 0.0366645 2.05749 0.00697924
945.589 4.29782 0.0324211 2.05772 0.00610625
946.334 4.30005 0.0240416 2.05817 0.00438219
947.08 4.29877 0.023361 2.05792 0.00424536
947.825 4.29609 0.0259334 2.05738 0.00477917
948.57 4.29442 0.0275997 2.05705 0.00512569
949.316 4.29323 0.0288419 2.05681 0.00538448
950.061 4.29284 0.0312391 2.05674 0.00587985
950.806 4.29284 0.0342551 2.05675 0.00650199
951.552 4.29191 0.0319583 2.05657 0.0060322
952.297 4.29037 0.0266284 2.05625 0.00493851
953.042 4.28864 0.0289276 2.0559 0.00541599
953.788 4.28666 0.0359457 2.05551 0.00686684
954.533 4.28749 0.0315851 2.05569 0.00596812
955.278 4.28986 0.0193055 2.05617 0.00343637
956.024 4.28737 0.0178576 2.05566 0.00314198
956.769 4.2816 0.0241963 2.05448 0.00445714
957.514 4.27939 0.0255209 2.05404 0.00473482
958.26 4.27994 0.0231116 2.05415 0.00423805
959.005 4.28073 0.0211487 2.05432 0.00383326
959.75 4.28172 0.0195474 2.05453 0.00350296
960.496 4.28107 0.0237579 2.05441 0.00437402
961.241 4.27875 0.0328389 2.05395 0.00625349
961.986 4.27872 0.0366352 2.05396 0.00703881
962.732 4.28097 0.0358276 2.05443 0.00686933
963.477 4.28166 0.0349808 2.05458 0.00669465
964.222 4.28091 0.0341137 2.05443 0.00651834
964.968 4.28108 0.0310909 2.05447 0.00589545
965.713 4.28203 0.0260169 2.05466 0.00484812
966.458 4.2807 0.0249403 2.05439 0.00462898
967.204 4.2773 0.0276272 2.0537 0.00518986
967.949 4.27314 0.0302061 2.05286 0.00573043
968.694 4.2683 0.0326545 2.05186 0.00624611
969.44 4.26673 0.0322938 2.05155 0.00617534
970.185 4.26823 0.0292942 2.05186 0.00555319
970.93 4.26607 0.0279702 2.05142 0.00528355
971.676 4.26058 0.0282454 2.05029 0.00534991
972.421 4.25746 0.0271089 2.04964 0.00511995
973.166 4.25644 0.0246877 2.04944 0.00462012
973.912 4.25645 0.0237326 2.04944 0.00442311
974.657 4.25739 0.024098 2.04965 0.00449897
975.402 4.25823 0.0242503 2.04983 0.00453073
976.148 4.25897 0.0242127 2.04999 0.0045232
976.893 4.25891 0.0241646 2.04998 0.00451452
977.638 4.25816 0.0241078 2.04984 0.00450494
978.384 4.25782 0.0235813 2.04977 0.00439734
979.129 4.2578 0.022677 2.04977 0.0042109
979.874 4.25833 0.0227754 2.04989 0.00423187
980.62 4.25928 0.0236404 2.05009 0.00441139
981.365 4.25606 0.0246582 2.04944 0.00462794
982.11 4.25003 0.0257256 2.04819 0.00485895
982.856 4.24667 0.0269675 2.0475 0.00512308
983.601 4.245 0.0283372 2.04716 0.00541171
984.346 4.24225 0.0278789 2.0466 0.00532154
985.092 4.23888 0.0263663 2.0459 0.0050124
985.837 4.23777 0.0238048 2.04567 0.00448117
986.583 4.23783 0.0206545 2.04568 0.00382556
987.328 4.23777 0.020836 2.04568 0.00386463
988.073 4.23766 0.0226415 2.04566 0.0042423
988.818 4.23872 0.0250597 2.0459 0.00474618
989.564 4.24028 0.0277771 2.04623 0.00531148
990.309 4.24139 0.0299931 2.04647 0.00577265
991.055 4.24232 0.0320297 2.04668 0.00619652
991.8 4.24216 0.0300625 2.04665 0.00578822
992.545 4.24161 0.0268488 2.04653 0.00512079
993.291 4.2418 0.0267007 2.04658 0.00509082
994.036 4.24219 0.0273434 2.04667 0.00522529
994.781 4.2423 0.0269589 2.0467 0.00514619
995.527 4.24236 0.026365 2.04672 0.00502355
996.272 4.24148 0.0250975 2.04654 0.00476184
997.017 4.24046 0.0237412 2.04633 0.0044817
997.763 4.2378 0.0223249 2.04578 0.00419087
998.508 4.23502 0.020936 2.0452 0.00390556
999.253 4.23656 0.0282048 2.04554 0.00542095
999.999 4.23805 0.0360236 2.04587 0.0070501
