255.408 0.849236 2.00885 1.26289 0.589911
256.154 0.890345 2.06487 1.28345 0.588729
256.899 0.931853 2.11998 1.30325 0.587051
257.644 0.903075 2.07491 1.28747 0.587102
258.39 0.864063 2.01384 1.26568 0.586822
259.135 0.877845 2.09822 1.28882 0.59697
259.88 0.913564 2.23305 1.32735 0.607832
260.626 0.935212 2.25675 1.33585 0.605733
261.371 0.946409 2.20936 1.3256 0.596474
262.116 0.965492 2.1883 1.32299 0.588878
262.862 0.992842 2.19609 1.3285 0.583477
263.607 1.01166 2.20025 1.33191 0.579647
264.353 1.01434 2.19768 1.33145 0.578657
265.098 1.01947 2.20526 1.3337 0.578534
265.843 1.03398 2.25046 1.34595 0.581422
266.589 1.04755 2.28698 1.35594 0.583174
267.334 1.04598 2.22608 1.34151 0.57534
268.079 1.04516 2.16512 1.32723 0.566876
268.825 1.03871 2.28162 1.35283 0.584547
269.57 1.03527 2.40853 1.38145 0.601218
270.315 1.07226 2.36683 1.3761 0.587768
271.061 1.1186 2.28838 1.36419 0.567473
271.806 1.14304 2.26208 1.36144 0.558657
272.551 1.15709 2.25947 1.36254 0.555284
273.297 1.17767 2.26895 1.36711 0.552151
274.042 1.20358 2.28811 1.37439 0.549198
274.787 1.21231 2.30221 1.37829 0.549225
275.533 1.19714 2.30957 1.37769 0.553415
276.278 1.19579 2.30142 1.37558 0.552687
277.023 1.2292 2.25483 1.37001 0.539569
277.769 1.26019 2.22606 1.36808 0.529331
278.514 1.27747 2.29263 1.38375 0.534715
279.259 1.2956 2.35662 1.39882 0.539181
280.005 1.30775 2.31169 1.39112 0.531152
280.75 1.32026 2.26699 1.38365 0.522905
281.495 1.33308 2.21804 1.37553 0.513852
282.241 1.34634 2.16878 1.3676 0.504471
282.986 1.35619 2.17255 1.36955 0.503141
283.731 1.36492 2.19355 1.37465 0.504431
284.477 1.37796 2.16361 1.37058 0.497793
285.222 1.39416 2.10289 1.36129 0.486042
285.967 1.41313 2.08421 1.36046 0.479804
286.713 1.43453 2.10929 1.36807 0.479578
287.458 1.45021 2.12116 1.37236 0.478469
288.203 1.45527 2.10921 1.37077 0.475871
288.949 1.46406 2.09349 1.36906 0.472045
289.694 1.48601 2.06455 1.36698 0.463916
290.439 1.50801 2.03846 1.36554 0.45621
291.185 1.53008 2.0401 1.36898 0.452674
291.93 1.55205 2.04169 1.3724 0.449189
292.675 1.56392 1.96368 1.3609 0.435428
293.421 1.57664 1.8822 1.34936 0.420523
294.166 1.57812 1.85402 1.34492 0.415756
294.911 1.57697 1.83757 1.34198 0.413284
295.657 1.58588 1.7999 1.33734 0.405641
296.402 1.59977 1.7527 1.3322 0.395515
297.147 1.61978 1.71279 1.32943 0.385621
297.893 1.64459 1.67893 1.32859 0.376057
298.638 1.6514 1.64886 1.32529 0.369812
299.383 1.63289 1.62354 1.31822 0.368032
300.129 1.61665 1.5892 1.3102 0.364198
300.874 1.60649 1.53225 1.30004 0.355115
301.619 1.59764 1.47854 1.29069 0.346157
302.365 1.59278 1.44469 1.28497 0.340279
303.11 1.58812 1.41044 1.27928 0.334186
303.855 1.58143 1.35274 1.2701 0.323504
304.601 1.57547 1.29488 1.26124 0.312395
305.346 1.53936 1.24832 1.24756 0.307227
306.091 1.49915 1.20253 1.23291 0.302431
306.837 1.46457 1.1371 1.21684 0.292114
307.582 1.43274 1.0642 1.20045 0.279089
308.327 1.39542 1.03314 1.18775 0.276158
309.073 1.35385 1.02923 1.17708 0.280259
309.818 1.31966 0.996645 1.16453 0.276329
310.563 1.29452 0.931946 1.15032 0.262796
311.309 1.26672 0.882106 1.13723 0.252919
312.054 1.23239 0.861959 1.12569 0.251415
312.799 1.19224 0.838901 1.11202 0.249662
313.545 1.12999 0.805149 1.09057 0.247238
314.29 1.06832 0.769809 1.06846 0.243949
315.035 1.02199 0.725241 1.04939 0.235695
315.781 0.975622 0.67975 1.02988 0.226594
316.526 0.925929 0.639846 1.00957 0.219062
317.271 0.875797 0.599507 0.988652 0.210883
318.017 0.814757 0.559777 0.963561 0.203427
318.762 0.750536 0.519336 0.936547 0.195346
319.507 0.684216 0.48924 0.908934 0.190622
320.253 0.616309 0.464097 0.880236 0.187478
320.998 0.552332 0.439993 0.852209 0.183963
321.743 0.491861 0.416831 0.824798 0.180097
322.489 0.43194 0.394941 0.79685 0.176324
323.234 0.373232 0.37538 0.76875 0.173093
323.979 0.313859 0.356951 0.739514 0.170101
324.725 0.2538 0.342677 0.709334 0.168859
325.47 0.192831 0.328632 0.677641 0.167592
326.215 0.129879 0.31832 0.644096 0.168246
326.961 0.0661009 0.307738 0.608772 0.168733
327.706 0.00220902 0.304705 0.572734 0.173425
328.451 -0.0625433 0.30166 0.534732 0.178422
329.197 -0.122273 0.302998 0.498751 0.185809
329.942 -0.181759 0.305124 0.461651 0.194097
330.687 -0.240644 0.308423 0.423679 0.203582
331.433 -0.299734 0.31224 0.384186 0.214038
332.178 -0.35704 0.320852 0.345159 0.228338
332.923 -0.41322 0.333018 0.306155 0.246044
333.669 -0.468407 0.344961 0.266579 0.264584
334.414 -0.522206 0.356549 0.226741 0.283797
335.159 -0.57391 0.368482 0.187425 0.304098
335.905 -0.620294 0.380839 0.151546 0.324803
336.65 -0.665777 0.392842 0.115444 0.346159
337.395 -0.705608 0.402344 0.0828345 0.364934
338.141 -0.745804 0.412019 0.0491903 0.384905
338.886 -0.78726 0.422113 0.0137069 0.406668
339.631 -0.829062 0.432389 -0.0228919 0.429862
340.377 -0.874186 0.442744 -0.0636613 0.455554
341.122 -0.920016 0.453299 -0.10616 0.483212
341.867 -0.962264 0.462273 -0.146628 0.509341
342.613 -1.0037 0.470894 -0.187394 0.53616
343.358 -1.03727 0.475867 -0.222024 0.556657
344.103 -1.06642 0.478759 -0.253366 0.57352
344.849 -1.10119 0.480754 -0.292415 0.592777
345.594 -1.14161 0.481871 -0.339815 0.614795
346.339 -1.18353 0.484871 -0.38959 0.641147
347.085 -1.22779 0.491131 -0.442094 0.67458
347.83 -1.27264 0.497627 -0.496904 0.710729
348.575 -1.31854 0.504529 -0.554648 0.750393
349.321 -1.36401 0.51004 -0.614714 0.790287
350.066 -1.4022 0.500995 -0.677205 0.805253
350.811 -1.44072 0.491868 -0.742794 0.820753
351.557 -1.479 0.498762 -0.797523 0.862507
352.302 -1.5175 0.506461 -0.853469 0.908182
353.047 -1.56402 0.506046 -0.932579 0.950068
353.793 -1.61258 0.504051 -1.02084 0.993875
354.538 -1.66874 0.507913 -1.12222 1.06036
355.283 -1.72855 0.514703 -1.23349 1.14333
356.029 -1.77888 0.519723 -1.33311 1.21818
356.774 -1.82159 0.523227 -1.42274 1.28518
357.519 -1.86182 0.523943 -1.515 1.34687
358.265 -1.89856 0.520702 -1.60967 1.3974
359.01 -1.93635 0.518868 -1.70971 1.45686
359.755 -1.9766 0.520448 -1.81551 1.53501
360.501 -2.0196 0.524018 -1.93077 1.63171
361.246 -2.07773 0.538528 -2.07272 1.8086
361.991 -2.13607 0.553033 -2.21867 2.01083
362.737 -2.19636 0.566895 -2.37444 2.24619
363.482 -2.25701 0.580681 -2.53073 2.51778
364.227 -2.30572 0.589055 -2.66417 2.75509
364.973 -2.35306 0.596625 -2.79338 3.01118
365.718 -2.39578 0.594915 -2.9542 3.23702
366.463 -2.43704 0.589897 -3.13491 3.468
367.209 -2.47804 0.595849 -3.2433 3.76695
367.954 -2.51904 0.608913 -3.28297 4.1204
368.699 -2.56844 0.619488 -3.33952 4.56837
369.445 -2.6273 0.627223 -3.40179 5.15167
370.19 -2.68766 0.634736 -3.39862 5.82489
370.935 -2.75043 0.641882 -3.29737 6.60388
371.681 -2.81056 0.648873 -3.06275 7.41245
372.426 -2.85819 0.655456 -2.74277 8.0697
373.171 -2.9051 0.661474 -2.31683 8.71413
373.917 -2.93699 0.659906 -2.03964 9.18911
374.662 -2.96906 0.658271 -1.6982 9.6647
375.407 -3.01026 0.658283 -1.12948 10.2276
376.153 -3.05239 0.658344 -0.432743 10.7409
376.898 -3.11425 0.667554 0.851238 11.1322
377.643 -3.18174 0.679182 2.32741 11.1633
378.389 -3.25272 0.691736 3.78327 10.7921
379.134 -3.32597 0.704866 5.04096 10.0796
379.879 -3.38876 0.717507 5.85371 9.29479
380.625 -3.44199 0.729702 6.34329 8.57645
381.37 -3.49305 0.738789 6.70507 7.92148
382.116 -3.54044 0.742904 6.98784 7.36124
382.861 -3.58333 0.744896 7.18984 6.87761
383.606 -3.6124 0.740723 7.34898 6.58339
384.352 -3.64528 0.738317 7.47349 6.24355
385.097 -3.70452 0.748969 7.48211 5.62421
385.842 -3.76438 0.759772 7.43429 5.07134
386.587 -3.84256 0.767404 7.36706 4.44423
387.333 -3.92198 0.775105 7.24688 3.90059
388.078 -3.99774 0.790008 7.06118 3.46987
388.824 -4.07361 0.806438 6.86529 3.10777
389.569 -4.14457 0.815959 6.71129 2.81051
390.314 -4.21404 0.822764 6.5709 2.55387
391.06 -4.26761 0.824525 6.47514 2.37375
391.805 -4.30964 0.822593 6.41019 2.23993
392.55 -4.35439 0.825755 6.32473 2.11614
393.296 -4.40249 0.835325 6.21817 2.0036
394.041 -4.45384 0.846325 6.10765 1.89486
394.786 -4.51198 0.860383 5.98538 1.78499
395.532 -4.57476 0.872338 5.86788 1.67313
396.277 -4.65746 0.873628 5.74872 1.52125
397.022 -4.74105 0.875707 5.6316 1.38728
397.768 -4.82213 0.896046 5.4972 1.29586
398.513 -4.90417 0.916828 5.37159 1.21393
399.258 -4.97257 0.92337 5.28705 1.14108
400.004 -5.04019 0.928508 5.20892 1.07411
400.749 -5.09578 0.937036 5.14323 1.02831
401.494 -5.14808 0.946658 5.08261 0.989863
402.24 -5.19598 0.957375 5.02773 0.958809
402.985 -5.24148 0.968774 4.97667 0.932161
403.73 -5.29862 0.973359 4.92287 0.891471
404.476 -5.36754 0.971056 4.8662 0.83882
405.221 -5.4413 0.97479 4.80337 0.791852
405.966 -5.52302 0.989174 4.73047 0.751903
406.712 -5.6103 1.00568 4.65657 0.713628
407.457 -5.71403 1.02869 4.57262 0.674329
408.202 -5.81647 1.05069 4.49603 0.638767
408.948 -5.89509 1.05844 4.44521 0.608619
409.693 -5.97457 1.0663 4.39617 0.580378
410.438 -6.05152 1.07985 4.34853 0.558276
411.184 -6.12913 1.09385 4.30261 0.537604
411.929 -6.19286 1.10959 4.2652 0.524011
412.674 -6.25407 1.12586 4.23032 0.512188
413.42 -6.315 1.13376 4.19963 0.497055
414.165 -6.37609 1.13793 4.17103 0.48092
414.91 -6.45348 1.14852 4.13427 0.463619
415.656 -6.54424 1.16439 4.09197 0.445865
416.401 -6.63974 1.17688 4.05071 0.426721
417.146 -6.74143 1.18454 4.01024 0.405594
417.892 -6.84753 1.19915 3.96853 0.387561
418.637 -6.96261 1.23103 3.92229 0.374848
419.382 -7.07608 1.26167 3.87955 0.362852
420.128 -7.1734 1.2817 3.84611 0.351371
420.873 -7.27156 1.3021 3.81389 0.340509
421.618 -7.35521 1.32131 3.7874 0.332373
422.364 -7.43972 1.34086 3.76163 0.324559
423.109 -7.51449 1.34529 3.74175 0.314659
423.854 -7.58857 1.34776 3.72291 0.304812
424.6 -7.66616 1.36605 3.70146 0.298835
425.345 -7.74541 1.38993 3.67956 0.294191
426.09 -7.84295 1.40724 3.65509 0.285741
426.836 -7.95271 1.42049 3.6294 0.275292
427.581 -8.06528 1.44018 3.60341 0.266486
428.326 -8.18084 1.46701 3.57713 0.259282
429.072 -8.30575 1.49404 3.55021 0.251478
429.817 -8.44733 1.52095 3.52151 0.242396
430.562 -8.58747 1.55087 3.49424 0.234557
431.308 -8.71574 1.59019 3.46943 0.229811
432.053 -8.84289 1.62974 3.44593 0.225381
432.798 -8.93725 1.66114 3.42916 0.222643
433.544 -9.03255 1.69313 3.41276 0.21997
434.289 -9.13758 1.69971 3.39755 0.212955
435.034 -9.24436 1.70478 3.38267 0.20593
435.78 -9.34825 1.72396 3.3676 0.20135
436.525 -9.45234 1.74682 3.35273 0.197424
437.27 -9.56014 1.76976 3.33788 0.193401
438.016 -9.67044 1.79296 3.32319 0.189403
438.761 -9.79824 1.82405 3.30643 0.185391
439.506 -9.94172 1.8623 3.28812 0.181407
440.252 -10.0897 1.90196 3.27001 0.177479
440.997 -10.2436 1.94331 3.25198 0.173567
441.742 -10.4007 1.98499 3.23439 0.169678
442.488 -10.5628 2.02569 3.21715 0.165613
443.233 -10.7273 2.06767 3.20038 0.161729
443.978 -10.8932 2.11185 3.1841 0.158143
444.724 -11.0617 2.1572 3.16826 0.154692
445.469 -11.1705 2.18936 3.15842 0.152891
446.214 -11.2805 2.2221 3.14874 0.151127
446.96 -11.4153 2.23907 3.13809 0.147191
447.705 -11.5555 2.25379 3.12744 0.143046
448.45 -11.7058 2.27604 3.11612 0.13925
449.196 -11.8612 2.30141 3.10471 0.135654
449.941 -12.0152 2.34479 3.09316 0.133464
450.686 -12.1689 2.40103 3.08161 0.132178
451.432 -12.3359 2.45602 3.06969 0.130386
452.177 -12.5185 2.50938 3.05734 0.128047
452.922 -12.7103 2.56428 3.04491 0.125595
453.668 -12.9181 2.6209 3.03207 0.122859
454.413 -13.1226 2.67989 3.01988 0.12045
455.158 -13.3009 2.74317 3.00939 0.11905
455.904 -13.4825 2.809 2.99906 0.117707
456.649 -13.6743 2.88896 2.98827 0.116773
457.394 -13.8692 2.97129 2.97771 0.115853
458.14 -14.0543 3.0063 2.9691 0.113121
458.885 -14.2415 3.03821 2.96075 0.110327
459.63 -14.4142 3.05119 2.95368 0.1072
460.376 -14.585 3.05912 2.94699 0.104047
461.121 -14.7752 3.12012 2.93864 0.102668
461.866 -14.9769 3.21057 2.92955 0.102175
462.612 -15.155 3.28283 2.92198 0.101465
463.357 -15.3114 3.33783 2.91574 0.10057
464.102 -15.5154 3.39745 2.90797 0.0989528
464.848 -15.7951 3.46422 2.89791 0.0962621
465.593 -16.0608 3.536 2.88862 0.0940947
466.338 -16.2724 3.61805 2.88116 0.0932126
467.084 -16.4868 3.69937 2.87387 0.0922665
467.829 -16.7015 3.76101 2.86713 0.0907816
468.574 -16.9197 3.82424 2.86049 0.0893301
469.32 -17.2133 3.93144 2.85148 0.0879547
470.065 -17.514 4.04305 2.84262 0.0866165
470.81 -17.783 4.17513 2.83461 0.0862177
471.556 -18.0503 4.31462 2.82685 0.0859692
472.301 -18.3159 4.42715 2.81978 0.0851119
473.046 -18.584 4.53082 2.81304 0.0840413
473.792 -18.8367 4.6197 2.80703 0.0828817
474.537 -19.0792 4.69816 2.80154 0.081668
475.282 -19.3381 4.7905 2.79576 0.0805603
476.028 -19.6166 4.90009 2.78962 0.0795726
476.773 -19.9125 5.02937 2.78319 0.0787565
477.518 -20.2402 5.19861 2.77603 0.0782727
478.264 -20.5737 5.36295 2.76914 0.07762
479.009 -20.9104 5.4818 2.76293 0.0762249
479.754 -21.2522 5.60308 2.75687 0.0748614
480.5 -21.5558 5.6963 2.75184 0.0734963
481.245 -21.8655 5.79218 2.74688 0.0721595
481.99 -22.205 5.99321 2.74077 0.0719987
482.736 -22.5529 6.21149 2.73465 0.0719359
483.481 -22.9566 6.42141 2.72818 0.0712536
484.226 -23.3838 6.63562 2.72169 0.0704174
484.972 -23.7417 6.81981 2.71648 0.0697857
485.717 -24.0631 6.98871 2.71196 0.0692642
486.462 -24.4255 7.14356 2.70729 0.0682923
487.208 -24.8299 7.28489 2.70247 0.0669142
487.953 -25.242 7.474 2.69744 0.0659808
488.698 -25.6597 7.74193 2.69204 0.0657307
489.444 -26.0701 7.99248 2.68703 0.0653398
490.189 -26.4396 8.16313 2.68306 0.064528
490.934 -26.8286 8.35516 2.67895 0.0637809
491.68 -27.3222 8.68209 2.67339 0.0634422
492.425 -27.8272 9.0247 2.66792 0.0631063
493.17 -28.3486 9.30766 2.66292 0.062234
493.916 -28.8838 9.60189 2.65799 0.0613685
494.661 -29.3898 9.89561 2.65348 0.0606587
495.406 -29.8999 10.1994 2.64908 0.0599869
496.152 -30.544 10.5214 2.64404 0.0587679
496.897 -31.2601 10.862 2.63879 0.0573552
497.642 -31.8697 11.2869 2.63398 0.0568789
498.388 -32.3945 11.7819 2.6295 0.0570624
499.133 -32.8774 12.2875 2.62535 0.0573879
499.878 -33.3016 12.7976 2.62159 0.057891
500.624 -33.8034 13.2472 2.6179 0.0577549
501.369 -34.4887 13.5303 2.61431 0.0562368
502.115 -35.1993 13.8718 2.61058 0.0549051
502.86 -35.9459 14.4577 2.60602 0.0543314
503.605 -36.7035 15.064 2.60161 0.0537574
504.35 -37.2583 15.3739 2.59902 0.0529392
505.096 -37.826 15.6948 2.59645 0.0521325
505.841 -38.5687 16.4295 2.5922 0.051948
506.587 -39.3421 17.2504 2.58784 0.0518253
507.332 -40.037 17.9703 2.58418 0.0516145
508.077 -40.7164 18.6818 2.58076 0.0513798
508.823 -41.5328 19.4219 2.57714 0.0507896
509.568 -42.4438 20.2004 2.57343 0.0500101
510.313 -43.2991 21.0809 2.56977 0.0495479
511.059 -44.0878 22.0681 2.56616 0.0493862
511.804 -45.1242 23.1928 2.56205 0.048794
512.549 -46.6134 24.5517 2.55709 0.0474959
513.294 -47.9293 25.9353 2.55269 0.0465933
514.04 -48.4924 27.0739 2.54992 0.0468586
514.785 -49.0725 28.3208 2.54704 0.0471188
515.531 -49.8835 30.157 2.54298 0.0473841
516.276 -50.6562 32.1149 2.53898 0.0476379
517.021 -51.6969 33.0294 2.5368 0.0465732
517.767 -52.7815 33.9518 2.53468 0.045481
518.512 -54.398 35.4667 2.53146 0.0439787
519.257 -56.194 37.2217 2.52804 0.0424256
520.003 -57.0159 38.771 2.52564 0.0421443
520.748 -57.372 40.2328 2.52367 0.0423931
521.493 -57.3958 42.5099 2.52084 0.0432909
522.239 -57.0255 45.4447 2.51737 0.0446589
522.984 -57.1166 47.9562 2.51442 0.0451054
523.729 -58.0285 49.9238 2.51213 0.0443873
524.475 -59.0167 52.2065 2.50964 0.0436041
525.22 -60.1844 55.1405 2.50665 0.0426588
525.965 -61.2298 58.485 2.50354 0.0418069
526.711 -61.6963 63.0244 2.49965 0.0413519
527.456 -61.8535 67.8691 2.49586 0.040913
528.201 -61.6642 71.2474 2.49342 0.0407185
528.947 -61.2815 74.7655 2.49101 0.0405257
529.692 -61.5274 79.9463 2.48782 0.0395153
530.437 -61.5182 85.7487 2.48458 0.0384328
531.183 -58.2985 91.1341 2.48115 0.0389334
531.928 -53.5543 95.9534 2.4777 0.0398986
532.673 -50.4788 100.267 2.47505 0.0399205
533.419 -48.355 104.528 2.47287 0.0394009
534.164 -45.3566 110.171 2.47012 0.0385876
534.909 -40.9648 117.272 2.46682 0.0374864
535.655 -36.0067 122.767 2.46405 0.036806
536.4 -31.5587 125.255 2.4622 0.0368371
537.145 -26.4393 127.556 2.4602 0.0368799
537.891 -19.5459 129.746 2.45763 0.0369653
538.636 -12.5263 131.224 2.45511 0.0370254
539.381 -6.34316 132.482 2.45296 0.0368682
540.127 -0.0458466 133.152 2.45082 0.0367125
540.872 6.21995 132.217 2.44868 0.0369156
541.617 12.2423 130.692 2.44655 0.0371297
542.363 17.4325 132.294 2.44502 0.0361523
543.108 22.815 134.347 2.44361 0.0349316
543.853 31.0643 132.498 2.44094 0.0343868
544.599 39.7403 128.019 2.43773 0.0341466
545.344 45.6181 123.559 2.43525 0.0340976
546.089 49.4756 119.554 2.43334 0.0341982
546.835 53.5443 115.274 2.43123 0.034138
547.58 57.9473 110.554 2.42885 0.0338612
548.325 61.6212 104.936 2.42624 0.0337609
549.071 64.1998 97.6899 2.42304 0.0340857
549.816 66.091 91.1707 2.42 0.0342798
550.561 68.3321 86.5093 2.41762 0.0338074
551.307 70.1063 81.9381 2.41527 0.0333357
552.052 72.1627 78.2785 2.41336 0.032467
552.797 73.8807 74.5993 2.41145 0.0316118
553.543 74.2823 70.3588 2.40919 0.0313058
554.288 74.2839 66.2823 2.40689 0.0310746
555.033 73.1368 62.8399 2.40475 0.0314773
555.779 71.6709 59.7934 2.40267 0.0320814
556.524 71.3946 56.6162 2.40055 0.0317908
557.269 71.6687 53.3539 2.39841 0.0309555
558.015 70.9265 50.7175 2.39642 0.0308601
558.76 69.3131 48.7561 2.39458 0.0315454
559.505 68.3543 46.8537 2.39288 0.0317287
560.251 68.4576 44.8819 2.39144 0.030986
560.996 68.3978 42.9564 2.38996 0.0303112
561.741 67.9817 41.0714 2.38835 0.0298633
562.487 67.4829 39.3105 2.38676 0.0294687
563.232 66.5482 38.0639 2.38533 0.0296468
563.977 65.6343 36.8813 2.3839 0.0298219
564.723 64.1339 35.2667 2.38168 0.0302412
565.468 62.6669 33.7459 2.37943 0.0306652
566.213 62.0374 32.2076 2.37763 0.0302412
566.959 61.5657 30.7153 2.37594 0.0296251
567.704 61.0009 29.4869 2.37439 0.0292364
568.449 60.3985 28.4074 2.37293 0.0289578
569.195 59.6905 27.141 2.37114 0.0285701
569.94 58.8892 25.754 2.36909 0.0280934
570.685 58.0655 24.2833 2.36687 0.0274673
571.431 57.1977 22.674 2.36438 0.0266247
572.176 56.2307 21.5694 2.36221 0.0263561
572.921 55.0577 21.539 2.36084 0.027587
573.667 53.961 21.3471 2.35934 0.0285887
574.412 53.0756 20.2782 2.35705 0.0282274
575.157 52.2101 19.2821 2.35479 0.0278723
575.903 51.3611 18.1938 2.35236 0.0272882
576.648 50.5268 17.1827 2.34997 0.0267162
577.393 50.0321 16.632 2.34859 0.0264302
578.139 49.5939 16.1632 2.34739 0.0261896
578.884 49.1292 15.7368 2.34616 0.0260337
579.629 48.6612 15.3354 2.34493 0.0259092
580.375 47.9766 14.9311 2.34327 0.0260241
581.12 47.1689 14.5343 2.34132 0.0262949
581.865 46.5184 14.2572 2.33978 0.0266004
582.611 46.0308 14.1039 2.33868 0.026949
583.356 45.541 13.9222 2.33751 0.0272471
584.101 45.0346 13.6822 2.3362 0.0274468
584.847 44.5559 13.3531 2.3348 0.027413
585.592 44.1371 12.6429 2.33299 0.026425
586.337 43.7245 11.9857 2.33124 0.0254832
587.083 43.4861 11.6426 2.3303 0.0250105
587.828 43.2475 11.3088 2.32936 0.0245424
588.573 42.8349 10.9792 2.32799 0.0242903
589.319 42.4164 10.6623 2.32658 0.0240587
590.064 41.9195 10.3685 2.32498 0.0239709
590.809 41.4138 10.0904 2.32333 0.0239212
591.555 40.8841 9.88131 2.32166 0.0240818
592.3 40.3516 9.70942 2.32 0.0243487
593.045 39.875 9.56926 2.31849 0.024632
593.791 39.4473 9.45644 2.31714 0.0249305
594.536 39.0563 9.24103 2.31572 0.0248665
595.281 38.7116 8.86928 2.31419 0.0242357
596.027 38.3047 8.52878 2.31248 0.0237575
596.772 37.7163 8.25087 2.31022 0.0237122
597.517 37.1997 7.99576 2.30817 0.0236204
598.263 37.0733 7.80725 2.30753 0.0231785
599.008 36.9465 7.6222 2.30689 0.0227396
599.753 36.5508 7.43815 2.30529 0.0226751
600.499 36.1604 7.26139 2.30368 0.0226182
601.244 35.7291 7.15469 2.30199 0.0228736
601.989 35.3021 7.06218 2.3003 0.0231796
602.735 35.0051 6.90887 2.29898 0.0230551
603.48 34.7607 6.73499 2.29782 0.0227598
604.225 34.505 6.66887 2.29675 0.0229042
604.971 34.2429 6.67803 2.29577 0.0233669
605.716 33.9843 6.55187 2.29457 0.0232715
606.461 33.7264 6.26389 2.29311 0.0224822
607.207 33.4783 6.06134 2.2918 0.0220147
607.952 33.2515 6.03114 2.29083 0.0222515
608.697 33.0644 5.96772 2.28997 0.0222829
609.443 33.05 5.74328 2.28963 0.0213325
610.188 33.0189 5.52796 2.28924 0.0204392
610.933 32.6432 5.51902 2.28758 0.0209709
611.679 32.2787 5.50805 2.28594 0.0214912
612.424 31.9907 5.41255 2.2845 0.0215053
613.169 31.7168 5.3111 2.28309 0.0214642
613.915 31.5543 5.33009 2.28239 0.0218323
614.66 31.4253 5.384 2.28191 0.0223231
615.405 31.2482 5.25345 2.28088 0.0219846
616.151 31.0434 5.02244 2.27956 0.0211728
616.896 30.782 4.87995 2.27806 0.0208745
617.641 30.4694 4.82209 2.27641 0.0210842
618.387 30.186 4.73622 2.27483 0.0210999
619.132 29.9449 4.6024 2.27338 0.0207831
619.878 29.7486 4.49382 2.27219 0.0205206
620.623 29.691 4.45692 2.27187 0.0204292
621.368 29.6114 4.42012 2.27143 0.0203716
622.113 29.3132 4.38107 2.26975 0.0206452
622.859 29.0235 4.34242 2.26809 0.020912
623.604 28.7489 4.21986 2.26635 0.0206658
624.349 28.4816 4.09861 2.26462 0.0204007
625.095 28.3574 3.98173 2.26374 0.0199177
625.84 28.2634 3.86718 2.26304 0.0193909
626.586 28.129 3.81258 2.26219 0.019287
627.331 27.9782 3.78511 2.26126 0.0193741
628.076 27.7564 3.72186 2.25983 0.0193486
628.822 27.4816 3.63217 2.25799 0.019233
629.567 27.2652 3.59233 2.25657 0.0193405
630.312 27.1233 3.61759 2.25573 0.0197563
631.057 27.01 3.62844 2.25506 0.0200345
631.803 26.9661 3.60507 2.25478 0.0199716
632.548 26.904 3.57192 2.25436 0.0198728
633.294 26.7359 3.48212 2.25313 0.0195647
634.039 26.5705 3.39563 2.25191 0.019265
634.784 26.4023 3.3601 2.25075 0.0193141
635.53 26.2373 3.32529 2.24959 0.0193618
636.275 26.067 3.28273 2.24836 0.0193621
637.02 25.8988 3.24001 2.24714 0.0193553
637.766 25.7917 3.16797 2.24629 0.0190309
638.511 25.7056 3.08683 2.24558 0.0185991
639.256 25.6057 3.05795 2.24485 0.018568
640.002 25.4977 3.06207 2.24411 0.0187936
640.747 25.3614 3.02125 2.24307 0.018732
641.492 25.1944 2.93252 2.24172 0.0183546
642.238 25.0674 2.87858 2.24071 0.0181674
642.983 25.015 2.88826 2.24037 0.0183451
643.728 24.9639 2.89481 2.24003 0.0184974
644.474 24.9171 2.8895 2.23971 0.0185512
645.219 24.8602 2.88257 2.2393 0.0186091
645.964 24.6596 2.8527 2.23773 0.0187279
646.71 24.464 2.8234 2.23617 0.0188428
647.455 24.3072 2.76437 2.23485 0.0186502
648.2 24.1558 2.70493 2.23356 0.018438
648.946 24.0878 2.61994 2.2329 0.0178682
649.691 24.0401 2.52924 2.23241 0.0172106
650.436 23.9681 2.46402 2.23175 0.0167979
651.182 23.8844 2.41229 2.23101 0.0165113
651.927 23.7297 2.40113 2.22973 0.0166763
652.672 23.515 2.42396 2.22796 0.0172336
653.418 23.3447 2.43365 2.22654 0.0176153
654.163 23.2373 2.42573 2.22563 0.0177417
654.908 23.1404 2.41083 2.22479 0.0177891
655.654 23.0705 2.37616 2.22415 0.0176135
656.399 23.0035 2.33909 2.22353 0.0174089
657.144 22.9528 2.28126 2.22302 0.0169863
657.89 22.9022 2.22425 2.22251 0.016567
658.635 22.687 2.20218 2.22055 0.0167296
659.38 22.4762 2.18083 2.21859 0.0168931
660.126 22.3851 2.16412 2.21775 0.0169021
660.871 22.3148 2.1484 2.21709 0.016885
661.616 22.2658 2.14443 2.21666 0.0169439
662.362 22.2252 2.14501 2.21632 0.0170323
663.107 22.1632 2.15843 2.21579 0.0172811
663.852 22.0862 2.18056 2.21512 0.0176419
664.598 22.0055 2.15304 2.21433 0.017529
665.343 21.9198 2.06652 2.21339 0.0168424
666.088 21.8216 2.01131 2.21236 0.0164753
666.834 21.697 2.02023 2.21118 0.016787
667.579 21.5947 2.0257 2.2102 0.0170304
668.324 21.5849 2.01833 2.21013 0.0169868
669.07 21.5746 2.00924 2.21005 0.0169266
669.815 21.5511 1.96238 2.20977 0.0165055
670.56 21.5274 1.9159 2.20949 0.0160862
671.306 21.395 1.85022 2.20807 0.0156429
672.051 21.2545 1.78511 2.20655 0.0152063
672.796 21.1383 1.78944 2.20538 0.0154508
673.542 21.0301 1.81251 2.20432 0.0158844
674.287 20.968 1.80489 2.20368 0.0159195
675.032 20.9313 1.78066 2.20329 0.0157345
675.778 20.9001 1.77749 2.20299 0.015765
676.523 20.8744 1.79459 2.20278 0.0160045
677.268 20.8299 1.7979 2.20234 0.0161277
678.014 20.7543 1.7783 2.20153 0.0160554
678.759 20.6618 1.75571 2.20052 0.015977
679.504 20.5145 1.72316 2.19888 0.0158776
680.25 20.3836 1.69276 2.19741 0.0157703
680.995 20.3659 1.67234 2.19721 0.0155833
681.74 20.3482 1.65205 2.19702 0.0153969
682.486 20.3305 1.65891 2.19686 0.0155161
683.231 20.3128 1.6666 2.19671 0.0156448
683.976 20.2299 1.59547 2.1957 0.0149862
684.722 20.1348 1.51131 2.19451 0.014186
685.467 20.0618 1.49217 2.19368 0.0140904
686.212 19.9987 1.49984 2.19299 0.0142898
686.958 19.9021 1.5125 2.19192 0.0146024
687.703 19.7816 1.52826 2.19056 0.014995
688.448 19.6876 1.53304 2.18949 0.0152189
689.194 19.6265 1.52457 2.18878 0.0152311
689.939 19.5804 1.51779 2.18825 0.0152383
690.684 19.5685 1.51484 2.18813 0.0152345
691.43 19.5413 1.50885 2.18783 0.0152192
692.175 19.4381 1.48775 2.18657 0.0151464
692.92 19.3379 1.46657 2.18534 0.0150652
693.666 19.2699 1.4273 2.18447 0.0147033
694.411 19.2026 1.38895 2.18361 0.0143466
695.156 19.1479 1.36071 2.18291 0.0140918
695.902 19.0951 1.33404 2.18224 0.0138509
696.647 19.0726 1.31776 2.18196 0.0136917
697.392 19.0594 1.30468 2.18181 0.0135576
698.138 19.047 1.27913 2.18165 0.0132639
698.883 19.0349 1.24638 2.18148 0.0128772
699.628 18.98 1.2489 2.18082 0.0130022
700.374 18.8828 1.28576 2.17966 0.0136344
701.119 18.7988 1.31714 2.17866 0.0141839
701.864 18.7364 1.3408 2.17792 0.0146042
702.61 18.6833 1.35428 2.17728 0.0148798
703.355 18.6592 1.33585 2.17697 0.0146891
704.1 18.6402 1.32181 2.17673 0.0145469
704.846 18.6671 1.3472 2.17715 0.0148463
705.591 18.6941 1.3729 2.17758 0.0151481
706.336 18.608 1.31883 2.17639 0.0145928
707.082 18.5189 1.26369 2.17516 0.0140179
707.827 18.4231 1.20186 2.17381 0.0133524
708.572 18.3273 1.14065 2.17245 0.012682
709.318 18.2646 1.1245 2.17161 0.012566
710.063 18.2163 1.12706 2.17098 0.0126835
710.808 18.2116 1.14673 2.17098 0.0129705
711.554 18.2401 1.17994 2.17145 0.0133916
712.299 18.2425 1.18558 2.17152 0.0134751
713.044 18.2107 1.15499 2.17107 0.0131154
713.79 18.1592 1.13291 2.17036 0.0129005
714.535 18.0627 1.12971 2.16905 0.0130135
715.28 17.9671 1.12787 2.16774 0.0131456
716.026 17.8672 1.13297 2.16637 0.013384
716.771 17.7724 1.13759 2.16506 0.0136109
717.516 17.7548 1.14249 2.16484 0.0137192
718.262 17.7372 1.14735 2.16463 0.0138271
719.007 17.7768 1.11673 2.16518 0.0133344
719.752 17.8226 1.08162 2.16581 0.0127717
720.498 17.7766 1.04592 2.16513 0.0123405
721.243 17.7045 1.01114 2.16407 0.0119559
721.988 17.634 0.981639 2.16303 0.0116398
722.734 17.5648 0.955329 2.16202 0.0113636
723.479 17.5024 0.951972 2.16113 0.0114112
724.224 17.4465 0.969813 2.16036 0.0117636
724.97 17.4081 0.974906 2.15982 0.011904
725.715 17.398 0.959756 2.15968 0.0117028
726.46 17.3852 0.958543 2.15952 0.0117121
727.206 17.3646 0.999593 2.1593 0.012363
727.951 17.3416 1.0391 2.15905 0.0129968
728.696 17.3034 1.06903 2.15855 0.0135142
729.442 17.2653 1.09841 2.15806 0.0140266
730.187 17.1685 1.05667 2.15655 0.0135648
730.932 17.0729 1.01551 2.15506 0.0131
731.678 17.0186 0.989658 2.15421 0.0127971
732.423 16.9717 0.966724 2.15348 0.0125243
733.168 16.9462 0.952593 2.15309 0.0123528
733.914 16.9289 0.941802 2.15283 0.0122198
734.659 16.9204 0.937118 2.15272 0.0121683
735.404 16.9179 0.936602 2.1527 0.0121724
736.15 16.9096 0.923991 2.15258 0.0119966
736.895 16.8945 0.89743 2.15234 0.0116125
737.641 16.8616 0.872938 2.15181 0.0112845
738.386 16.7939 0.852656 2.15075 0.0110692
739.131 16.7305 0.84478 2.14976 0.0110417
739.876 16.6801 0.883329 2.14903 0.0117369
740.622 16.6335 0.919411 2.14837 0.012393
741.367 16.6347 0.936561 2.14844 0.0126742
742.112 16.6359 0.953743 2.14852 0.0129559
742.858 16.6397 0.953231 2.1486 0.0129499
743.603 16.6436 0.951635 2.14869 0.0129262
744.349 16.6106 0.92702 2.14815 0.0125912
745.094 16.5694 0.897669 2.14746 0.0121897
745.839 16.5174 0.844722 2.14657 0.0114171
746.584 16.4603 0.78233 2.14558 0.010488
747.33 16.4047 0.768027 2.14467 0.0103363
748.075 16.3508 0.790587 2.14384 0.01079
748.82 16.315 0.797233 2.14328 0.010958
749.566 16.3031 0.783302 2.14309 0.0107511
750.311 16.3027 0.774777 2.14309 0.0106175
751.057 16.3298 0.778845 2.14358 0.0106554
751.802 16.3445 0.782942 2.14385 0.0107104
752.547 16.2984 0.786865 2.14312 0.0108472
753.293 16.252 0.789715 2.14237 0.0109674
754.038 16.187 0.771829 2.14128 0.0107661
754.783 16.1233 0.754462 2.14021 0.0105688
755.529 16.0874 0.737333 2.1396 0.0103345
756.274 16.0543 0.720481 2.13904 0.0100992
757.019 16.021 0.71907 2.13849 0.0101269
757.765 15.9877 0.721728 2.13795 0.0102244
758.51 15.9611 0.74019 2.13754 0.0105857
759.255 15.9377 0.766561 2.1372 0.0110807
760.001 15.9289 0.758907 2.13706 0.0109682
760.746 15.9327 0.721534 2.1371 0.0103242
761.491 15.9085 0.711832 2.13669 0.0101961
762.237 15.8442 0.741862 2.13564 0.0108138
762.982 15.7861 0.75504 2.13466 0.0111346
763.727 15.742 0.727854 2.13387 0.0107264
764.473 15.6988 0.704951 2.1331 0.0103888
765.218 15.6582 0.702377 2.1324 0.0104061
765.963 15.6191 0.699315 2.13172 0.0104123
766.709 15.621 0.678428 2.13175 0.0100434
767.454 15.6227 0.657524 2.13177 0.00967441
768.199 15.6328 0.646259 2.13196 0.0094668
768.945 15.6439 0.635977 2.13217 0.00927594
769.69 15.6358 0.643253 2.13206 0.00942273
770.435 15.6222 0.655514 2.13185 0.00966598
771.181 15.5857 0.652541 2.13122 0.00966672
771.926 15.5377 0.64166 2.13037 0.00953975
772.671 15.4814 0.635231 2.12936 0.00950261
773.417 15.4181 0.63262 2.12823 0.00954338
774.162 15.3812 0.636047 2.12758 0.0096607
774.907 15.3819 0.648482 2.12763 0.00989428
775.653 15.3824 0.648632 2.12766 0.00990276
776.398 15.3824 0.616891 2.12764 0.00932697
777.143 15.3826 0.590719 2.12764 0.00885289
777.889 15.3853 0.594915 2.12771 0.00893287
778.634 15.3878 0.599313 2.12779 0.00901685
779.379 15.3816 0.609648 2.12771 0.00922043
780.125 15.3755 0.61995 2.12763 0.00942366
780.87 15.3126 0.600049 2.12647 0.00914278
781.615 15.2452 0.577918 2.12521 0.00882143
782.361 15.1861 0.5802 2.12413 0.00894292
783.106 15.1298 0.588635 2.12311 0.00917805
783.851 15.1136 0.561929 2.12279 0.00869995
784.597 15.117 0.517457 2.12282 0.00786153
785.342 15.1127 0.538026 2.12278 0.00826131
786.087 15.1008 0.613474 2.12268 0.00970902
786.833 15.0979 0.64632 2.12268 0.0103405
787.578 15.1091 0.620581 2.12288 0.00984444
788.323 15.108 0.602215 2.12286 0.00950471
789.069 15.0783 0.601539 2.12232 0.00953646
789.814 15.0414 0.601307 2.12164 0.00958606
790.559 14.9712 0.603047 2.12032 0.00971761
791.305 14.9049 0.602602 2.11906 0.00980319
792.05 14.8769 0.570436 2.1185 0.00922272
792.795 14.8488 0.538889 2.11793 0.00865038
793.541 14.8497 0.522803 2.11795 0.00834194
794.286 14.8524 0.507704 2.11801 0.00805056
795.031 14.8665 0.52765 2.11832 0.00842778
795.777 14.8829 0.555737 2.1187 0.00895873
796.522 14.8849 0.54389 2.11874 0.00873218
797.267 14.8805 0.514789 2.11864 0.00817849
798.013 14.8321 0.511601 2.11772 0.00817809
798.758 14.7535 0.52633 2.11621 0.00856512
799.503 14.7004 0.52947 2.11519 0.00869708
800.249 14.6754 0.520071 2.1147 0.00854669
800.994 14.6456 0.519042 2.11413 0.00856762
801.739 14.6069 0.533474 2.11339 0.00890873
802.485 14.5764 0.534921 2.1128 0.00898147
803.23 14.5721 0.493343 2.11269 0.00815724
803.975 14.5703 0.457248 2.11263 0.00743935
804.721 14.5936 0.464642 2.11312 0.00756772
805.466 14.617 0.472157 2.11362 0.0076976
806.211 14.6 0.52714 2.11336 0.00882299
806.957 14.5816 0.581872 2.11308 0.00994889
807.702 14.5403 0.571965 2.11226 0.00981099
808.447 14.4965 0.55351 2.11137 0.00950188
809.193 14.4623 0.528949 2.11066 0.00905294
809.938 14.4311 0.502892 2.11001 0.00856605
810.683 14.4075 0.498964 2.10955 0.00851951
811.429 14.3881 0.50685 2.10918 0.00870988
812.174 14.3724 0.507713 2.10887 0.00875218
812.919 14.3598 0.502492 2.10863 0.00866547
813.665 14.3509 0.491486 2.10845 0.00845473
814.41 14.3471 0.47239 2.10837 0.0080708
815.155 14.3406 0.459667 2.10824 0.0078209
815.901 14.3281 0.461428 2.108 0.00787636
816.646 14.3108 0.464597 2.10766 0.00796668
817.391 14.2728 0.473645 2.10691 0.00820349
818.137 14.2344 0.480965 2.10613 0.00840668
818.882 14.1849 0.471535 2.1051 0.00827323
819.627 14.1364 0.462379 2.10409 0.00814266
820.373 14.1133 0.469312 2.10362 0.00832154
821.118 14.0912 0.476661 2.10318 0.00850886
821.863 14.0951 0.473166 2.10328 0.00843485
822.609 14.1033 0.467808 2.10347 0.00831611
823.354 14.1124 0.453409 2.10366 0.00800511
824.099 14.1217 0.435792 2.10385 0.00762635
824.845 14.1272 0.427329 2.10398 0.00744593
825.59 14.1306 0.424203 2.10406 0.00738082
826.335 14.131 0.426145 2.10409 0.00742621
827.081 14.1285 0.432693 2.10406 0.00757207
827.826 14.1084 0.437479 2.10366 0.00770043
828.571 14.0641 0.439684 2.10274 0.00780191
829.317 14.0223 0.437513 2.10186 0.00780762
830.062 13.9851 0.425917 2.10107 0.00760524
830.807 13.9507 0.413411 2.10033 0.00737825
831.553 13.9256 0.396333 2.09979 0.00704027
832.298 13.9033 0.383259 2.09931 0.00678445
833.043 13.9056 0.406939 2.0994 0.00730064
833.789 13.9077 0.430694 2.09949 0.00781836
834.534 13.9023 0.419155 2.09937 0.00757847
835.279 13.8967 0.407115 2.09926 0.00732751
836.025 13.9019 0.407783 2.09939 0.00734081
836.77 13.9087 0.410217 2.09955 0.00739077
837.515 13.8918 0.426439 2.09922 0.00776634
838.261 13.8679 0.446343 2.09874 0.00823174
839.006 13.8379 0.44833 2.09811 0.00831527
839.751 13.8053 0.441684 2.0974 0.00821295
840.497 13.7742 0.440502 2.09673 0.00822821
841.242 13.7444 0.44337 2.09609 0.00833149
841.987 13.7292 0.4631 2.09579 0.00879136
842.733 13.7299 0.502716 2.09588 0.00967214
843.478 13.7222 0.501999 2.09572 0.00967111
844.223 13.6989 0.430039 2.09513 0.00810722
844.969 13.6781 0.381208 2.09463 0.0070471
845.714 13.6689 0.395179 2.09446 0.00737289
846.459 13.6581 0.407551 2.09424 0.00766553
847.205 13.6381 0.411686 2.09382 0.00778487
847.95 13.6194 0.417379 2.09342 0.00793826
848.695 13.6188 0.451432 2.09346 0.00870778
849.441 13.6176 0.485523 2.0935 0.00947875
850.186 13.5835 0.470124 2.09273 0.00918161
850.931 13.5484 0.452889 2.09192 0.00884165
851.677 13.5298 0.392444 2.09145 0.0074976
852.422 13.5122 0.325757 2.091 0.00600377
853.167 13.5116 0.344664 2.09102 0.00643865
853.913 13.516 0.390961 2.09118 0.00749135
854.658 13.5076 0.411557 2.09103 0.00797341
855.403 13.4931 0.418739 2.09072 0.00815811
856.149 13.4757 0.412161 2.09033 0.00803259
856.894 13.4559 0.39521 2.08987 0.00767153
857.639 13.4455 0.396902 2.08965 0.00772608
858.385 13.4455 0.419608 2.08969 0.0082507
859.13 13.441 0.417417 2.0896 0.00820976
859.875 13.4287 0.373587 2.08929 0.00722112
860.621 13.4158 0.35006 2.08898 0.00669728
861.366 13.4027 0.377828 2.08872 0.00735481
862.112 13.3867 0.398366 2.08839 0.0078506
862.857 13.3595 0.388329 2.08777 0.00765326
863.602 13.3348 0.379959 2.0872 0.00749046
864.347 13.3319 0.385962 2.08715 0.00763708
865.093 13.329 0.391953 2.08711 0.00778351
865.838 13.3277 0.364782 2.08706 0.00715664
866.583 13.326 0.337666 2.08701 0.006531
867.329 13.3322 0.34906 2.08718 0.00679363
868.074 13.3391 0.364421 2.08737 0.00714725
868.82 13.3256 0.366775 2.08707 0.00722016
869.565 13.3078 0.366233 2.08667 0.00723044
870.31 13.2933 0.367975 2.08635 0.00729055
871.056 13.28 0.37053 2.08606 0.00736848
871.801 13.2629 0.365661 2.08566 0.00727667
872.546 13.2437 0.356777 2.08522 0.00709223
873.292 13.226 0.348371 2.08481 0.00691668
874.037 13.2094 0.340358 2.08442 0.0067484
874.782 13.2026 0.336061 2.08427 0.0066573
875.528 13.2071 0.335894 2.08439 0.00665238
876.273 13.2068 0.339911 2.0844 0.00675118
877.018 13.1987 0.350644 2.08424 0.00701686
877.764 13.1909 0.354857 2.08407 0.00712824
878.509 13.1843 0.343871 2.08392 0.00687865
879.254 13.1772 0.334427 2.08375 0.0066656
880 13.1685 0.330437 2.08356 0.00658317
880.745 13.1621 0.325315 2.08341 0.00647137
881.49 13.1707 0.312441 2.08362 0.00616079
882.236 13.1768 0.300806 2.08377 0.00588246
882.981 13.1359 0.314766 2.08282 0.00625615
883.726 13.0958 0.328118 2.08189 0.00661811
884.472 13.0698 0.322226 2.08127 0.00650616
885.217 13.0446 0.315861 2.08067 0.00638125
885.962 13.0364 0.303154 2.08048 0.006086
886.708 13.0303 0.289726 2.08033 0.00577082
887.453 13.029 0.283197 2.08031 0.00561762
888.198 13.0288 0.27827 2.08031 0.00550208
888.944 13.0356 0.276074 2.08049 0.00544649
889.689 13.0449 0.274862 2.08073 0.00541251
890.434 13.0397 0.280942 2.08062 0.00556693
891.18 13.027 0.290738 2.08033 0.00581813
891.925 13.0091 0.290554 2.07992 0.00583317
892.67 12.9877 0.283345 2.0794 0.00568088
893.416 12.9656 0.283187 2.07888 0.00570003
894.161 12.9428 0.289667 2.07834 0.00588189
894.906 12.9201 0.293842 2.0778 0.00600821
895.652 12.8975 0.295139 2.07726 0.00606446
896.397 12.88 0.302526 2.07685 0.00626584
897.142 12.8713 0.320659 2.07667 0.00672406
897.888 12.8687 0.326771 2.07663 0.00688049
898.633 12.8813 0.303563 2.07692 0.00629969
899.378 12.891 0.291444 2.07716 0.00599565
900.124 12.891 0.319618 2.07721 0.00669102
900.869 12.8907 0.338196 2.07723 0.00715104
901.614 12.8895 0.302774 2.07718 0.00628486
902.36 12.887 0.269944 2.0771 0.00548309
903.105 12.8762 0.264524 2.07684 0.00536205
903.85 12.8652 0.259225 2.07658 0.0052438
904.596 12.8411 0.257601 2.07599 0.00522691
905.341 12.8173 0.255998 2.07542 0.00521009
906.086 12.8052 0.252288 2.07513 0.00513099
906.832 12.7938 0.248513 2.07485 0.00504946
907.577 12.7692 0.253764 2.07425 0.00520366
908.322 12.7431 0.259957 2.07362 0.00538347
909.068 12.7378 0.258687 2.0735 0.00535922
909.813 12.7368 0.255867 2.07348 0.00529235
910.558 12.7362 0.24576 2.07347 0.00504247
911.304 12.7357 0.233407 2.07346 0.00473619
912.049 12.7348 0.245961 2.07346 0.00505453
912.794 12.7335 0.269003 2.07346 0.00563622
913.54 12.7306 0.277774 2.07341 0.00586174
914.285 12.7269 0.278676 2.07333 0.0058907
915.03 12.7201 0.271406 2.07317 0.00571718
915.776 12.7113 0.258486 2.07294 0.00540313
916.521 12.6961 0.252457 2.07257 0.00526715
917.266 12.6755 0.252434 2.07206 0.00528677
918.012 12.6537 0.256879 2.07153 0.00542058
918.757 12.6307 0.266073 2.07096 0.00567683
919.502 12.6128 0.275316 2.07053 0.0059309
920.248 12.6019 0.284821 2.07027 0.00618608
920.993 12.5871 0.285947 2.06991 0.00623181
921.738 12.5659 0.273141 2.06936 0.00592723
922.484 12.5523 0.272957 2.06903 0.0059379
923.229 12.5546 0.299348 2.06912 0.00661526
923.974 12.5586 0.31006 2.06925 0.0068885
924.72 12.568 0.277641 2.06947 0.00605167
925.465 12.5732 0.246742 2.06959 0.00525882
926.21 12.5657 0.222335 2.06939 0.00464262
926.956 12.5587 0.200601 2.0692 0.00409338
927.701 12.5548 0.190616 2.06911 0.00384253
928.446 12.5489 0.186317 2.06896 0.00373874
929.192 12.5284 0.219925 2.06847 0.00461989
929.937 12.5084 0.250135 2.06799 0.00541735
930.682 12.4977 0.251619 2.06773 0.00546757
931.428 12.4872 0.252051 2.06747 0.00549049
932.173 12.48 0.229112 2.06728 0.00490533
932.918 12.4726 0.206423 2.06708 0.00432569
933.664 12.4555 0.223587 2.06666 0.00478662
934.409 12.4384 0.240403 2.06624 0.00524045
935.154 12.4141 0.22659 2.06561 0.00490269
935.9 12.3898 0.211977 2.06497 0.00454181
936.645 12.3872 0.217006 2.06492 0.00467818
937.39 12.3863 0.223637 2.06491 0.00485523
938.136 12.4065 0.225895 2.06545 0.0049009
938.881 12.4298 0.227628 2.06607 0.00493022
939.626 12.4406 0.243558 2.06638 0.00533887
940.372 12.4491 0.262136 2.06663 0.00581731
941.117 12.4199 0.252227 2.06587 0.00558778
941.862 12.3831 0.236609 2.0649 0.00521325
942.608 12.3681 0.225054 2.06451 0.00492471
943.353 12.3588 0.214596 2.06427 0.00465946
944.098 12.3426 0.251706 2.06388 0.00565258
944.844 12.3229 0.303032 2.06342 0.00702872
945.589 12.3327 0.270013 2.06366 0.00614955
946.334 12.3517 0.204666 2.06412 0.00441327
947.08 12.3417 0.19907 2.06386 0.00427546
947.825 12.3201 0.218724 2.06332 0.00481305
948.57 12.3066 0.231409 2.06298 0.00516203
949.316 12.297 0.240843 2.06274 0.00542264
950.061 12.2933 0.259438 2.06267 0.00592152
950.806 12.2926 0.282939 2.06269 0.00654808
951.552 12.2858 0.26477 2.0625 0.00607495
952.297 12.2747 0.222869 2.06218 0.00497351
953.042 12.2606 0.240403 2.06183 0.00545437
953.788 12.2436 0.294492 2.06144 0.00691549
954.533 12.251 0.260756 2.06161 0.0060104
955.278 12.2715 0.165574 2.06209 0.00346072
956.024 12.2522 0.153934 2.06158 0.00316424
956.769 12.2064 0.202218 2.0604 0.0044887
957.514 12.1889 0.212047 2.05995 0.00476834
958.26 12.1935 0.193481 2.06007 0.00426805
959.005 12.1998 0.178386 2.06024 0.0038604
959.75 12.2076 0.166098 2.06045 0.00352777
960.496 12.2018 0.198542 2.06033 0.00440499
961.241 12.1821 0.268236 2.05987 0.00629777
961.986 12.1809 0.297492 2.05987 0.00708865
962.732 12.1984 0.291743 2.06035 0.00691797
963.477 12.2038 0.285313 2.0605 0.00674206
964.222 12.1981 0.278397 2.06035 0.0065645
964.968 12.1999 0.255022 2.06038 0.0059372
965.713 12.2081 0.215911 2.06058 0.00488246
966.458 12.198 0.207317 2.06031 0.00466176
967.204 12.1712 0.227425 2.05962 0.0052266
967.949 12.1385 0.246445 2.05876 0.00577099
968.694 12.1008 0.264196 2.05776 0.00629029
969.44 12.0888 0.261069 2.05744 0.00621902
970.185 12.1007 0.23838 2.05776 0.00559248
970.93 12.0844 0.22781 2.05731 0.00532092
971.676 12.0423 0.228865 2.05617 0.00538774
972.421 12.0187 0.219626 2.05553 0.00515614
973.166 12.0113 0.201041 2.05532 0.00465277
973.912 12.0114 0.193758 2.05533 0.00445437
974.657 12.0184 0.196644 2.05553 0.00453077
975.402 12.0247 0.197899 2.05571 0.00456275
976.148 12.0302 0.197697 2.05587 0.00455518
976.893 12.0297 0.197285 2.05587 0.00454643
977.638 12.0239 0.1967 2.05572 0.00453678
978.384 12.0213 0.192612 2.05565 0.00442842
979.129 12.0212 0.185705 2.05566 0.00424066
979.874 12.0251 0.186498 2.05577 0.00426179
980.62 12.0321 0.193183 2.05598 0.00444257
981.365 12.0074 0.200368 2.05532 0.00466065
982.11 11.9615 0.207422 2.05406 0.00489328
982.856 11.9359 0.216182 2.05337 0.00515926
983.601 11.923 0.226161 2.05303 0.00544992
984.346 11.9023 0.222194 2.05246 0.0053591
985.092 11.8772 0.210244 2.05175 0.00504777
985.837 11.8692 0.190868 2.05152 0.00451279
986.583 11.87 0.167282 2.05154 0.00385256
987.328 11.8695 0.1686 2.05153 0.0038919
988.073 11.8683 0.182053 2.05152 0.00427223
988.818 11.8758 0.200273 2.05175 0.00477968
989.564 11.8869 0.220848 2.05209 0.00534897
990.309 11.8947 0.237624 2.05233 0.0058134
991.055 11.9013 0.253046 2.05254 0.00624026
991.8 11.9003 0.238223 2.05251 0.00582909
992.545 11.8967 0.213988 2.05239 0.00515694
993.291 11.8981 0.212877 2.05244 0.00512676
994.036 11.9008 0.217732 2.05253 0.00526218
994.781 11.9016 0.214834 2.05256 0.00518252
995.527 11.9021 0.210356 2.05258 0.00505902
996.272 11.8956 0.200673 2.0524 0.00479545
997.017 11.8881 0.190317 2.05219 0.00451334
997.763 11.8683 0.179293 2.05164 0.00422045
998.508 11.8476 0.168499 2.05105 0.00393311
999.253 11.8579 0.222971 2.05139 0.0054592
999.999 11.8674 0.281657 2.05173 0.00709985
