255.408 1.07452 1.87537 1.26835 0.612922
256.154 1.12501 1.91827 1.28974 0.611972
256.899 1.17572 1.9597 1.31034 0.610495
257.644 1.13839 1.92366 1.29394 0.610335
258.39 1.08819 1.87459 1.2713 0.60975
259.135 1.11931 1.94991 1.2952 0.620611
259.88 1.18346 2.06661 1.33512 0.632441
260.626 1.20878 2.08277 1.344 0.630375
261.371 1.2074 2.03567 1.33346 0.6206
262.116 1.21965 2.01119 1.33085 0.612662
262.862 1.24619 2.01144 1.33665 0.607118
263.607 1.26396 2.01035 1.34025 0.603178
264.353 1.26537 2.00684 1.33978 0.602141
265.098 1.27138 2.01206 1.34213 0.602043
265.843 1.29475 2.04941 1.35484 0.605212
266.589 1.31533 2.0789 1.36521 0.60717
267.334 1.29902 2.02336 1.3503 0.598824
268.079 1.28384 1.96757 1.33555 0.589828
268.825 1.30455 2.07458 1.36196 0.608557
269.57 1.33198 2.19021 1.39153 0.626308
270.315 1.3546 2.14269 1.38615 0.612226
271.061 1.37696 2.06026 1.37401 0.590932
271.806 1.39224 2.03043 1.37126 0.581717
272.551 1.40373 2.02438 1.37245 0.578219
273.297 1.42383 2.02765 1.37725 0.575015
274.042 1.45089 2.03827 1.38487 0.572032
274.787 1.46143 2.04835 1.38893 0.572109
275.533 1.44916 2.05804 1.38825 0.576466
276.278 1.44554 2.0507 1.38607 0.575681
277.023 1.46393 2.00122 1.38042 0.561949
277.769 1.48433 1.96839 1.37855 0.551263
278.514 1.51422 2.02279 1.3948 0.557064
279.259 1.54458 2.07442 1.41045 0.561903
280.005 1.54418 2.03184 1.40252 0.553442
280.75 1.54438 1.98948 1.39483 0.54476
281.495 1.54416 1.94347 1.38649 0.535232
282.241 1.54452 1.89723 1.37834 0.525369
282.986 1.55346 1.89813 1.38039 0.524007
283.731 1.56514 1.91427 1.38568 0.52541
284.477 1.56958 1.88513 1.38152 0.51845
285.222 1.57044 1.8287 1.37198 0.506108
285.967 1.58261 1.80836 1.37118 0.499604
286.713 1.60586 1.82545 1.37911 0.499452
287.458 1.6214 1.83224 1.38359 0.498344
288.203 1.62286 1.82068 1.38196 0.495621
288.949 1.62677 1.80515 1.38023 0.491619
289.694 1.63938 1.77564 1.37815 0.483131
290.439 1.65266 1.74871 1.37672 0.475091
291.185 1.67145 1.7456 1.38035 0.471444
291.93 1.6901 1.74249 1.38394 0.467851
292.675 1.6848 1.67358 1.37211 0.453403
293.421 1.68023 1.6017 1.36024 0.437772
294.166 1.67608 1.57734 1.35567 0.432767
294.911 1.67184 1.56343 1.35263 0.430166
295.657 1.67254 1.52971 1.34788 0.422167
296.402 1.67603 1.48713 1.34262 0.411583
297.147 1.68611 1.44987 1.33982 0.401263
297.893 1.70137 1.41713 1.33903 0.391303
298.638 1.70208 1.39056 1.33565 0.384778
299.383 1.68221 1.37195 1.32831 0.382866
300.129 1.66293 1.34526 1.32 0.37881
300.874 1.64561 1.29835 1.30951 0.36928
301.619 1.63018 1.25389 1.29986 0.359891
302.365 1.62112 1.22571 1.29396 0.353735
303.11 1.61231 1.19714 1.2881 0.347357
303.855 1.59884 1.14881 1.27864 0.336186
304.601 1.5863 1.10019 1.26951 0.324579
305.346 1.54965 1.06472 1.25534 0.319113
306.091 1.50965 1.03008 1.24015 0.31403
306.837 1.47243 0.977525 1.22354 0.30321
307.582 1.43714 0.917806 1.20662 0.289585
308.327 1.40155 0.894556 1.19346 0.286464
309.073 1.36485 0.895192 1.18237 0.29065
309.818 1.33172 0.869948 1.16938 0.286495
310.563 1.30365 0.815471 1.15474 0.272379
311.309 1.27483 0.774007 1.14123 0.262066
312.054 1.24281 0.75904 1.12928 0.260441
312.799 1.20536 0.741821 1.11514 0.258547
313.545 1.14729 0.716582 1.09294 0.255916
314.29 1.0894 0.68947 1.07008 0.252389
315.035 1.04453 0.652554 1.05039 0.243747
315.781 0.999585 0.61442 1.03027 0.234234
316.526 0.951971 0.581173 1.00932 0.226347
317.271 0.903884 0.547176 0.987752 0.217796
318.017 0.845745 0.513911 0.961882 0.209979
318.762 0.784467 0.479665 0.934043 0.201518
319.507 0.721487 0.454646 0.905587 0.196525
320.253 0.656924 0.433936 0.876023 0.193162
320.998 0.595768 0.413706 0.847171 0.189424
321.743 0.537673 0.393929 0.81897 0.185331
322.489 0.479876 0.375061 0.790234 0.181338
323.234 0.423044 0.358121 0.761358 0.177905
323.979 0.365333 0.342054 0.73133 0.174718
324.725 0.30678 0.329812 0.700346 0.173327
325.47 0.247034 0.317629 0.667831 0.171906
326.215 0.185104 0.308976 0.633433 0.172451
326.961 0.121994 0.299924 0.597238 0.172816
327.706 0.0585599 0.298241 0.560326 0.17748
328.451 -0.00611982 0.296503 0.521431 0.182443
329.197 -0.0660396 0.299024 0.484624 0.189847
329.942 -0.126032 0.302336 0.446699 0.198153
330.687 -0.185721 0.30684 0.407907 0.207664
331.433 -0.245933 0.311897 0.367591 0.21814
332.178 -0.304534 0.32189 0.327764 0.232516
332.923 -0.362194 0.33562 0.287969 0.250332
333.669 -0.419105 0.349209 0.247616 0.268962
334.414 -0.474841 0.362502 0.207021 0.288242
335.159 -0.528618 0.376208 0.166975 0.308596
335.905 -0.576998 0.390331 0.130437 0.329348
336.65 -0.62461 0.404148 0.0936864 0.350726
337.395 -0.666446 0.41524 0.0605118 0.369485
338.141 -0.708799 0.426583 0.0262964 0.389419
338.886 -0.752623 0.438463 -0.0097777 0.411118
339.631 -0.796955 0.450604 -0.0469743 0.434219
340.377 -0.845013 0.462976 -0.0883867 0.459762
341.122 -0.893999 0.475638 -0.131541 0.487223
341.867 -0.939311 0.486534 -0.172609 0.513116
342.613 -0.9839 0.497058 -0.213962 0.539653
343.358 -1.02012 0.503407 -0.249048 0.55986
344.103 -1.05166 0.507362 -0.280765 0.576426
344.849 -1.08945 0.510476 -0.320237 0.595274
345.594 -1.13357 0.512744 -0.368098 0.616748
346.339 -1.17943 0.517089 -0.418359 0.642487
347.085 -1.22795 0.52506 -0.471415 0.675217
347.83 -1.27729 0.533276 -0.526781 0.710551
348.575 -1.32795 0.541926 -0.585094 0.749263
349.321 -1.37835 0.548959 -0.645685 0.788065
350.066 -1.42098 0.539468 -0.708207 0.801902
350.811 -1.46404 0.529752 -0.773737 0.816177
351.557 -1.50675 0.537939 -0.828875 0.856678
352.302 -1.54988 0.546973 -0.885266 0.900947
353.047 -1.60229 0.54674 -0.964494 0.940884
353.793 -1.65722 0.544485 -1.05271 0.982387
354.538 -1.72115 0.548586 -1.15424 1.0458
355.283 -1.78977 0.555674 -1.26575 1.12491
356.029 -1.84792 0.560582 -1.36549 1.19598
356.774 -1.89756 0.563688 -1.45513 1.2593
357.519 -1.94456 0.56341 -1.54711 1.31712
358.265 -1.9876 0.558381 -1.64101 1.36374
359.01 -2.03223 0.55478 -1.74026 1.41871
359.755 -2.08033 0.554993 -1.84555 1.49139
360.501 -2.13232 0.557379 -1.9605 1.58139
361.246 -2.20409 0.572435 -2.10404 1.74741
361.991 -2.2771 0.587832 -2.25264 1.9366
362.737 -2.35345 0.602774 -2.41248 2.15588
363.482 -2.43117 0.618114 -2.57518 2.40821
364.227 -2.49398 0.62741 -2.71507 2.62739
364.973 -2.55548 0.636016 -2.85275 2.86331
365.718 -2.61105 0.632822 -3.01921 3.06715
366.463 -2.66497 0.625379 -3.20508 3.27296
367.209 -2.7192 0.63263 -3.32838 3.54615
367.954 -2.77386 0.64965 -3.39312 3.87446
368.699 -2.84002 0.663493 -3.4844 4.28877
369.445 -2.91934 0.67371 -3.59822 4.82704
370.19 -3.00126 0.683977 -3.66773 5.45376
370.935 -3.08705 0.694085 -3.6686 6.18964
371.681 -3.16972 0.704329 -3.56211 6.973
372.426 -3.23541 0.71427 -3.36496 7.63381
373.171 -3.30039 0.723627 -3.07485 8.30759
373.917 -3.34451 0.722351 -2.90041 8.80337
374.662 -3.38902 0.721026 -2.66993 9.31662
375.407 -3.44662 0.722171 -2.24627 9.96625
376.153 -3.5058 0.723478 -1.69262 10.6099
376.898 -3.5934 0.738265 -0.535675 11.2933
377.643 -3.68963 0.756958 0.932533 11.6949
378.389 -3.79155 0.777459 2.53297 11.6892
379.134 -3.89748 0.799279 4.06158 11.2533
379.879 -3.98867 0.820522 5.15169 10.5931
380.625 -4.06615 0.841154 5.87117 9.90264
381.37 -4.14086 0.857342 6.42884 9.23718
382.116 -4.21056 0.866137 6.87157 8.65093
382.861 -4.27385 0.871684 7.20142 8.12868
383.606 -4.31665 0.867452 7.44267 7.8144
384.352 -4.36527 0.86604 7.65009 7.43731
385.097 -4.45383 0.885587 7.76365 6.70781
385.842 -4.54381 0.905666 7.79034 6.04661
386.587 -4.66287 0.921912 7.79472 5.29491
387.333 -4.78484 0.938605 7.71613 4.63697
388.078 -4.90168 0.966798 7.54105 4.10874
388.824 -5.01953 0.9979 7.34341 3.66425
389.569 -5.13075 1.01814 7.18691 3.3026
390.314 -5.24052 1.0342 7.04147 2.99172
391.06 -5.32546 1.04135 6.94177 2.77483
391.805 -5.39216 1.04188 6.87445 2.61464
392.55 -5.46332 1.05094 6.78227 2.46539
393.296 -5.53995 1.07087 6.66473 2.32861
394.041 -5.62224 1.09359 6.54232 2.19668
394.786 -5.71608 1.12212 6.40636 2.06354
395.532 -5.81845 1.14778 6.276 1.92904
396.277 -5.95609 1.15703 6.1454 1.7492
397.022 -6.09651 1.16779 6.01618 1.5909
397.768 -6.23258 1.21021 5.86562 1.48149
398.513 -6.37147 1.25423 5.725 1.38383
399.258 -6.48863 1.2727 5.63102 1.29828
400.004 -6.60539 1.28883 5.54418 1.21989
400.749 -6.70116 1.31025 5.47091 1.16612
401.494 -6.79145 1.33359 5.40325 1.12097
402.24 -6.87414 1.35879 5.34194 1.08444
402.985 -6.95277 1.38526 5.28489 1.05307
403.73 -7.05379 1.40059 5.22513 1.00586
404.476 -7.17794 1.40445 5.16243 0.945235
405.221 -7.31155 1.42006 5.09268 0.891028
405.966 -7.46031 1.45678 5.01153 0.844667
406.712 -7.62088 1.49877 4.92932 0.800317
407.457 -7.81418 1.55597 4.83597 0.754794
408.202 -8.00747 1.61235 4.75093 0.71374
408.948 -8.15758 1.63876 4.69466 0.679266
409.693 -8.31081 1.66594 4.6404 0.647023
410.438 -8.45968 1.70472 4.58763 0.621707
411.184 -8.61122 1.74516 4.53682 0.59806
411.929 -8.73526 1.78793 4.4954 0.582441
412.674 -8.85486 1.83207 4.45681 0.568848
413.42 -8.97593 1.85927 4.42293 0.551655
414.165 -9.09878 1.87898 4.39141 0.533401
414.91 -9.25623 1.91513 4.35085 0.513781
415.656 -9.44313 1.96542 4.3042 0.493631
416.401 -9.64304 2.01015 4.25876 0.471993
417.146 -9.85997 2.04622 4.21424 0.448212
417.892 -10.0885 2.0994 4.16836 0.427879
418.637 -10.3374 2.19497 4.11746 0.413408
419.382 -10.5863 2.29004 4.07046 0.399789
420.128 -10.8029 2.35927 4.03373 0.386845
420.873 -11.0242 2.4312 3.99837 0.374614
421.618 -11.2135 2.4985 3.96929 0.365443
422.364 -11.4068 2.56821 3.94104 0.356643
423.109 -11.5819 2.59959 3.91928 0.345608
423.854 -11.7575 2.62638 3.89867 0.334649
424.6 -11.9396 2.69432 3.87517 0.327928
425.345 -12.126 2.77824 3.85118 0.322671
426.09 -12.3632 2.85225 3.82441 0.313229
426.836 -12.6367 2.92105 3.79633 0.3016
427.581 -12.9199 3.00966 3.76792 0.29178
428.326 -13.2133 3.12111 3.7392 0.283723
429.072 -13.5368 3.23971 3.70981 0.275016
429.817 -13.913 3.368 3.67848 0.264912
430.562 -14.2913 3.50909 3.64873 0.256186
431.308 -14.6382 3.67803 3.62167 0.250862
432.053 -14.9873 3.85308 3.59605 0.245896
432.798 -15.246 3.99357 3.57777 0.242816
433.544 -15.5102 4.13994 3.55991 0.239812
434.289 -15.8211 4.21574 3.54336 0.232084
435.034 -16.1433 4.28954 3.52718 0.224353
435.78 -16.4537 4.40929 3.51079 0.219289
436.525 -16.7672 4.54459 3.49463 0.21494
437.27 -17.0976 4.68624 3.47847 0.21049
438.016 -17.4414 4.83455 3.46251 0.20607
438.761 -17.846 5.02647 3.4443 0.201629
439.506 -18.3083 5.26199 3.4244 0.197215
440.252 -18.7954 5.51593 3.40474 0.192865
440.997 -19.3127 5.79196 3.38517 0.188537
441.742 -19.8537 6.08475 3.36609 0.184239
442.488 -20.427 6.39211 3.34738 0.179756
443.233 -21.0224 6.72208 3.32919 0.175474
443.978 -21.6356 7.07932 3.31155 0.17152
444.724 -22.2727 7.46282 3.29439 0.167717
445.469 -22.6804 7.73319 3.28373 0.165727
446.214 -23.098 8.0166 3.27325 0.16378
446.96 -23.6555 8.27244 3.26171 0.159476
447.705 -24.2541 8.53596 3.2502 0.154948
448.45 -24.9038 8.86176 3.23795 0.150797
449.196 -25.5903 9.22644 3.22561 0.146865
449.941 -26.2565 9.69782 3.21311 0.144457
450.686 -26.9109 10.2591 3.20061 0.143028
451.432 -27.6486 10.8693 3.18772 0.141051
452.177 -28.4894 11.5391 3.17437 0.138482
452.922 -29.3982 12.2816 3.16094 0.135792
453.668 -30.4186 13.1257 3.14706 0.132795
454.413 -31.4393 14.0361 3.1339 0.130156
455.158 -32.306 14.9564 3.12257 0.128612
455.904 -33.1956 15.9618 3.11142 0.127132
456.649 -34.1084 17.1638 3.09977 0.126093
457.394 -35.0312 18.475 3.08836 0.12507
458.14 -36.0977 19.5019 3.07908 0.122097
458.885 -37.2186 20.5859 3.07008 0.119058
459.63 -38.3598 21.5287 3.06246 0.115666
460.376 -39.5488 22.4826 3.05524 0.112246
461.121 -40.6088 24.0356 3.04624 0.110738
461.866 -41.5592 26.012 3.03644 0.110184
462.612 -42.4075 27.8052 3.02828 0.109399
463.357 -43.1799 29.3949 3.02155 0.10842
464.102 -44.2781 31.5182 3.01319 0.106658
464.848 -45.9018 34.5924 3.00234 0.103734
465.593 -47.2919 37.8875 2.99234 0.101377
466.338 -48.0011 40.9283 2.9843 0.10041
467.084 -48.5916 44.2038 2.97646 0.0993744
467.829 -49.2866 47.5473 2.9692 0.0977602
468.574 -49.8123 51.1889 2.96206 0.0961829
469.32 -49.8046 56.6508 2.95236 0.0946827
470.065 -49.1514 62.6456 2.94282 0.0932236
470.81 -47.2459 68.325 2.9342 0.0927776
471.556 -44.4053 73.9742 2.92586 0.0924941
472.301 -41.368 79.4982 2.91825 0.0915572
473.046 -37.7302 84.9516 2.911 0.0903918
473.792 -33.7731 89.8966 2.90454 0.0891326
474.537 -29.475 94.3963 2.89865 0.0878165
475.282 -24.0058 98.6429 2.89243 0.0866142
476.028 -17.2249 102.308 2.88583 0.0855405
476.773 -9.24451 104.883 2.87891 0.0846509
477.518 0.204832 105.693 2.87123 0.0841174
478.264 9.42915 105.093 2.86382 0.0834031
479.009 17.9289 104.181 2.85715 0.0818926
479.754 26.0092 101.98 2.85064 0.0804168
480.5 32.537 99.4704 2.84525 0.0789414
481.245 38.5323 96.1998 2.83991 0.0774969
481.99 43.5727 90.2559 2.83336 0.0773136
482.736 47.4215 84.0414 2.82679 0.0772356
483.481 51.0115 77.7382 2.81984 0.0764919
484.226 53.7244 71.5063 2.81287 0.0755832
484.972 55.1974 66.6166 2.80728 0.0748964
485.717 56.0315 62.5278 2.80244 0.0743293
486.462 56.9011 58.4688 2.79743 0.0732785
487.208 57.7252 54.4192 2.79226 0.071792
487.953 57.8266 50.4338 2.78686 0.0707826
488.698 57.1141 46.5682 2.78107 0.0705057
489.444 56.3944 43.2494 2.7757 0.0700786
490.189 56.0175 40.6869 2.77144 0.0692018
490.934 55.4656 38.2028 2.76703 0.0683943
491.68 54.2653 35.267 2.76107 0.0680225
492.425 53.0317 32.6395 2.7552 0.067654
493.17 52.1046 30.3008 2.74984 0.0667114
493.916 51.1453 28.1732 2.74457 0.0657764
494.661 50.206 26.386 2.73973 0.065009
495.406 49.2717 24.7736 2.73502 0.0642827
496.152 48.3227 22.9503 2.72962 0.0629693
496.897 47.3489 21.1631 2.724 0.0614484
497.642 46.2471 19.8527 2.71885 0.0609315
498.388 45.105 18.8728 2.71405 0.0611219
499.133 44.0526 18.0637 2.7096 0.0614649
499.878 43.0919 17.422 2.70557 0.0619985
500.624 42.2985 16.6921 2.70162 0.0618476
501.369 41.7831 15.726 2.69778 0.0602171
502.115 41.1955 14.823 2.69378 0.0587862
502.86 40.3241 14.0052 2.68891 0.058166
503.605 39.5031 13.2609 2.68419 0.0575458
504.35 39.0913 12.7493 2.68141 0.0566667
505.096 38.6837 12.2613 2.67866 0.0557999
505.841 37.8863 11.7141 2.67412 0.0555972
506.587 37.0867 11.1985 2.66945 0.0554604
507.332 36.4483 10.7714 2.66554 0.0552303
508.077 35.8692 10.3844 2.66188 0.054975
508.823 35.3031 9.93703 2.658 0.054339
509.568 34.7503 9.47268 2.65403 0.0535006
510.313 34.1909 9.08684 2.65011 0.0530019
511.059 33.6299 8.77083 2.64626 0.0528246
511.804 33.0391 8.36755 2.64186 0.0521863
512.549 32.3852 7.82396 2.63656 0.0507923
513.294 31.8033 7.40642 2.63186 0.0498222
514.04 31.3927 7.27124 2.62889 0.0501028
514.785 30.9761 7.13289 2.62581 0.0503777
515.531 30.4129 6.93336 2.62147 0.0506568
516.276 29.875 6.74437 2.61719 0.0509235
517.021 29.65 6.49204 2.61486 0.049783
517.767 29.4358 6.24632 2.61261 0.0486131
518.512 29.1028 5.9042 2.60916 0.0470041
519.257 28.7511 5.56094 2.60551 0.0453406
520.003 28.4717 5.42429 2.60294 0.0450376
520.748 28.2264 5.37132 2.60084 0.0453015
521.493 27.8595 5.35945 2.59781 0.0462579
522.239 27.4107 5.37382 2.59411 0.047716
522.984 27.0662 5.30575 2.59095 0.0481899
523.729 26.8435 5.13968 2.58851 0.0474202
524.475 26.604 4.96386 2.58584 0.0465809
525.22 26.3213 4.75943 2.58266 0.045568
525.965 26.0259 4.5673 2.57933 0.0446549
526.711 25.6455 4.39799 2.57518 0.0441651
527.456 25.2828 4.24022 2.57113 0.0436926
528.201 25.0512 4.15034 2.56853 0.0434825
528.947 24.8251 4.06359 2.56595 0.0432743
529.692 24.5518 3.88265 2.56255 0.0421924
530.437 24.279 3.70007 2.55909 0.0410336
531.183 23.9566 3.66098 2.55543 0.0415649
531.928 23.6281 3.66244 2.55175 0.0425919
532.673 23.3972 3.60118 2.54891 0.0426128
533.419 23.2221 3.50647 2.54658 0.0420561
534.164 23.0082 3.37736 2.54366 0.0411854
534.909 22.7569 3.21701 2.54013 0.0400072
535.655 22.5446 3.10639 2.53718 0.0392786
536.4 22.3945 3.07264 2.5352 0.0393101
537.145 22.2336 3.03746 2.53306 0.0393541
537.891 22.03 2.99585 2.53032 0.0394429
538.636 21.8347 2.95431 2.52764 0.0395048
539.381 21.6727 2.90359 2.52534 0.0393352
540.127 21.5141 2.85434 2.52306 0.0391672
540.872 21.351 2.83234 2.52078 0.039382
541.617 21.191 2.81177 2.51851 0.0396086
542.363 21.0946 2.71555 2.51687 0.0385646
543.108 21.0113 2.60536 2.51537 0.0372612
543.853 20.8284 2.52603 2.51252 0.0366778
544.599 20.6064 2.4623 2.5091 0.036419
545.344 20.4351 2.42352 2.50645 0.0363647
546.089 20.3026 2.40348 2.50441 0.0364705
546.835 20.1605 2.37033 2.50216 0.0364046
547.58 20.0051 2.31995 2.49963 0.0361075
548.325 19.8346 2.27929 2.49685 0.0359984
549.071 19.6235 2.25939 2.49344 0.0363422
549.816 19.4274 2.23353 2.4902 0.0365466
550.561 19.2835 2.17489 2.48766 0.036041
551.307 19.1431 2.11794 2.48515 0.0355363
552.052 19.0348 2.04294 2.48311 0.0346088
552.797 18.9279 1.97025 2.48108 0.0336958
553.543 18.7944 1.92787 2.47867 0.0333679
554.288 18.66 1.89048 2.47622 0.0331198
555.033 18.5297 1.89219 2.47394 0.0335474
555.779 18.4024 1.90591 2.47172 0.0341896
556.524 18.2832 1.868 2.46946 0.0338783
557.269 18.1694 1.80001 2.46718 0.0329866
558.015 18.0578 1.77588 2.46506 0.0328835
558.76 17.9485 1.79656 2.4631 0.0336123
559.505 17.8526 1.79066 2.46129 0.0338063
560.251 17.78 1.7369 2.45975 0.0330139
560.996 17.7053 1.68721 2.45818 0.0322939
561.741 17.6214 1.64917 2.45646 0.0318156
562.487 17.539 1.61471 2.45477 0.0313941
563.232 17.4609 1.6122 2.45324 0.0315828
563.977 17.3838 1.60961 2.45173 0.0317683
564.723 17.264 1.61327 2.44936 0.0322134
565.468 17.144 1.61676 2.44696 0.0326633
566.213 17.0546 1.58064 2.44504 0.0322104
566.959 16.9732 1.53627 2.44324 0.031553
567.704 16.8979 1.505 2.4416 0.0311379
568.449 16.8261 1.48017 2.44004 0.0308402
569.195 16.7398 1.44803 2.43813 0.0304261
569.94 16.6419 1.41023 2.43595 0.029917
570.685 16.5374 1.36472 2.43358 0.0292488
571.431 16.4227 1.3081 2.43094 0.0283501
572.176 16.3207 1.28172 2.42863 0.0280627
572.921 16.2475 1.33096 2.42716 0.0293724
573.667 16.1703 1.36799 2.42557 0.0304379
574.412 16.066 1.33648 2.42313 0.0300516
575.157 15.964 1.306 2.42073 0.0296721
575.903 15.8567 1.26477 2.41814 0.0290487
576.648 15.7518 1.22506 2.41559 0.0284383
577.393 15.6917 1.20444 2.41413 0.028133
578.139 15.6389 1.18696 2.41285 0.0278762
578.884 15.5851 1.17326 2.41154 0.0277094
579.629 15.5313 1.16105 2.41023 0.0275761
580.375 15.4578 1.15708 2.40846 0.0276974
581.12 15.3721 1.15837 2.40639 0.0279844
581.865 15.3037 1.16314 2.40475 0.0283085
582.611 15.2545 1.17199 2.40357 0.0286788
583.356 15.203 1.17825 2.40233 0.0289953
584.101 15.1464 1.17957 2.40094 0.029207
584.847 15.0875 1.17063 2.39945 0.0291701
585.592 15.0168 1.12021 2.39752 0.0281176
586.337 14.9488 1.07272 2.39566 0.0271145
587.083 14.9119 1.04877 2.39466 0.026611
587.828 14.8752 1.0252 2.39366 0.0261123
588.573 14.8199 1.00864 2.3922 0.0258433
589.319 14.7638 0.992975 2.39071 0.0255961
590.064 14.6993 0.98236 2.389 0.0255018
590.809 14.6332 0.973198 2.38725 0.025448
591.555 14.5662 0.972362 2.38548 0.0256178
592.3 14.4991 0.97567 2.3837 0.0259008
593.045 14.4387 0.98023 2.3821 0.0262013
593.791 14.3845 0.985926 2.38066 0.026518
594.536 14.3295 0.977344 2.37915 0.0264491
595.281 14.2731 0.94676 2.37752 0.0257772
596.027 14.2095 0.921641 2.3757 0.0252677
596.772 14.1241 0.911022 2.3733 0.0252182
597.517 14.0474 0.899633 2.37113 0.0251195
598.263 14.0248 0.880674 2.37044 0.0246491
599.008 14.0023 0.861932 2.36976 0.0241821
599.753 13.943 0.853662 2.36806 0.0241126
600.499 13.8839 0.84575 2.36635 0.0240512
601.244 13.8209 0.848955 2.36455 0.0243219
601.989 13.7581 0.853908 2.36275 0.0246464
602.735 13.7107 0.844685 2.36135 0.0245133
603.48 13.6698 0.829998 2.36011 0.0241986
604.225 13.6312 0.831396 2.35899 0.0243516
604.971 13.5942 0.844278 2.35794 0.024843
605.716 13.5518 0.836673 2.35666 0.0247409
606.461 13.5028 0.803964 2.35511 0.023901
607.207 13.4583 0.78331 2.35372 0.0234033
607.952 13.4235 0.788333 2.35269 0.0236545
608.697 13.3933 0.786573 2.35178 0.0236875
609.443 13.3841 0.752585 2.35141 0.0226769
610.188 13.3729 0.720499 2.351 0.0217271
610.933 13.3141 0.7338 2.34924 0.0222916
611.679 13.2562 0.746558 2.34749 0.0228438
612.424 13.207 0.742625 2.34596 0.022858
613.169 13.1592 0.736967 2.34446 0.0228136
613.915 13.1343 0.747156 2.34372 0.0232046
614.66 13.1162 0.762029 2.3432 0.0237259
615.405 13.0828 0.747563 2.34212 0.0233656
616.151 13.0406 0.716622 2.3407 0.0225021
616.896 12.9917 0.702465 2.33912 0.0221844
617.641 12.9365 0.704658 2.33736 0.0224064
618.387 12.8846 0.700713 2.33568 0.0224222
619.132 12.8381 0.686393 2.33414 0.0220849
619.878 12.8002 0.674667 2.33288 0.0218054
620.623 12.7898 0.670803 2.33254 0.0217081
621.368 12.7754 0.66771 2.33207 0.0216467
622.113 12.7207 0.671997 2.33029 0.0219366
622.859 12.6668 0.676039 2.32852 0.0222192
623.604 12.6122 0.663658 2.32667 0.0219568
624.349 12.5584 0.650875 2.32484 0.0216744
625.095 12.5318 0.633535 2.3239 0.0211608
625.84 12.511 0.61538 2.32316 0.0206007
626.586 12.4844 0.610066 2.32225 0.0204899
627.331 12.4554 0.610528 2.32127 0.0205821
628.076 12.4109 0.606318 2.31974 0.0205543
628.822 12.3545 0.598472 2.31779 0.0204307
629.567 12.3109 0.59845 2.31628 0.0205443
630.312 12.2843 0.609051 2.3154 0.0209855
631.057 12.2629 0.615808 2.31467 0.0212807
631.803 12.2544 0.613198 2.31438 0.0212138
632.548 12.2418 0.609189 2.31393 0.0211086
633.294 12.2054 0.597079 2.31263 0.0207809
634.039 12.1694 0.585343 2.31134 0.0204619
634.784 12.1343 0.584167 2.3101 0.0205135
635.53 12.0996 0.582976 2.30887 0.0205637
636.275 12.0633 0.580254 2.30757 0.0205634
637.02 12.0271 0.577342 2.30627 0.0205556
637.766 12.0029 0.566 2.30537 0.0202107
638.511 11.9828 0.551874 2.30461 0.0197519
639.256 11.9614 0.549412 2.30384 0.0197185
640.002 11.9391 0.55437 2.30305 0.0199578
640.747 11.9091 0.550408 2.30195 0.0198919
641.492 11.8705 0.536759 2.30051 0.0194905
642.238 11.8418 0.529352 2.29944 0.0192912
642.983 11.8315 0.53371 2.29908 0.0194799
643.728 11.8214 0.537336 2.29872 0.0196414
644.474 11.8118 0.538173 2.29838 0.0196984
645.219 11.7999 0.538963 2.29795 0.0197597
645.964 11.7547 0.539151 2.29627 0.0198851
646.71 11.7103 0.539255 2.29462 0.0200065
647.455 11.6735 0.531222 2.29322 0.0198014
648.2 11.6377 0.522769 2.29185 0.0195756
648.946 11.6203 0.505639 2.29115 0.0189703
649.691 11.6074 0.486436 2.29062 0.018272
650.436 11.5897 0.473801 2.28992 0.0178335
651.182 11.5696 0.464575 2.28914 0.017529
651.927 11.5337 0.466902 2.28778 0.0177036
652.672 11.4843 0.479105 2.28591 0.0182946
653.418 11.4447 0.486974 2.2844 0.0186991
654.163 11.4195 0.488751 2.28343 0.0188329
654.908 11.3965 0.488513 2.28254 0.0188829
655.654 11.3794 0.482623 2.28186 0.0186962
656.399 11.3629 0.47601 2.2812 0.0184787
657.144 11.3497 0.46377 2.28066 0.0180301
657.89 11.3366 0.451659 2.28012 0.0175848
658.635 11.2837 0.452779 2.27803 0.0177565
659.38 11.2314 0.453914 2.27596 0.0179293
660.126 11.2089 0.452752 2.27506 0.0179386
660.871 11.1916 0.451217 2.27437 0.0179201
661.616 11.18 0.452031 2.27391 0.0179824
662.362 11.1706 0.453753 2.27355 0.0180761
663.107 11.1561 0.459361 2.27298 0.0183399
663.852 11.138 0.467652 2.27228 0.0187226
664.598 11.1174 0.463373 2.27144 0.0186024
665.343 11.0938 0.444005 2.27043 0.0178734
666.088 11.0678 0.432898 2.26935 0.0174835
666.834 11.0365 0.439077 2.26809 0.0178137
667.579 11.0108 0.443774 2.26705 0.0180717
668.324 11.0089 0.442508 2.26698 0.0180253
669.07 11.0068 0.440806 2.26689 0.0179615
669.815 11.0002 0.429565 2.2666 0.0175144
670.56 10.9935 0.418394 2.26631 0.0170694
671.306 10.9577 0.405008 2.2648 0.0165985
672.051 10.9195 0.391788 2.26318 0.0161347
672.796 10.8895 0.396324 2.26194 0.0163937
673.542 10.8619 0.405717 2.26081 0.0168533
674.287 10.8457 0.405671 2.26014 0.0168903
675.032 10.8359 0.400457 2.25972 0.016694
675.778 10.8282 0.400768 2.2594 0.0167262
676.523 10.8225 0.406426 2.25918 0.0169802
677.268 10.8113 0.408853 2.25872 0.0171108
678.014 10.791 0.405878 2.25785 0.0170338
678.759 10.7659 0.402493 2.25678 0.0169502
679.504 10.7253 0.397753 2.25504 0.0168441
680.25 10.6891 0.393088 2.25348 0.0167297
680.995 10.6844 0.388211 2.25327 0.0165313
681.74 10.6797 0.383355 2.25307 0.0163335
682.486 10.6757 0.38604 2.25291 0.0164598
683.231 10.6717 0.388959 2.25275 0.0165963
683.976 10.6475 0.371525 2.25167 0.0158974
684.722 10.6195 0.350566 2.25041 0.0150481
685.467 10.5992 0.347227 2.24952 0.0149464
686.212 10.5822 0.351208 2.2488 0.0151577
686.958 10.5559 0.357428 2.24766 0.0154888
687.703 10.5226 0.365165 2.24622 0.0159049
688.448 10.4965 0.369158 2.24508 0.0161419
689.194 10.4794 0.368536 2.24433 0.0161546
689.939 10.4666 0.36802 2.24376 0.016162
690.684 10.4638 0.367758 2.24364 0.0161579
691.43 10.4565 0.366992 2.24332 0.0161416
692.175 10.4267 0.363698 2.24199 0.0160639
692.92 10.3976 0.360262 2.24069 0.0159774
693.666 10.3774 0.350693 2.23976 0.0155933
694.411 10.3574 0.341305 2.23885 0.0152147
695.156 10.3413 0.334535 2.23811 0.0149443
695.902 10.3257 0.328144 2.23739 0.0146885
696.647 10.3194 0.324111 2.2371 0.0145197
697.392 10.3158 0.320801 2.23694 0.0143774
698.138 10.3122 0.313769 2.23677 0.0140658
698.883 10.3085 0.304579 2.23659 0.0136557
699.628 10.2929 0.306782 2.23589 0.0137881
700.374 10.2653 0.320184 2.23466 0.0144581
701.119 10.2415 0.331749 2.2336 0.0150405
701.864 10.2239 0.340565 2.23281 0.015486
702.61 10.2088 0.346133 2.23214 0.0157779
703.355 10.2017 0.341387 2.2318 0.0155757
704.1 10.1962 0.337837 2.23155 0.0154248
704.846 10.2055 0.345148 2.232 0.0157424
705.591 10.2149 0.352532 2.23246 0.0160625
706.336 10.1882 0.338441 2.2312 0.0154733
707.082 10.1604 0.323957 2.22988 0.0148633
707.827 10.1304 0.307425 2.22845 0.0141573
708.572 10.1003 0.290914 2.22702 0.0134461
709.318 10.0812 0.287476 2.22612 0.0133229
710.063 10.0669 0.289502 2.22546 0.0134472
710.808 10.0664 0.295921 2.22545 0.0137515
711.554 10.0765 0.305821 2.22595 0.014198
712.299 10.0779 0.30775 2.22603 0.0142866
713.044 10.068 0.299198 2.22555 0.0139052
713.79 10.0521 0.293665 2.2248 0.0136771
714.535 10.0226 0.294911 2.22341 0.0137965
715.28 9.99323 0.296567 2.22202 0.0139361
716.026 9.96252 0.3005 2.22057 0.0141884
716.771 9.93323 0.304197 2.21918 0.0144285
717.516 9.92829 0.306348 2.21895 0.0145433
718.262 9.92336 0.308486 2.21872 0.0146576
719.007 9.93578 0.298162 2.2193 0.0141355
719.752 9.95006 0.286329 2.21997 0.0135391
720.498 9.93534 0.276182 2.21925 0.0130818
721.243 9.91231 0.266777 2.21813 0.0126738
721.988 9.88981 0.258952 2.21703 0.0123385
722.734 9.86771 0.252059 2.21595 0.0120454
723.479 9.84818 0.252354 2.21501 0.0120957
724.224 9.83104 0.259353 2.21419 0.012469
724.97 9.81928 0.261931 2.21363 0.0126177
725.715 9.81622 0.257435 2.21348 0.0124043
726.46 9.81259 0.257484 2.21331 0.0124141
727.206 9.8072 0.271353 2.21307 0.013104
727.951 9.80105 0.284797 2.21281 0.0137756
728.696 9.78979 0.295481 2.21228 0.014324
729.442 9.77852 0.306019 2.21176 0.0148669
730.187 9.74661 0.294645 2.21016 0.014377
730.932 9.71494 0.283315 2.20858 0.0138839
731.678 9.69706 0.276092 2.20768 0.0135626
732.423 9.68162 0.269644 2.2069 0.0132732
733.168 9.6734 0.265658 2.20649 0.0130913
733.914 9.66795 0.262608 2.20622 0.0129504
734.659 9.66552 0.261406 2.2061 0.0128957
735.404 9.66516 0.261467 2.20608 0.0129001
736.15 9.66265 0.25763 2.20596 0.0127138
736.895 9.65762 0.24929 2.20569 0.0123066
737.641 9.64673 0.241939 2.20514 0.0119589
738.386 9.6243 0.236576 2.20401 0.0117304
739.131 9.60345 0.235243 2.20296 0.011701
739.876 9.5877 0.249234 2.20219 0.0124375
740.622 9.57318 0.262388 2.20149 0.0131325
741.367 9.57439 0.268303 2.20157 0.0134306
742.112 9.57557 0.274229 2.20165 0.0137291
742.858 9.57727 0.27416 2.20174 0.0137228
743.603 9.579 0.273723 2.20183 0.0136977
744.349 9.56788 0.266253 2.20125 0.0133425
745.094 9.55388 0.25731 2.20053 0.0129169
745.839 9.53579 0.240538 2.19958 0.012098
746.584 9.5158 0.220549 2.19853 0.0111132
747.33 9.49711 0.216778 2.19757 0.0109522
748.075 9.47954 0.225534 2.19669 0.0114327
748.82 9.46785 0.228576 2.1961 0.0116106
749.566 9.46395 0.224175 2.19589 0.0113913
750.311 9.4641 0.221424 2.1959 0.0112498
751.057 9.47385 0.22252 2.19641 0.01129
751.802 9.47939 0.22383 2.1967 0.0113484
752.547 9.4641 0.226108 2.19592 0.0114931
753.293 9.44865 0.22803 2.19513 0.0116203
754.038 9.42644 0.223133 2.19398 0.0114068
754.783 9.40456 0.218358 2.19284 0.0111975
755.529 9.39228 0.213173 2.1922 0.0109491
756.274 9.38097 0.208017 2.1916 0.0106997
757.019 9.36976 0.20821 2.19102 0.0107289
757.765 9.35864 0.209815 2.19045 0.010832
758.51 9.35006 0.216825 2.19001 0.0112147
759.255 9.34274 0.226558 2.18965 0.011739
760.001 9.33994 0.224182 2.18951 0.0116199
760.746 9.34105 0.211218 2.18955 0.0109375
761.491 9.33282 0.20836 2.18911 0.0108018
762.237 9.3112 0.22006 2.188 0.0114559
762.982 9.29138 0.2258 2.18697 0.0117955
763.727 9.27581 0.217095 2.18613 0.0113629
764.473 9.26057 0.209847 2.18531 0.0110051
765.218 9.24651 0.209724 2.18457 0.0110232
765.963 9.233 0.209398 2.18385 0.0110296
766.709 9.2337 0.202092 2.18388 0.0106388
767.454 9.23436 0.194781 2.18391 0.010248
768.199 9.23817 0.190765 2.18411 0.0100281
768.945 9.24233 0.187087 2.18433 0.00982595
769.69 9.23993 0.189922 2.18421 0.00998142
770.435 9.23564 0.194612 2.18399 0.0102391
771.181 9.22301 0.194236 2.18332 0.0102397
771.926 9.20611 0.191209 2.18242 0.010105
772.671 9.18625 0.189878 2.18135 0.0100654
773.417 9.16388 0.190008 2.18015 0.0101084
774.162 9.15102 0.191915 2.17946 0.0102325
774.907 9.15183 0.196505 2.17952 0.0104799
775.653 9.15239 0.196679 2.17955 0.0104889
776.398 9.15227 0.185387 2.17953 0.00987901
777.143 9.15231 0.176093 2.17953 0.00937687
777.889 9.1537 0.177689 2.17961 0.0094616
778.634 9.155 0.179361 2.17968 0.00955056
779.379 9.15329 0.183292 2.1796 0.00976618
780.125 9.15156 0.187213 2.17952 0.00998142
780.87 9.12893 0.181062 2.17829 0.00968367
781.615 9.10461 0.174117 2.17696 0.00934304
782.361 9.0835 0.175887 2.17581 0.00947149
783.106 9.06345 0.179868 2.17473 0.00972029
783.851 9.05752 0.170464 2.17439 0.00921388
784.597 9.05848 0.1543 2.17442 0.00832594
785.342 9.05752 0.161982 2.17439 0.00874933
786.087 9.05457 0.189824 2.17427 0.0102825
786.833 9.05431 0.201989 2.17428 0.0109513
787.578 9.05838 0.192534 2.17449 0.010426
788.323 9.05802 0.185957 2.17447 0.0100662
789.069 9.04747 0.186252 2.17389 0.0100997
789.814 9.03428 0.186811 2.17317 0.0101521
790.559 9.00884 0.188575 2.17177 0.0102911
791.305 8.98472 0.189482 2.17044 0.0103814
792.05 8.97423 0.178103 2.16984 0.00976659
792.795 8.96374 0.166916 2.16925 0.00916039
793.541 8.96417 0.161054 2.16927 0.00883377
794.286 8.9653 0.155533 2.16933 0.00852522
795.031 8.97107 0.162847 2.16966 0.00892474
795.777 8.97784 0.173132 2.17006 0.00948708
796.522 8.97874 0.168831 2.1701 0.00924718
797.267 8.97704 0.158227 2.17 0.00866081
798.013 8.95937 0.157769 2.16902 0.00866021
798.758 8.93066 0.164365 2.16743 0.00906975
799.503 8.91119 0.166338 2.16634 0.00920928
800.249 8.90201 0.163256 2.16583 0.00904993
800.994 8.89117 0.16336 2.16522 0.00907198
801.739 8.87714 0.169385 2.16444 0.00943301
802.485 8.86597 0.170438 2.16382 0.00950991
803.23 8.86414 0.154953 2.16369 0.00863716
803.975 8.86332 0.141492 2.16363 0.00787703
804.721 8.87244 0.144096 2.16415 0.00801304
805.466 8.88163 0.146737 2.16468 0.00815065
806.211 8.87622 0.167706 2.16441 0.00934222
806.957 8.87035 0.188637 2.16411 0.0105343
807.702 8.85496 0.18559 2.16324 0.0103881
808.447 8.83846 0.179331 2.1623 0.0100606
809.193 8.82547 0.1706 2.16155 0.00958513
809.938 8.81359 0.161229 2.16086 0.00906948
810.683 8.80488 0.160134 2.16037 0.00902011
811.429 8.79791 0.163473 2.15998 0.0092216
812.174 8.79221 0.1641 2.15966 0.00926632
812.919 8.78763 0.162369 2.1594 0.00917446
813.665 8.78439 0.158383 2.15921 0.00895131
814.41 8.78298 0.151247 2.15912 0.00854481
815.155 8.78062 0.146567 2.15898 0.00828022
815.901 8.77618 0.147479 2.15873 0.00833889
816.646 8.76988 0.148988 2.15838 0.00843445
817.391 8.75575 0.152999 2.15757 0.00868501
818.137 8.74137 0.156367 2.15675 0.00889998
818.882 8.72254 0.153444 2.15566 0.0087585
819.627 8.70401 0.150597 2.15459 0.00862008
820.373 8.69545 0.153641 2.1541 0.00880936
821.118 8.68728 0.156839 2.15363 0.00900756
821.863 8.68899 0.155529 2.15373 0.00892923
822.609 8.69238 0.153446 2.15393 0.00880357
823.354 8.69598 0.147863 2.15414 0.00847438
824.099 8.69961 0.141039 2.15434 0.00807345
824.845 8.70192 0.137795 2.15447 0.00788247
825.59 8.70346 0.136636 2.15457 0.00781356
826.335 8.70388 0.137467 2.15459 0.00786162
827.081 8.70327 0.140107 2.15456 0.00801602
827.826 8.69583 0.14227 2.15414 0.00815184
828.571 8.67895 0.143719 2.15316 0.0082591
829.317 8.66297 0.143444 2.15223 0.00826498
830.062 8.64864 0.139446 2.15139 0.0080506
830.807 8.63536 0.135045 2.15061 0.00781019
831.553 8.62566 0.128739 2.15004 0.00745233
832.298 8.61703 0.123951 2.14953 0.00718147
833.043 8.61846 0.13326 2.14963 0.00772788
833.789 8.6198 0.142598 2.14972 0.00827591
834.534 8.61779 0.13823 2.1496 0.00802196
835.279 8.61573 0.133665 2.14947 0.0077563
836.025 8.61803 0.133949 2.14961 0.00777039
836.77 8.62094 0.134905 2.14979 0.00782331
837.515 8.61475 0.141516 2.14944 0.0082208
838.261 8.6059 0.149661 2.14893 0.00871334
839.006 8.59441 0.150872 2.14826 0.00880163
839.751 8.58173 0.148725 2.14751 0.00869319
840.497 8.56975 0.148701 2.1468 0.00870921
841.242 8.55829 0.150257 2.14613 0.0088184
841.987 8.55273 0.1583 2.14581 0.00930509
842.733 8.55378 0.174003 2.1459 0.0102374
843.478 8.55095 0.173898 2.14574 0.0102362
844.223 8.5411 0.145828 2.14511 0.00858084
844.969 8.53255 0.126812 2.14458 0.0074587
845.714 8.52932 0.132515 2.14439 0.00780349
846.459 8.52538 0.137609 2.14417 0.00811319
847.205 8.51775 0.139544 2.14372 0.00823942
847.95 8.51061 0.142086 2.1433 0.00840169
848.695 8.51099 0.155693 2.14334 0.00921615
849.441 8.51118 0.169323 2.14338 0.0100321
850.186 8.49766 0.163701 2.14256 0.00971747
850.931 8.48367 0.157336 2.14172 0.00935751
851.677 8.47579 0.133503 2.14121 0.00793495
852.422 8.46833 0.107114 2.14073 0.00635392
853.167 8.4685 0.114744 2.14075 0.00681417
853.913 8.47094 0.133271 2.14093 0.0079283
854.658 8.46805 0.141664 2.14077 0.00843845
855.403 8.46254 0.144769 2.14044 0.00863386
856.149 8.4557 0.142402 2.14003 0.00850095
856.894 8.44782 0.135895 2.13955 0.00811875
857.639 8.44389 0.136756 2.13931 0.00817643
858.385 8.44436 0.145934 2.13936 0.00873164
859.13 8.44275 0.145174 2.13926 0.00868831
859.875 8.43756 0.127778 2.13892 0.00764198
860.621 8.43234 0.118523 2.1386 0.00708756
861.366 8.42755 0.129888 2.13833 0.00778336
862.112 8.42154 0.13839 2.13798 0.00830798
862.857 8.4107 0.134706 2.13731 0.00809903
863.602 8.40086 0.131656 2.13671 0.00792665
864.347 8.39997 0.134176 2.13667 0.0080818
865.093 8.39908 0.136693 2.13662 0.00823675
865.838 8.39845 0.125796 2.13657 0.00757336
866.583 8.39771 0.114921 2.13651 0.00691129
867.329 8.40053 0.119529 2.13669 0.00718923
868.074 8.4037 0.125727 2.1369 0.00756348
868.82 8.39849 0.126879 2.13658 0.00764058
869.565 8.39148 0.126905 2.13616 0.0076514
870.31 8.38582 0.127822 2.13581 0.00771495
871.056 8.38067 0.129056 2.1355 0.00779736
871.801 8.37389 0.12732 2.13509 0.00770015
872.546 8.36623 0.123971 2.13462 0.0075049
873.292 8.35914 0.120794 2.13418 0.00731907
874.037 8.35251 0.117758 2.13377 0.00714094
874.782 8.34994 0.116135 2.13362 0.00704451
875.528 8.35197 0.116085 2.13374 0.00703933
876.273 8.35207 0.117784 2.13376 0.00714387
877.018 8.34906 0.122292 2.13358 0.00742499
877.764 8.34616 0.124144 2.13341 0.00754281
878.509 8.34354 0.119794 2.13324 0.00727868
879.254 8.34075 0.116073 2.13307 0.00705322
880 8.33736 0.114587 2.13286 0.00696596
880.745 8.33489 0.112616 2.13271 0.00684764
881.49 8.33848 0.107344 2.13293 0.00651903
882.236 8.34106 0.102603 2.13308 0.00622453
882.981 8.32471 0.108723 2.13208 0.00661981
883.726 8.30858 0.114614 2.1311 0.00700267
884.472 8.29807 0.112498 2.13044 0.00688412
885.217 8.28785 0.110174 2.12981 0.00675187
885.962 8.28458 0.105083 2.1296 0.00643944
886.708 8.28215 0.0996724 2.12945 0.00610593
887.453 8.28175 0.0970546 2.12942 0.00594384
888.198 8.28182 0.0950855 2.12943 0.00582158
888.944 8.28476 0.0941819 2.12961 0.0057628
889.689 8.28876 0.093662 2.12986 0.00572687
890.434 8.28688 0.0962581 2.12975 0.00589025
891.18 8.28191 0.100448 2.12945 0.00615599
891.925 8.27474 0.100579 2.12901 0.00617185
892.67 8.26605 0.0978443 2.12847 0.00601065
893.416 8.25712 0.0980182 2.12791 0.00603084
894.161 8.24794 0.100941 2.12734 0.00622318
894.906 8.23877 0.102915 2.12677 0.00635675
895.652 8.22959 0.103701 2.1262 0.00641619
896.397 8.2226 0.106969 2.12577 0.00662919
897.142 8.21933 0.114623 2.12557 0.00711395
897.888 8.21848 0.117236 2.12553 0.00727944
898.633 8.22365 0.107546 2.12584 0.00666501
899.378 8.22775 0.102489 2.1261 0.00634337
900.124 8.22821 0.11422 2.12614 0.00707908
900.869 8.22841 0.121979 2.12617 0.00756578
901.614 8.22778 0.107355 2.12611 0.00664936
902.36 8.22663 0.0938124 2.12603 0.00580108
903.105 8.22227 0.0917008 2.12575 0.00567299
903.85 8.21784 0.0896379 2.12548 0.00554785
904.596 8.20798 0.0892015 2.12486 0.0055299
905.341 8.19824 0.0887692 2.12425 0.00551204
906.086 8.19337 0.0873665 2.12394 0.00542832
906.832 8.18877 0.085929 2.12365 0.00534203
907.577 8.17869 0.0883579 2.12302 0.0055051
908.322 8.16803 0.091197 2.12235 0.00569524
909.068 8.16596 0.0907567 2.12222 0.00566957
909.813 8.16569 0.0896329 2.1222 0.00559882
910.558 8.16554 0.0854573 2.12219 0.00533448
911.304 8.16538 0.0803408 2.12218 0.00501045
912.049 8.16528 0.0856475 2.12218 0.00534723
912.794 8.1651 0.0953471 2.12218 0.0059626
913.54 8.16412 0.0990899 2.12212 0.00620118
914.285 8.16272 0.099546 2.12204 0.0062318
915.03 8.16002 0.096604 2.12187 0.00604822
915.776 8.15638 0.0913086 2.12163 0.00571595
916.521 8.15013 0.0889454 2.12124 0.00557206
917.266 8.14165 0.0891402 2.1207 0.00559274
918.012 8.1327 0.0912222 2.12013 0.00573423
918.757 8.12322 0.0953179 2.11953 0.00600523
919.502 8.11594 0.0994013 2.11908 0.00627394
920.248 8.11159 0.103544 2.1188 0.00654385
920.993 8.10553 0.10419 2.11842 0.00659217
921.738 8.0966 0.0990046 2.11784 0.0062699
922.484 8.09102 0.0990831 2.11749 0.00628114
923.229 8.09237 0.110267 2.11759 0.00699766
923.974 8.09433 0.114806 2.11772 0.00728672
924.72 8.09816 0.10107 2.11795 0.00640154
925.465 8.10029 0.0880181 2.11808 0.00556288
926.21 8.09711 0.0778031 2.11787 0.00491102
926.956 8.09413 0.0687059 2.11767 0.00433001
927.701 8.09261 0.0645506 2.11757 0.00406465
928.446 8.09022 0.0628113 2.11742 0.00395485
929.192 8.08194 0.0772153 2.1169 0.00488687
929.937 8.07382 0.0902072 2.1164 0.00573036
930.682 8.06945 0.0909613 2.11612 0.00578345
931.428 8.06515 0.0912675 2.11584 0.00580766
932.173 8.06209 0.0816219 2.11564 0.00518868
932.918 8.05892 0.0720755 2.11543 0.00457553
933.664 8.05192 0.0795307 2.11498 0.00506303
934.409 8.0449 0.0868521 2.11454 0.00554303
935.154 8.03462 0.0811841 2.11387 0.00518569
935.9 8.02431 0.0751586 2.1132 0.00480391
936.645 8.02337 0.0773647 2.11314 0.00494815
937.39 8.02319 0.080243 2.11313 0.00513541
938.136 8.03198 0.0811056 2.11371 0.00518377
938.881 8.04204 0.0817212 2.11436 0.00521486
939.626 8.04692 0.0884693 2.11469 0.00564714
940.372 8.05084 0.0963553 2.11495 0.00615325
941.117 8.03848 0.0924007 2.11415 0.00591036
941.862 8.02279 0.0860502 2.11312 0.00551409
942.608 8.01643 0.0812591 2.11271 0.00520885
943.353 8.01254 0.0768893 2.11245 0.00492827
944.098 8.00603 0.0929299 2.11205 0.00597864
944.844 7.99813 0.115123 2.11156 0.00743408
945.589 8.00221 0.100929 2.11181 0.00650424
946.334 8.01002 0.0728434 2.1123 0.00466786
947.08 8.00585 0.0705504 2.11202 0.00452208
947.825 7.99688 0.0791559 2.11145 0.00509062
948.57 7.99131 0.0847309 2.11109 0.00545968
949.316 7.98737 0.0888898 2.11084 0.00573529
950.061 7.98609 0.0969422 2.11077 0.00626292
950.806 7.98611 0.107081 2.11078 0.0069256
951.552 7.98317 0.0993699 2.11058 0.00642517
952.297 7.97824 0.0814793 2.11025 0.00526019
953.042 7.97246 0.0891603 2.10988 0.00576873
953.788 7.9657 0.112622 2.10946 0.007314
954.533 7.96874 0.098071 2.10965 0.00635678
955.278 7.97705 0.0570054 2.11016 0.0036602
956.024 7.9688 0.0521376 2.10961 0.00334659
956.769 7.94949 0.073263 2.10836 0.00474725
957.514 7.94216 0.0776598 2.10789 0.00504295
958.26 7.94414 0.0696444 2.10801 0.00451386
959.005 7.9469 0.0631213 2.10819 0.00408275
959.75 7.95033 0.0578054 2.10842 0.00373098
960.496 7.94817 0.0718864 2.10829 0.00465871
961.241 7.94028 0.102182 2.1078 0.00666044
961.986 7.94016 0.114879 2.10781 0.00749687
962.732 7.94778 0.112281 2.10831 0.00731644
963.477 7.9502 0.109495 2.10846 0.00713042
964.222 7.9478 0.106592 2.10831 0.00694261
964.968 7.94855 0.0965145 2.10835 0.00627918
965.713 7.95195 0.0795965 2.10855 0.00516371
966.458 7.94764 0.0759864 2.10827 0.00493027
967.204 7.93631 0.0848997 2.10753 0.00552756
967.949 7.92246 0.0934103 2.10663 0.00610318
968.694 7.90633 0.10144 2.10557 0.00665223
969.44 7.90122 0.100211 2.10524 0.0065768
970.185 7.90638 0.0902938 2.10557 0.00591426
970.93 7.89933 0.085851 2.1051 0.00562702
971.676 7.88115 0.0866414 2.10389 0.00569754
972.421 7.87091 0.0828103 2.10321 0.00545254
973.166 7.86769 0.0747785 2.10299 0.00492021
973.912 7.8678 0.071631 2.103 0.00471041
974.657 7.87101 0.0728806 2.10321 0.00479123
975.402 7.87387 0.0734218 2.10341 0.00482507
976.148 7.87642 0.0733314 2.10358 0.00481707
976.893 7.8763 0.0731884 2.10357 0.00480783
977.638 7.8739 0.0730023 2.10341 0.0047976
978.384 7.87287 0.0712667 2.10334 0.004683
979.129 7.8729 0.0682845 2.10335 0.00448445
979.874 7.87474 0.0686391 2.10347 0.00450681
980.62 7.87794 0.0715468 2.10369 0.00469801
981.365 7.86735 0.0748714 2.10299 0.00492855
982.11 7.84743 0.078287 2.10166 0.0051744
982.856 7.83638 0.08233 2.10093 0.00545558
983.601 7.83092 0.0868302 2.10057 0.0057629
984.346 7.82192 0.0852633 2.09996 0.00566679
985.092 7.81093 0.0802088 2.09922 0.0053375
985.837 7.8074 0.0717608 2.09898 0.00477179
986.583 7.80773 0.0614003 2.09899 0.00407366
987.328 7.80762 0.0620142 2.09899 0.00411527
988.073 7.80729 0.0679771 2.09897 0.00451742
988.818 7.81082 0.0759851 2.09922 0.00505402
989.564 7.81597 0.0849987 2.09957 0.00565602
990.309 7.81965 0.0923553 2.09983 0.00614715
991.055 7.82277 0.0991204 2.10005 0.00659855
991.8 7.82236 0.0926408 2.10002 0.00616376
992.545 7.82071 0.0820386 2.0999 0.00545301
993.291 7.82143 0.0815715 2.09995 0.0054211
994.036 7.82277 0.0837192 2.10004 0.00556431
994.781 7.82323 0.0824699 2.10007 0.00548008
995.527 7.82351 0.0805279 2.10009 0.00534949
996.272 7.82072 0.0763407 2.0999 0.00507077
997.017 7.81746 0.07186 2.09968 0.00477244
997.763 7.80881 0.0671521 2.09909 0.00446268
998.508 7.79972 0.0625404 2.09848 0.0041588
999.253 7.80472 0.0865313 2.09884 0.00577249
999.999 7.80947 0.11236 2.09919 0.00750736
