255.408 0.956211 1.99717 1.26497 0.598516
256.154 1.0037 2.04904 1.28584 0.597419
256.899 1.05161 2.09971 1.30594 0.595814
257.644 1.01733 2.05686 1.28993 0.595788
258.39 0.97117 1.99882 1.26782 0.595396
259.135 0.994024 2.08225 1.29124 0.605808
259.88 1.04534 2.21415 1.33029 0.617028
260.626 1.06984 2.23504 1.33894 0.61494
261.371 1.07534 2.18533 1.32858 0.605489
262.116 1.09191 2.1614 1.32597 0.597765
262.862 1.12011 2.16558 1.33159 0.59231
263.607 1.13927 2.1671 1.33506 0.588438
264.353 1.14143 2.16374 1.3346 0.587431
265.098 1.14723 2.17029 1.33689 0.587317
265.843 1.16686 2.21343 1.34931 0.590309
266.589 1.1846 2.24793 1.35944 0.592136
267.334 1.17548 2.18667 1.34484 0.584113
268.079 1.16735 2.12537 1.33037 0.575452
268.825 1.17432 2.24222 1.35628 0.593515
269.57 1.18629 2.36934 1.38526 0.610586
270.315 1.21779 2.32243 1.3799 0.596901
271.061 1.25409 2.23798 1.3679 0.576234
271.806 1.27494 2.20845 1.36514 0.567269
272.551 1.2883 2.20375 1.36628 0.563849
273.297 1.30956 2.21028 1.37094 0.560689
274.042 1.33724 2.22572 1.37834 0.557724
274.787 1.34729 2.23822 1.38231 0.557769
275.533 1.33286 2.24695 1.38167 0.562022
276.278 1.33023 2.23866 1.37954 0.561272
277.023 1.35734 2.18822 1.37393 0.547925
277.769 1.38417 2.15584 1.37203 0.53752
278.514 1.40881 2.21893 1.38792 0.543058
279.259 1.43419 2.27928 1.4032 0.547662
280.005 1.44024 2.23327 1.39541 0.539472
280.75 1.44678 2.18755 1.38786 0.531064
281.495 1.45322 2.13775 1.37966 0.521834
282.241 1.46018 2.08773 1.37164 0.512274
282.986 1.46993 2.09 1.37363 0.510932
283.731 1.48056 2.1092 1.3788 0.512263
284.477 1.48954 2.07822 1.3747 0.505506
285.222 1.49819 2.01699 1.36532 0.493535
285.967 1.51428 1.9965 1.3645 0.487197
286.713 1.53753 2.01825 1.37222 0.486998
287.458 1.55376 2.02778 1.37658 0.485889
288.203 1.55703 2.01539 1.37498 0.483245
288.949 1.5635 1.99898 1.37326 0.479353
289.694 1.58128 1.96837 1.37118 0.47109
290.439 1.59942 1.94061 1.36974 0.46326
291.185 1.62057 1.93963 1.37326 0.459681
291.93 1.6416 1.93862 1.37674 0.456156
292.675 1.64451 1.86219 1.36512 0.442139
293.421 1.6482 1.78255 1.35345 0.426964
294.166 1.64658 1.75525 1.34896 0.422109
294.911 1.64362 1.73946 1.34598 0.419588
295.657 1.64831 1.70241 1.3413 0.411813
296.402 1.65695 1.65585 1.33611 0.401516
297.147 1.67218 1.61582 1.33333 0.391463
297.893 1.69259 1.58123 1.33251 0.381751
298.638 1.6962 1.55192 1.32918 0.375402
299.383 1.67619 1.52933 1.32201 0.373573
300.129 1.65762 1.49792 1.31388 0.369657
300.874 1.64309 1.44444 1.3036 0.360407
301.619 1.63025 1.39393 1.29414 0.351289
302.365 1.62286 1.36201 1.28835 0.345307
303.11 1.6157 1.32971 1.28259 0.339108
303.855 1.60501 1.27524 1.27331 0.328244
304.601 1.59519 1.22058 1.26434 0.31695
305.346 1.55761 1.17863 1.25048 0.311671
306.091 1.51626 1.13753 1.23563 0.306768
306.837 1.47921 1.07718 1.21936 0.296264
307.582 1.44458 1.00935 1.20277 0.283015
308.327 1.40716 0.981645 1.18989 0.280014
309.073 1.36708 0.980047 1.17907 0.284147
309.818 1.33256 0.950513 1.16636 0.280133
310.563 1.30523 0.88961 1.15198 0.266383
311.309 1.27621 0.842982 1.13873 0.256343
312.054 1.24229 0.825071 1.12704 0.254794
312.799 1.20263 0.80452 1.1132 0.252989
313.545 1.14119 0.774416 1.09146 0.250489
314.29 1.08017 0.742529 1.06907 0.247112
315.035 1.03367 0.70093 1.04977 0.238713
315.781 0.987146 0.658247 1.03003 0.229458
316.526 0.937597 0.620903 1.00948 0.221794
317.271 0.887617 0.582959 0.988318 0.213476
318.017 0.826997 0.545683 0.962935 0.205886
318.762 0.763204 0.507538 0.935611 0.197663
319.507 0.697495 0.479344 0.907681 0.192839
320.253 0.630198 0.455848 0.878657 0.189613
320.998 0.566663 0.433127 0.850321 0.186016
321.743 0.506494 0.411119 0.822612 0.182065
322.489 0.446782 0.390219 0.794368 0.17821
323.234 0.388195 0.371483 0.765976 0.174904
323.979 0.32885 0.353761 0.736442 0.171839
324.725 0.268742 0.340084 0.705959 0.170541
325.47 0.207595 0.326546 0.673956 0.169218
326.215 0.144352 0.316679 0.64009 0.169831
326.961 0.0801263 0.306467 0.604437 0.170273
327.706 0.0156804 0.303804 0.568069 0.174956
328.451 -0.0497969 0.301094 0.52973 0.179941
329.197 -0.11031 0.302771 0.493437 0.187335
329.942 -0.170709 0.305236 0.456025 0.195631
330.687 -0.230623 0.308888 0.417743 0.205127
331.433 -0.290873 0.313069 0.377939 0.215592
332.178 -0.349401 0.322156 0.338609 0.229922
332.923 -0.406872 0.334909 0.299305 0.247671
333.669 -0.463431 0.347462 0.259435 0.266247
334.414 -0.518664 0.359673 0.21931 0.285487
335.159 -0.571827 0.372256 0.179717 0.30581
335.905 -0.619569 0.385277 0.143588 0.326535
336.65 -0.666444 0.397952 0.10724 0.347901
337.395 -0.707533 0.408022 0.074415 0.366672
338.141 -0.749045 0.418286 0.0405535 0.386631
338.886 -0.791911 0.429003 0.00484521 0.408372
339.631 -0.835183 0.439922 -0.0319814 0.431534
340.377 -0.881966 0.450948 -0.0729961 0.457172
341.122 -0.92954 0.46219 -0.115745 0.484759
341.867 -0.973435 0.471765 -0.156443 0.510802
342.613 -1.01653 0.480965 -0.197433 0.537517
343.358 -1.05145 0.486311 -0.232238 0.557907
344.103 -1.08178 0.489454 -0.263725 0.57466
344.849 -1.11801 0.491664 -0.302937 0.593764
345.594 -1.16019 0.492944 -0.350515 0.615578
346.339 -1.20397 0.496172 -0.400479 0.641701
347.085 -1.25025 0.502786 -0.453197 0.674872
347.83 -1.29719 0.509609 -0.508223 0.710715
348.575 -1.34528 0.516809 -0.566189 0.750023
349.321 -1.39296 0.522487 -0.626461 0.789507
350.066 -1.43294 0.512806 -0.688971 0.804046
350.811 -1.47326 0.502971 -0.754546 0.819081
351.557 -1.51346 0.509947 -0.809437 0.860363
352.302 -1.55397 0.517708 -0.865561 0.905508
353.047 -1.60287 0.516718 -0.944728 0.946655
353.793 -1.65395 0.513887 -1.03298 0.989588
354.538 -1.71326 0.516916 -1.13444 1.0549
355.283 -1.77666 0.522723 -1.24583 1.13641
356.029 -1.83013 0.526679 -1.34551 1.20982
356.774 -1.87561 0.529092 -1.43517 1.27542
357.519 -1.91846 0.528476 -1.52735 1.33563
358.265 -1.95755 0.523621 -1.62175 1.38466
359.01 -1.99795 0.520099 -1.72152 1.4424
359.755 -2.0413 0.520019 -1.82716 1.51846
360.501 -2.08795 0.521857 -1.94235 1.61259
361.246 -2.15201 0.534779 -2.08499 1.78531
361.991 -2.21682 0.547757 -2.23206 1.98255
362.737 -2.28423 0.560045 -2.38954 2.21176
363.482 -2.35253 0.572394 -2.54849 2.47598
364.227 -2.40752 0.579466 -2.68462 2.70636
364.973 -2.46119 0.585815 -2.81734 2.95474
365.718 -2.50938 0.581956 -2.98061 3.17212
366.463 -2.55592 0.574421 -3.16366 3.39339
367.209 -2.60291 0.579476 -3.2782 3.68254
367.954 -2.65038 0.59281 -3.32801 4.02659
368.699 -2.70755 0.603053 -3.39866 4.46203
369.445 -2.77573 0.60977 -3.48186 5.02874
370.19 -2.84593 0.616353 -3.50801 5.68535
370.935 -2.91919 0.622603 -3.4476 6.44995
371.681 -2.98961 0.628964 -3.26357 7.25211
372.426 -3.04553 0.635456 -2.99121 7.91436
373.171 -3.1007 0.641431 -2.61697 8.5745
373.917 -3.13797 0.639028 -2.37876 9.06102
374.662 -3.17552 0.63658 -2.07871 9.55511
375.407 -3.22401 0.635853 -1.56234 10.1568
376.153 -3.2737 0.635223 -0.914931 10.7256
376.898 -3.34721 0.645028 0.3334 11.2326
377.643 -3.4277 0.65776 1.82271 11.4021
378.389 -3.51257 0.671727 3.34741 11.1587
379.134 -3.60039 0.686549 4.71449 10.5349
379.879 -3.67578 0.70119 5.63113 9.78385
380.625 -3.73973 0.715619 6.20316 9.06709
381.37 -3.80111 0.72644 6.63364 8.40189
382.116 -3.85803 0.731387 6.97175 7.82756
382.861 -3.90954 0.733886 7.21737 7.32672
383.606 -3.9442 0.72913 7.40463 7.02324
384.352 -3.98354 0.726486 7.55706 6.66825
385.097 -4.05524 0.739431 7.59955 6.00802
385.842 -4.12779 0.752656 7.57531 5.4158
386.587 -4.22288 0.761895 7.5306 4.7439
387.333 -4.31973 0.771308 7.42298 4.1597
388.078 -4.4124 0.78974 7.23952 3.69476
388.824 -4.50543 0.810199 7.04191 3.30385
389.569 -4.59253 0.822273 6.88626 2.98404
390.314 -4.67795 0.831067 6.7435 2.7084
391.06 -4.74371 0.83376 6.64598 2.51539
391.805 -4.79513 0.831959 6.57995 2.37231
392.55 -4.85006 0.836508 6.49189 2.23961
393.296 -4.90929 0.849078 6.38126 2.11861
394.041 -4.97267 0.863474 6.26635 2.00177
394.786 -5.04469 0.881736 6.13907 1.88378
395.532 -5.12268 0.89741 6.01685 1.76399
396.277 -5.22594 0.899579 5.89346 1.60227
397.022 -5.33064 0.902746 5.7719 1.45973
397.768 -5.43256 0.929174 5.63166 1.362
398.513 -5.536 0.956326 5.50062 1.27455
399.258 -5.62222 0.965452 5.41265 1.19721
400.004 -5.70762 0.972817 5.33136 1.1262
400.749 -5.77776 0.984628 5.26293 1.07759
401.494 -5.84377 0.997911 5.19976 1.03678
402.24 -5.90422 1.01267 5.14256 1.00379
402.985 -5.96164 1.02838 5.08934 0.975475
403.73 -6.03423 1.03527 5.03338 0.932474
404.476 -6.12227 1.0332 4.97452 0.876985
405.221 -6.21686 1.03896 4.90919 0.827444
405.966 -6.32217 1.05866 4.83331 0.785221
406.712 -6.43513 1.08126 4.7564 0.744788
407.457 -6.57019 1.11256 4.66906 0.703279
408.202 -6.70413 1.14275 4.58941 0.665763
408.948 -6.80686 1.15418 4.53662 0.634072
409.693 -6.91105 1.16582 4.48569 0.604402
410.438 -7.01217 1.18514 4.43619 0.581152
411.184 -7.11449 1.20517 4.3885 0.559419
411.929 -7.19837 1.22764 4.34964 0.545104
412.674 -7.27902 1.25095 4.31342 0.53265
413.42 -7.35949 1.263 4.28157 0.516779
414.165 -7.44036 1.27004 4.25191 0.499885
414.91 -7.54363 1.2859 4.21378 0.481753
415.656 -7.66553 1.30912 4.1699 0.463141
416.401 -7.79439 1.32785 4.12712 0.443102
417.146 -7.93235 1.34005 4.08518 0.421022
417.892 -8.07699 1.36198 4.04196 0.402163
418.637 -8.23475 1.40822 3.99403 0.38882
419.382 -8.39101 1.45315 3.94974 0.376242
420.128 -8.52528 1.48338 3.91511 0.364236
420.873 -8.66127 1.51437 3.88175 0.352882
421.618 -8.77718 1.54376 3.85431 0.344374
422.364 -8.89467 1.57383 3.82765 0.336206
423.109 -8.99877 1.58233 3.80708 0.325896
423.854 -9.1022 1.58803 3.7876 0.315647
424.6 -9.21083 1.61662 3.7654 0.309403
425.345 -9.3221 1.6535 3.74274 0.304539
426.09 -9.4604 1.68133 3.71744 0.295731
426.836 -9.61716 1.70361 3.69087 0.284856
427.581 -9.77871 1.73554 3.664 0.275684
428.326 -9.94533 1.77836 3.63684 0.268172
429.072 -10.1267 1.82204 3.60901 0.260042
429.817 -10.3339 1.86629 3.57936 0.250591
430.562 -10.5402 1.91553 3.55118 0.242431
431.308 -10.7296 1.97931 3.52555 0.237477
432.053 -10.9183 2.04411 3.50128 0.232854
432.798 -11.0579 2.09619 3.48396 0.229993
433.544 -11.1994 2.14961 3.46703 0.227201
434.289 -11.3573 2.16447 3.45133 0.219927
435.034 -11.5186 2.17712 3.43597 0.212645
435.78 -11.6758 2.2118 3.42042 0.207891
436.525 -11.8338 2.25257 3.40508 0.203811
437.27 -11.9983 2.29393 3.38975 0.199634
438.016 -12.1676 2.33615 3.3746 0.195483
438.761 -12.3653 2.39201 3.35731 0.191316
439.506 -12.5889 2.46061 3.33842 0.187176
440.252 -12.8213 2.53252 3.31974 0.183095
440.997 -13.0645 2.60837 3.30115 0.179032
441.742 -13.3149 2.68593 3.28302 0.174995
442.488 -13.5752 2.76316 3.26524 0.170778
443.233 -13.8414 2.84371 3.24795 0.16675
443.978 -14.1119 2.9292 3.23117 0.16303
444.724 -14.3886 3.01807 3.21485 0.159451
445.469 -14.566 3.08166 3.20471 0.157582
446.214 -14.7461 3.14694 3.19474 0.155752
446.96 -14.9712 3.18733 3.18376 0.151682
447.705 -15.2073 3.2246 3.1728 0.147397
448.45 -15.4619 3.27621 3.16114 0.143472
449.196 -15.7271 3.33433 3.14939 0.139753
449.941 -15.9905 3.42518 3.13749 0.137485
450.686 -16.2539 3.54036 3.12559 0.136147
451.432 -16.5431 3.65608 3.11332 0.134288
452.177 -16.8631 3.77207 3.1006 0.131865
452.922 -17.2026 3.89374 3.08781 0.129326
453.668 -17.5748 4.02242 3.07459 0.126495
454.413 -17.9441 4.15758 3.06204 0.124003
455.158 -18.2663 4.3003 3.05124 0.12255
455.904 -18.5969 4.45069 3.04061 0.121157
456.649 -18.9482 4.63248 3.02951 0.120186
457.394 -19.3078 4.82268 3.01864 0.119228
458.14 -19.6581 4.92103 3.00978 0.116408
458.885 -20.016 5.01503 3.0012 0.113525
459.63 -20.3512 5.06995 2.99392 0.110302
460.376 -20.686 5.11492 2.98704 0.107051
461.121 -21.0547 5.27286 2.97845 0.105624
461.866 -21.4455 5.49701 2.9691 0.105109
462.612 -21.7932 5.68277 2.96131 0.104372
463.357 -22.1005 5.83077 2.95489 0.103447
464.102 -22.5109 6.00066 2.94691 0.101777
464.848 -23.0881 6.20579 2.93656 0.0990007
465.593 -23.6412 6.42406 2.92701 0.0967642
466.338 -24.0779 6.65768 2.91933 0.0958511
467.084 -24.5253 6.89522 2.91184 0.0948725
467.829 -24.9825 7.09278 2.90492 0.0933404
468.574 -25.4521 7.29904 2.89809 0.091843
469.32 -26.0905 7.63513 2.88882 0.0904221
470.065 -26.7531 7.99395 2.87972 0.0890397
470.81 -27.3406 8.40251 2.87148 0.0886239
471.556 -27.9267 8.84 2.86351 0.0883627
472.301 -28.5245 9.22145 2.85625 0.0874765
473.046 -29.1387 9.59175 2.84931 0.0863712
473.792 -29.7265 9.92714 2.84314 0.0851752
474.537 -30.2993 10.2392 2.8375 0.0839241
475.282 -30.9151 10.6034 2.83156 0.0827819
476.028 -31.5818 11.0337 2.82525 0.0817628
476.773 -32.2929 11.5396 2.81864 0.0809198
477.518 -33.0774 12.1911 2.81129 0.080418
478.264 -33.8891 12.8551 2.80421 0.0797428
479.009 -34.7495 13.4133 2.79783 0.0783055
479.754 -35.6361 14.0019 2.79161 0.0769009
480.5 -36.4426 14.4985 2.78644 0.0754954
481.245 -37.2772 15.0237 2.78134 0.0741192
481.99 -38.1274 15.9187 2.77507 0.0739503
482.736 -38.9921 16.909 2.76879 0.073882
483.481 -40.0472 17.966 2.76214 0.0731773
484.226 -41.1844 19.1097 2.75548 0.0723146
484.972 -42.1333 20.1231 2.75013 0.0716628
485.717 -42.9811 21.0772 2.74549 0.0711247
486.462 -43.9942 22.07 2.74069 0.0701239
487.208 -45.1856 23.1134 2.73575 0.068706
487.953 -46.3501 24.3899 2.73058 0.0677448
488.698 -47.4129 26.0275 2.72503 0.067485
489.444 -48.4658 27.659 2.71989 0.0670809
490.189 -49.5044 28.975 2.71582 0.0662453
490.934 -50.5771 30.4675 2.71159 0.0654761
491.68 -51.7603 32.7924 2.70589 0.0651253
492.425 -52.9069 35.3274 2.70027 0.0647776
493.17 -54.2252 37.7928 2.69514 0.0638795
493.916 -55.5297 40.4809 2.69009 0.0629886
494.661 -56.6618 43.2204 2.68545 0.0622577
495.406 -57.7113 46.1541 2.68094 0.0615659
496.152 -59.1759 49.8218 2.67577 0.0603123
496.897 -60.7585 54.1156 2.67038 0.0588599
497.642 -61.3406 58.5668 2.66545 0.0583688
498.388 -60.9733 63.0652 2.66085 0.0585549
499.133 -60.0868 67.4616 2.65659 0.0588869
499.878 -58.6651 71.5556 2.65273 0.0594013
500.624 -57.5738 75.8905 2.64894 0.0592598
501.369 -57.7932 80.9677 2.64526 0.0577004
502.115 -57.3605 86.6125 2.64143 0.0563324
502.86 -54.7302 93.2332 2.63676 0.0557416
503.605 -51.2352 99.8702 2.63223 0.0551507
504.35 -49.3012 104.441 2.62958 0.0543101
505.096 -46.9405 109.099 2.62694 0.0534813
505.841 -40.5901 114.947 2.62258 0.0532903
506.587 -32.8387 120.133 2.6181 0.0531624
507.332 -25.6065 123.933 2.61436 0.0529445
508.077 -18.2325 126.799 2.61085 0.0527024
508.823 -9.99466 129.668 2.60713 0.0520954
509.568 -0.954739 131.923 2.60332 0.0512942
510.313 8.29801 132.16 2.59957 0.0508187
511.059 17.1964 130.433 2.59587 0.0506513
511.804 27.2082 127.959 2.59166 0.0500422
512.549 39.2559 124.152 2.58657 0.0487089
513.294 48.6156 118.58 2.58206 0.0477814
514.04 52.3985 113.245 2.57922 0.0480525
514.785 55.6778 107.689 2.57626 0.0483181
515.531 59.3656 100.109 2.5721 0.0485886
516.276 61.9534 92.8685 2.568 0.0488471
517.021 65.0416 89.6103 2.56576 0.0477545
517.767 67.848 86.3085 2.5636 0.0466338
518.512 71.2538 81.023 2.56029 0.0450923
519.257 74.0575 75.2778 2.55678 0.0434986
520.003 74.324 71.3099 2.55432 0.0432093
520.748 73.6639 68.2645 2.5523 0.0434637
521.493 71.855 64.3308 2.5494 0.0443831
522.239 69.3225 60.062 2.54584 0.0457843
522.984 68.0651 56.6067 2.54282 0.0462409
523.729 68.2063 53.783 2.54047 0.0455039
524.475 68.2001 50.8253 2.53792 0.0447
525.22 68.0056 47.451 2.53486 0.0437299
525.965 67.4885 44.1775 2.53166 0.0428555
526.711 66.1545 40.6604 2.52768 0.0423877
527.456 64.7677 37.5359 2.52379 0.0419365
528.201 63.7855 35.701 2.5213 0.0417363
528.947 62.8045 33.9899 2.51882 0.0415379
529.692 61.9492 31.5507 2.51556 0.0405012
530.437 61.0386 29.2102 2.51223 0.0393906
531.183 59.2174 27.6579 2.50872 0.0399025
531.928 57.2624 26.4188 2.50518 0.0408905
532.673 56.1413 25.2362 2.50247 0.0409121
533.419 55.4538 24.0982 2.50023 0.0403789
534.164 54.6468 22.6852 2.49742 0.0395444
534.909 53.7056 21.0472 2.49403 0.038415
535.655 52.8286 19.8531 2.49119 0.0377168
536.4 52.0933 19.2731 2.4893 0.0377481
537.145 51.3122 18.6766 2.48725 0.0377913
537.891 50.3339 17.9673 2.48461 0.037878
538.636 49.4129 17.3041 2.48204 0.0379388
539.381 48.6934 16.6896 2.47983 0.0377771
540.127 47.9945 16.1081 2.47764 0.0376168
540.872 47.2279 15.6688 2.47544 0.0378242
541.617 46.4855 15.2558 2.47327 0.038043
542.363 46.1925 14.6099 2.47169 0.0370411
543.108 45.9795 13.9298 2.47025 0.0357899
543.853 45.2374 13.2442 2.46751 0.0352309
544.599 44.2972 12.5951 2.46423 0.0349839
545.344 43.5657 12.158 2.46168 0.034933
546.089 42.9921 11.8726 2.45973 0.0350355
546.835 42.4013 11.5237 2.45757 0.0349732
547.58 41.7816 11.0919 2.45513 0.034689
548.325 41.0921 10.6957 2.45246 0.0345855
549.071 40.2174 10.3511 2.44918 0.0349173
549.816 39.4292 10.012 2.44607 0.0351152
550.561 38.9016 9.6087 2.44363 0.0346306
551.307 38.3908 9.22638 2.44122 0.0341468
552.052 38.0294 8.81376 2.43926 0.0332564
552.797 37.6712 8.41948 2.43731 0.0323799
553.543 37.1824 8.12717 2.43499 0.0320659
554.288 36.6909 7.86046 2.43264 0.0318284
555.033 36.1874 7.75199 2.43044 0.0322404
555.779 35.6919 7.6933 2.42831 0.0328585
556.524 35.2749 7.45131 2.42614 0.0325603
557.269 34.9046 7.10846 2.42395 0.0317042
558.015 34.5114 6.93334 2.42191 0.031606
558.76 34.0976 6.92427 2.42002 0.0323074
559.505 33.7559 6.83044 2.41828 0.0324947
560.251 33.5325 6.5855 2.41681 0.0317336
560.996 33.2992 6.35669 2.4153 0.0310422
561.741 33.027 6.16568 2.41365 0.0305831
562.487 32.7587 5.9908 2.41202 0.0301786
563.232 32.4872 5.93098 2.41055 0.0303606
563.977 32.2215 5.87232 2.40909 0.0305395
564.723 31.8095 5.81 2.40682 0.0309684
565.468 31.402 5.74822 2.40451 0.0314019
566.213 31.1231 5.57435 2.40266 0.0309673
566.959 30.8762 5.38049 2.40093 0.030336
567.704 30.6434 5.23536 2.39935 0.0299375
568.449 30.4198 5.11481 2.39785 0.0296519
569.195 30.1543 4.96502 2.39602 0.0292545
569.94 29.8562 4.79383 2.39393 0.0287658
570.685 29.5427 4.59816 2.39165 0.0281242
571.431 29.2044 4.36675 2.3891 0.027261
572.176 28.8945 4.23895 2.38689 0.0269855
572.921 28.6447 4.35828 2.38548 0.0282454
573.667 28.3892 4.43671 2.38394 0.0292707
574.412 28.083 4.29459 2.3816 0.0289002
575.157 27.7852 4.15895 2.37928 0.0285361
575.903 27.4786 3.99163 2.3768 0.0279375
576.648 27.1804 3.8327 2.37435 0.0273514
577.393 27.0089 3.74856 2.37294 0.0270583
578.139 26.8584 3.67703 2.37171 0.0268117
578.884 26.7041 3.61679 2.37045 0.0266518
579.629 26.5501 3.56145 2.36919 0.0265241
580.375 26.3374 3.5237 2.36749 0.0266413
581.12 26.0892 3.49732 2.3655 0.0269181
581.865 25.8911 3.48687 2.36391 0.0272305
582.611 25.747 3.49434 2.36279 0.0275871
583.356 25.5979 3.49372 2.36159 0.027892
584.101 25.437 3.4776 2.36025 0.0280962
584.847 25.274 3.43239 2.35882 0.0280612
585.592 25.0919 3.26928 2.35697 0.0270494
586.337 24.9166 3.1169 2.35518 0.026085
587.083 24.8203 3.0394 2.35421 0.025601
587.828 24.7247 2.96351 2.35325 0.0251215
588.573 24.5767 2.90216 2.35185 0.0248633
589.319 24.4269 2.84358 2.35041 0.0246259
590.064 24.2535 2.79695 2.34877 0.0245358
590.809 24.0769 2.75435 2.34708 0.0244845
591.555 23.8963 2.73411 2.34538 0.0246485
592.3 23.7157 2.72504 2.34367 0.0249214
593.045 23.5536 2.72104 2.34213 0.025211
593.791 23.4081 2.72155 2.34074 0.0255162
594.536 23.265 2.68465 2.33929 0.0254505
595.281 23.1239 2.59063 2.33772 0.0248045
596.027 22.9637 2.50998 2.33597 0.0243148
596.772 22.7448 2.46252 2.33366 0.0242679
597.517 22.5499 2.41566 2.33157 0.0241736
598.263 22.495 2.36172 2.33091 0.0237212
599.008 22.4401 2.30856 2.33026 0.0232719
599.753 22.2902 2.27457 2.32862 0.0232055
600.499 22.1415 2.24184 2.32697 0.023147
601.244 21.9816 2.23646 2.32524 0.0234081
601.989 21.8226 2.2355 2.32351 0.0237209
602.735 21.7056 2.20251 2.32216 0.0235933
603.48 21.606 2.15754 2.32097 0.0232908
604.225 21.5091 2.15288 2.31988 0.0234384
604.971 21.4144 2.17673 2.31887 0.0239117
605.716 21.3109 2.14932 2.31764 0.0238138
606.461 21.1961 2.05973 2.31615 0.0230058
607.207 21.0905 2.00089 2.31481 0.0225272
607.952 21.004 2.00626 2.31382 0.0227693
608.697 20.9302 1.99606 2.31294 0.0228013
609.443 20.9126 1.91188 2.31259 0.0218287
610.188 20.8896 1.83207 2.31219 0.0209145
610.933 20.745 1.85387 2.3105 0.0214584
611.679 20.6032 1.87431 2.30882 0.0219904
612.424 20.4854 1.8563 2.30734 0.0220046
613.169 20.372 1.83461 2.3059 0.0219623
613.915 20.3103 1.85414 2.30519 0.0223389
614.66 20.264 1.88575 2.30469 0.0228409
615.405 20.1865 1.8457 2.30364 0.0224944
616.151 20.0913 1.76588 2.30228 0.0216635
616.896 19.978 1.7248 2.30075 0.021358
617.641 19.8478 1.72112 2.29906 0.0215723
618.387 19.7271 1.70378 2.29745 0.021588
619.132 19.6206 1.66341 2.29596 0.0212637
619.878 19.5338 1.63052 2.29475 0.0209949
620.623 19.5096 1.61971 2.29442 0.0209013
621.368 19.476 1.61014 2.29397 0.0208423
622.113 19.349 1.61189 2.29225 0.021122
622.859 19.2248 1.61319 2.29055 0.0213946
623.604 19.1014 1.57716 2.28877 0.0211424
624.349 18.9806 1.54064 2.287 0.020871
625.095 18.9219 1.49767 2.2861 0.0203767
625.84 18.8766 1.45379 2.28539 0.0198376
626.586 18.8167 1.43816 2.28451 0.0197311
627.331 18.7506 1.43521 2.28357 0.0198202
628.076 18.6509 1.41998 2.2821 0.0197938
628.822 18.5255 1.39536 2.28022 0.0196752
629.567 18.4281 1.38976 2.27877 0.019785
630.312 18.3672 1.40965 2.27791 0.0202101
631.057 18.3184 1.42161 2.27722 0.0204947
631.803 18.2991 1.41447 2.27693 0.0204303
632.548 18.271 1.40378 2.27651 0.0203291
633.294 18.1916 1.37254 2.27525 0.0200138
634.039 18.1133 1.34234 2.274 0.0197069
634.784 18.0359 1.33546 2.27281 0.019757
635.53 17.9597 1.32862 2.27162 0.0198056
636.275 17.8803 1.31832 2.27037 0.0198057
637.02 17.8016 1.30769 2.26912 0.0197985
637.766 17.7497 1.28021 2.26826 0.0194666
638.511 17.7071 1.24728 2.26753 0.0190248
639.256 17.6604 1.23942 2.26678 0.0189929
640.002 17.6114 1.24744 2.26602 0.0192236
640.747 17.5466 1.23551 2.26496 0.0191604
641.492 17.4647 1.20205 2.26357 0.0187741
642.238 17.4033 1.18307 2.26254 0.0185824
642.983 17.3803 1.19104 2.26219 0.0187642
643.728 17.3577 1.19746 2.26185 0.0189199
644.474 17.3365 1.19799 2.26152 0.0189749
645.219 17.3105 1.19819 2.26111 0.0190341
645.964 17.214 1.1938 2.25949 0.0191553
646.71 17.1194 1.18935 2.2579 0.0192726
647.455 17.0419 1.16854 2.25655 0.0190754
648.2 16.9668 1.14707 2.25523 0.0188582
648.946 16.9313 1.10925 2.25456 0.0182753
649.691 16.9054 1.0676 2.25405 0.0176026
650.436 16.8688 1.03934 2.25338 0.0171804
651.182 16.8269 1.01808 2.25262 0.0168872
651.927 16.7513 1.01964 2.25131 0.0170557
652.672 16.6469 1.04053 2.24951 0.0176255
653.418 16.5636 1.05316 2.24805 0.0180156
654.163 16.5108 1.0544 2.24712 0.0181448
654.908 16.4629 1.05168 2.24626 0.0181931
655.654 16.4276 1.03785 2.24561 0.0180134
656.399 16.3936 1.02261 2.24497 0.0178041
657.144 16.3669 0.99615 2.24445 0.0173719
657.89 16.3404 0.97001 2.24393 0.016943
658.635 16.2314 0.967857 2.24192 0.0171089
659.38 16.1241 0.965799 2.23992 0.0172758
660.126 16.078 0.961447 2.23906 0.017285
660.871 16.0425 0.95676 2.23839 0.0172674
661.616 16.0183 0.957287 2.23795 0.0173275
662.362 15.9986 0.95983 2.2376 0.0174179
663.107 15.9683 0.969826 2.23705 0.0176722
663.852 15.9305 0.984934 2.23638 0.0180412
664.598 15.8888 0.974455 2.23557 0.0179255
665.343 15.8421 0.933393 2.2346 0.0172233
666.088 15.7901 0.908903 2.23356 0.0168478
666.834 15.7265 0.918785 2.23234 0.0171663
667.579 15.6741 0.926072 2.23134 0.0174151
668.324 15.6699 0.923201 2.23127 0.0173705
669.07 15.6653 0.919445 2.23119 0.017309
669.815 15.6523 0.896293 2.2309 0.0168782
670.56 15.6393 0.873302 2.23062 0.0164494
671.306 15.5683 0.843912 2.22917 0.0159959
672.051 15.4928 0.81485 2.22761 0.0155493
672.796 15.4323 0.821673 2.22641 0.0157991
673.542 15.3765 0.83824 2.22532 0.0162424
674.287 15.3442 0.836881 2.22468 0.0162782
675.032 15.3247 0.825751 2.22427 0.016089
675.778 15.309 0.825678 2.22397 0.0161201
676.523 15.2969 0.836282 2.22375 0.016365
677.268 15.2742 0.840138 2.22331 0.0164909
678.014 15.2339 0.832742 2.22248 0.0164169
678.759 15.1843 0.824249 2.22144 0.0163366
679.504 15.1047 0.812123 2.21977 0.0162347
680.25 15.0337 0.800495 2.21826 0.0161248
680.995 15.0244 0.790512 2.21806 0.0159336
681.74 15.0151 0.780581 2.21786 0.015743
682.486 15.0066 0.785408 2.21771 0.0158648
683.231 14.9982 0.79069 2.21755 0.0159964
683.976 14.9517 0.75507 2.21651 0.0153229
684.722 14.8981 0.71251 2.2153 0.0145045
685.467 14.8585 0.704719 2.21445 0.0144067
686.212 14.825 0.711323 2.21375 0.0146105
686.958 14.7732 0.721696 2.21265 0.0149299
687.703 14.7081 0.734552 2.21126 0.0153312
688.448 14.6572 0.740564 2.21016 0.01556
689.194 14.6239 0.738217 2.20944 0.0155724
689.939 14.599 0.736335 2.20889 0.0155797
690.684 14.5932 0.735525 2.20878 0.0155757
691.43 14.5788 0.733486 2.20847 0.0155601
692.175 14.5215 0.725309 2.20719 0.0154854
692.92 14.4657 0.716937 2.20593 0.0154023
693.666 14.4273 0.697399 2.20504 0.0150322
694.411 14.3893 0.678273 2.20415 0.0146674
695.156 14.3586 0.664392 2.20344 0.0144068
695.902 14.329 0.651292 2.20275 0.0141604
696.647 14.3167 0.643172 2.20247 0.0139977
697.392 14.3097 0.636575 2.20232 0.0138606
698.138 14.3028 0.622915 2.20215 0.0135602
698.883 14.2959 0.605164 2.20198 0.0131649
699.628 14.2658 0.608461 2.2013 0.0132926
700.374 14.2125 0.632361 2.20012 0.0139388
701.119 14.1665 0.652888 2.19909 0.0145005
701.864 14.1325 0.668489 2.19834 0.0149301
702.61 14.1034 0.678067 2.19768 0.0152117
703.355 14.0899 0.66863 2.19736 0.0150168
704.1 14.0795 0.661542 2.19712 0.0148713
704.846 14.0963 0.675679 2.19756 0.0151775
705.591 14.1132 0.689972 2.19799 0.015486
706.336 14.0633 0.661907 2.19678 0.0149182
707.082 14.0115 0.633162 2.19551 0.0143304
707.827 13.9557 0.600586 2.19413 0.0136499
708.572 13.8998 0.568182 2.19275 0.0129644
709.318 13.864 0.560798 2.19188 0.0128458
710.063 13.8369 0.563834 2.19124 0.0129657
710.808 13.8354 0.575676 2.19124 0.0132592
711.554 13.8534 0.594502 2.19172 0.0136896
712.299 13.8557 0.59806 2.1918 0.013775
713.044 13.8373 0.581542 2.19134 0.0134073
713.79 13.8076 0.570405 2.19061 0.0131875
714.535 13.7523 0.571293 2.18927 0.0133029
715.28 13.6973 0.572941 2.18793 0.0134378
716.026 13.64 0.57874 2.18653 0.0136813
716.771 13.5853 0.584143 2.18519 0.0139131
717.516 13.5758 0.587789 2.18497 0.0140238
718.262 13.5663 0.591409 2.18475 0.0141341
719.007 13.5894 0.572816 2.18531 0.0136305
719.752 13.616 0.551485 2.18595 0.0130553
720.498 13.589 0.532015 2.18526 0.0126145
721.243 13.5466 0.513617 2.18418 0.0122213
721.988 13.5051 0.49821 2.18312 0.0118981
722.734 13.4645 0.484582 2.18208 0.0116156
723.479 13.4283 0.484286 2.18117 0.0116642
724.224 13.3963 0.496368 2.18038 0.0120244
724.97 13.3744 0.500541 2.17984 0.0121678
725.715 13.3686 0.492101 2.17969 0.0119621
726.46 13.3617 0.491962 2.17953 0.0119716
727.206 13.351 0.51704 2.1793 0.0126369
727.951 13.339 0.541287 2.17904 0.0132847
728.696 13.3176 0.560244 2.17854 0.0138135
729.442 13.2963 0.578905 2.17803 0.0143372
730.187 13.2384 0.556682 2.1765 0.0138651
730.932 13.181 0.534647 2.17497 0.0133898
731.678 13.1485 0.520714 2.1741 0.0130801
732.423 13.1205 0.508316 2.17335 0.0128012
733.168 13.1055 0.500688 2.17295 0.0126258
733.914 13.0955 0.49487 2.17269 0.0124899
734.659 13.0908 0.492518 2.17257 0.0124372
735.404 13.0899 0.492534 2.17256 0.0124415
736.15 13.0853 0.485412 2.17244 0.0122618
736.895 13.0762 0.470049 2.17219 0.0118691
737.641 13.0565 0.456278 2.17165 0.0115338
738.386 13.0159 0.44572 2.17056 0.0113136
739.131 12.9781 0.442515 2.16955 0.0112854
739.876 12.949 0.46709 2.16881 0.0119959
740.622 12.9221 0.490152 2.16813 0.0126664
741.367 12.9238 0.500762 2.16821 0.0129538
742.112 12.9255 0.511392 2.16828 0.0132418
742.858 12.9283 0.511257 2.16837 0.0132356
743.603 12.9312 0.510461 2.16846 0.0132114
744.349 12.9112 0.496522 2.1679 0.012869
745.094 12.8862 0.479853 2.16721 0.0124586
745.839 12.854 0.449026 2.16629 0.0116689
746.584 12.8187 0.412452 2.16528 0.0107191
747.33 12.7851 0.405034 2.16435 0.010564
748.075 12.7531 0.420055 2.1635 0.0110276
748.82 12.7319 0.425037 2.16293 0.0111993
749.566 12.7249 0.416985 2.16273 0.0109878
750.311 12.725 0.412012 2.16274 0.0108513
751.057 12.7422 0.414214 2.16323 0.01089
751.802 12.7518 0.416665 2.16351 0.0109463
752.547 12.7242 0.420169 2.16276 0.011086
753.293 12.6963 0.423026 2.162 0.0112088
754.038 12.6567 0.41352 2.16089 0.011003
754.783 12.6177 0.404269 2.15979 0.0108012
755.529 12.5959 0.394615 2.15917 0.0105617
756.274 12.5757 0.385058 2.15859 0.0103212
757.019 12.5556 0.385002 2.15803 0.0103495
757.765 12.5356 0.38745 2.15748 0.0104491
758.51 12.52 0.39954 2.15706 0.0108182
759.255 12.5065 0.416472 2.15671 0.0113241
760.001 12.5015 0.412117 2.15657 0.0112092
760.746 12.5036 0.389157 2.15661 0.010551
761.491 12.4889 0.383797 2.15619 0.01042
762.237 12.4502 0.403749 2.15512 0.0110513
762.982 12.4148 0.413193 2.15412 0.011379
763.727 12.3874 0.397314 2.15332 0.0109618
764.473 12.3606 0.384042 2.15253 0.0106167
765.218 12.3357 0.383352 2.15181 0.0106343
765.963 12.3118 0.382324 2.15112 0.0106405
766.709 12.313 0.369461 2.15115 0.0102636
767.454 12.3142 0.356587 2.15117 0.0098865
768.199 12.3208 0.349584 2.15137 0.00967435
768.945 12.328 0.34318 2.15158 0.00947932
769.69 12.3235 0.348039 2.15146 0.00962932
770.435 12.3157 0.356103 2.15125 0.00987789
771.181 12.2933 0.355041 2.15061 0.00987859
771.926 12.2636 0.34922 2.14973 0.00974877
772.671 12.2286 0.346303 2.14871 0.00971074
773.417 12.1893 0.345879 2.14755 0.0097523
774.162 12.1667 0.348813 2.14688 0.00987214
774.907 12.1677 0.356793 2.14694 0.0101108
775.653 12.1685 0.357058 2.14697 0.0101195
776.398 12.1684 0.337294 2.14695 0.00953111
777.143 12.1685 0.321023 2.14694 0.00904665
777.889 12.1708 0.323792 2.14702 0.00912839
778.634 12.1728 0.326692 2.1471 0.00921421
779.379 12.1695 0.333458 2.14702 0.00942224
780.125 12.1662 0.340206 2.14694 0.00962992
780.87 12.1267 0.328847 2.14575 0.0093428
781.615 12.0844 0.316103 2.14447 0.00901432
782.361 12.0475 0.318612 2.14336 0.00913839
783.106 12.0124 0.324975 2.14231 0.00937858
783.851 12.0022 0.308476 2.14199 0.00889001
784.597 12.004 0.280426 2.14202 0.00803328
785.342 12.002 0.293676 2.14198 0.00844179
786.087 11.996 0.341817 2.14187 0.00992111
786.833 11.9951 0.362844 2.14188 0.0105664
787.578 12.0022 0.346518 2.14209 0.0100595
788.323 12.0016 0.33506 2.14206 0.00971236
789.069 11.9831 0.335254 2.14151 0.00974476
789.814 11.9601 0.335838 2.14081 0.00979538
790.559 11.9159 0.338189 2.13946 0.0099297
791.305 11.8741 0.33909 2.13818 0.010017
792.05 11.8561 0.319163 2.1376 0.00942386
792.795 11.8381 0.299596 2.13703 0.008839
793.541 11.8388 0.289466 2.13705 0.00852384
794.286 11.8407 0.279939 2.1371 0.00822611
795.031 11.8504 0.292623 2.13743 0.00861157
795.777 11.8616 0.310459 2.13781 0.00915413
796.522 11.8631 0.303022 2.13785 0.00892265
797.267 11.8603 0.284665 2.13775 0.00835687
798.013 11.8297 0.283447 2.13681 0.00835639
798.758 11.78 0.29411 2.13527 0.00875175
799.503 11.7464 0.297015 2.13422 0.00888651
800.249 11.7305 0.29148 2.13372 0.00873281
800.994 11.7118 0.291375 2.13314 0.00875416
801.739 11.6875 0.301335 2.13239 0.00910264
802.485 11.6682 0.30284 2.13178 0.00917692
803.23 11.6652 0.276276 2.13167 0.00833474
803.975 11.6639 0.253199 2.13161 0.00760123
804.721 11.6793 0.257795 2.13211 0.00773242
805.466 11.6949 0.262461 2.13262 0.00786516
806.211 11.685 0.298197 2.13236 0.00901503
806.957 11.6743 0.333827 2.13207 0.0101654
807.702 11.6479 0.328194 2.13123 0.0100244
808.447 11.6197 0.317067 2.13032 0.00970853
809.193 11.5976 0.301829 2.1296 0.00924978
809.938 11.5774 0.285551 2.12894 0.00875225
810.683 11.5625 0.283459 2.12846 0.00870467
811.429 11.5504 0.288955 2.12808 0.00889915
812.174 11.5405 0.289858 2.12777 0.00894235
812.919 11.5326 0.286776 2.12752 0.00885373
813.665 11.5271 0.27989 2.12734 0.0086384
814.41 11.5247 0.26769 2.12725 0.00824612
815.155 11.5206 0.259651 2.12712 0.00799079
815.901 11.5129 0.261076 2.12688 0.00804744
816.646 11.502 0.263477 2.12654 0.0081397
817.391 11.4778 0.269963 2.12576 0.0083816
818.137 11.4532 0.275344 2.12497 0.00858915
818.882 11.4212 0.269968 2.12392 0.00845272
819.627 11.3898 0.26474 2.12288 0.00831925
820.373 11.3751 0.269678 2.12241 0.00850198
821.118 11.3611 0.274879 2.12196 0.00869333
821.863 11.3639 0.272666 2.12205 0.00861772
822.609 11.3695 0.269181 2.12225 0.00849642
823.354 11.3756 0.259784 2.12244 0.00817869
824.099 11.3817 0.248287 2.12264 0.00779173
824.845 11.3855 0.242813 2.12277 0.0076074
825.59 11.388 0.240848 2.12286 0.00754089
826.335 11.3886 0.242226 2.12289 0.00758726
827.081 11.3874 0.246645 2.12286 0.00773628
827.826 11.3746 0.250127 2.12245 0.0078674
828.571 11.346 0.25222 2.1215 0.00797102
829.317 11.3189 0.251419 2.12061 0.0079768
830.062 11.2947 0.24438 2.1198 0.00776998
830.807 11.2723 0.236695 2.11904 0.00753803
831.553 11.2559 0.225884 2.11849 0.00719269
832.298 11.2414 0.217657 2.118 0.00693132
833.043 11.2435 0.233295 2.11809 0.00745868
833.789 11.2454 0.248985 2.11818 0.00798761
834.534 11.242 0.241575 2.11806 0.00774252
835.279 11.2385 0.233835 2.11794 0.00748612
836.025 11.2422 0.234321 2.11808 0.00749972
836.77 11.247 0.23595 2.11825 0.00755077
837.515 11.2364 0.246915 2.11791 0.00793445
838.261 11.2212 0.260397 2.11742 0.00840989
839.006 11.2018 0.262174 2.11677 0.00849518
839.751 11.1804 0.258296 2.11605 0.0083906
840.497 11.1602 0.257994 2.11536 0.00840614
841.242 11.1409 0.260348 2.11471 0.00851162
841.987 11.1313 0.273667 2.11441 0.0089814
842.733 11.1326 0.299929 2.1145 0.00988123
843.478 11.1278 0.299661 2.11434 0.00988016
844.223 11.1117 0.252491 2.11373 0.00828243
844.969 11.0977 0.220531 2.11322 0.00719937
845.714 11.0921 0.229975 2.11304 0.00753218
846.459 11.0853 0.238385 2.11282 0.00783114
847.205 11.0724 0.241448 2.11239 0.00795302
847.95 11.0603 0.245532 2.11198 0.0081097
848.695 11.0606 0.268208 2.11203 0.00889585
849.441 11.0605 0.290919 2.11206 0.00968347
850.186 11.0379 0.281232 2.11127 0.00937985
850.931 11.0147 0.270319 2.11046 0.00903249
851.677 11.0019 0.230472 2.10997 0.0076594
852.422 10.9898 0.186421 2.10951 0.00613331
853.167 10.9898 0.19909 2.10953 0.00657757
853.913 10.9935 0.22992 2.10969 0.007653
854.658 10.9884 0.243802 2.10954 0.00814545
855.403 10.9791 0.248838 2.10923 0.00833412
856.149 10.9676 0.244751 2.10883 0.00820586
856.894 10.9545 0.233775 2.10836 0.00783698
857.639 10.9479 0.235108 2.10813 0.00789269
858.385 10.9484 0.25033 2.10818 0.00842863
859.13 10.9456 0.249012 2.10808 0.0083868
859.875 10.9372 0.22002 2.10776 0.00737682
860.621 10.9286 0.204553 2.10745 0.00684167
861.366 10.9203 0.223302 2.10718 0.00751336
862.112 10.9101 0.237271 2.10685 0.00801981
862.857 10.8921 0.230952 2.10621 0.00781818
863.602 10.8758 0.225709 2.10563 0.00765183
864.347 10.8742 0.229841 2.10558 0.00780161
865.093 10.8725 0.233965 2.10553 0.0079512
865.838 10.8716 0.215894 2.10549 0.00731081
866.583 10.8704 0.19786 2.10543 0.0066717
867.329 10.8749 0.205504 2.10561 0.00693999
868.074 10.8799 0.215791 2.1058 0.00730124
868.82 10.8712 0.217589 2.1055 0.0073757
869.565 10.8595 0.217494 2.10509 0.00738619
870.31 10.85 0.218894 2.10476 0.00744756
871.056 10.8414 0.220826 2.10446 0.00752715
871.801 10.8301 0.217823 2.10406 0.00743335
872.546 10.8174 0.212144 2.10361 0.00724491
873.292 10.8056 0.206765 2.10318 0.00706556
874.037 10.7946 0.201631 2.10279 0.00689363
874.782 10.7903 0.198892 2.10264 0.00680056
875.528 10.7936 0.198816 2.10276 0.00679554
876.273 10.7936 0.201597 2.10277 0.00689647
877.018 10.7885 0.208964 2.1026 0.00716786
877.764 10.7836 0.21195 2.10243 0.00728163
878.509 10.7792 0.204714 2.10228 0.00702665
879.254 10.7746 0.198515 2.10211 0.00680902
880 10.7689 0.195994 2.10191 0.0067248
880.745 10.7648 0.192688 2.10176 0.00661059
881.49 10.7707 0.184029 2.10197 0.00629333
882.236 10.7749 0.176228 2.10212 0.00600902
882.981 10.7478 0.186065 2.10116 0.0063907
883.726 10.721 0.195507 2.1002 0.00676039
884.472 10.7037 0.191855 2.09958 0.006646
885.217 10.6868 0.18787 2.09896 0.00651838
885.962 10.6814 0.179443 2.09876 0.00621677
886.708 10.6774 0.170506 2.09861 0.00589481
887.453 10.6767 0.166182 2.09859 0.00573832
888.198 10.6768 0.16293 2.0986 0.00562029
888.944 10.6815 0.161462 2.09877 0.00556352
889.689 10.688 0.160637 2.09902 0.00552882
890.434 10.6848 0.164856 2.09891 0.00568656
891.18 10.6765 0.171652 2.09862 0.00594314
891.925 10.6646 0.171753 2.09819 0.00595848
892.67 10.6503 0.167136 2.09766 0.00580289
893.416 10.6356 0.167288 2.09713 0.00582243
894.161 10.6204 0.171938 2.09658 0.00600817
894.906 10.6053 0.175032 2.09603 0.00613717
895.652 10.5901 0.176178 2.09548 0.0061946
896.397 10.5786 0.181408 2.09506 0.00640028
897.142 10.573 0.193855 2.09487 0.00686833
897.888 10.5715 0.198095 2.09483 0.00702811
898.633 10.58 0.182307 2.09513 0.00643486
899.378 10.5867 0.174072 2.09538 0.00612431
900.124 10.5872 0.193244 2.09542 0.00683461
900.869 10.5873 0.205915 2.09544 0.0073045
901.614 10.5864 0.181971 2.09539 0.00641973
902.36 10.5846 0.159792 2.09531 0.00560075
903.105 10.5774 0.156268 2.09505 0.0054771
903.85 10.5701 0.152826 2.09478 0.0053563
904.596 10.5539 0.15198 2.09418 0.00533902
905.341 10.538 0.151144 2.09359 0.00532182
906.086 10.5299 0.148781 2.0933 0.00524101
906.832 10.5224 0.146366 2.09302 0.00515772
907.577 10.5058 0.150195 2.09241 0.0053152
908.322 10.4883 0.15468 2.09176 0.00549884
909.068 10.4849 0.15392 2.09163 0.00547406
909.813 10.4844 0.152069 2.09162 0.00540575
910.558 10.4841 0.14525 2.09161 0.00515052
911.304 10.4838 0.136898 2.0916 0.00483767
912.049 10.4835 0.145521 2.0916 0.00516283
912.794 10.483 0.161296 2.0916 0.00575699
913.54 10.4813 0.16736 2.09154 0.00598734
914.285 10.4789 0.168067 2.09146 0.00601692
915.03 10.4745 0.163227 2.09129 0.00583967
915.776 10.4685 0.154548 2.09107 0.00551888
916.521 10.4583 0.150614 2.09068 0.00537998
917.266 10.4444 0.150817 2.09017 0.00539999
918.012 10.4298 0.154081 2.08962 0.00553664
918.757 10.4143 0.160605 2.08904 0.00579835
919.502 10.4023 0.167129 2.0886 0.00605784
920.248 10.3951 0.173779 2.08834 0.00631847
920.993 10.3852 0.174732 2.08796 0.00636516
921.738 10.3707 0.166196 2.08741 0.00605403
922.484 10.3616 0.166238 2.08707 0.00606491
923.229 10.3636 0.184359 2.08716 0.00675676
923.974 10.3666 0.191723 2.08729 0.00703586
924.72 10.3729 0.169495 2.08752 0.00618113
925.465 10.3764 0.148347 2.08764 0.00537134
926.21 10.3713 0.13174 2.08743 0.00474194
926.956 10.3665 0.116953 2.08724 0.00418094
927.701 10.364 0.110191 2.08715 0.00392472
928.446 10.36 0.107337 2.087 0.00381871
929.192 10.3464 0.130572 2.0865 0.00471868
929.937 10.3331 0.1515 2.08601 0.00553318
930.682 10.3259 0.152654 2.08574 0.00558446
931.428 10.3189 0.153085 2.08548 0.00560786
932.173 10.314 0.137439 2.08528 0.00501019
932.918 10.3089 0.121958 2.08508 0.00441814
933.664 10.2974 0.133924 2.08465 0.00488891
934.409 10.2859 0.145662 2.08422 0.00535242
935.154 10.2693 0.136387 2.08357 0.00500742
935.9 10.2526 0.126548 2.08292 0.00463881
936.645 10.251 0.130082 2.08287 0.00477809
937.39 10.2506 0.134707 2.08286 0.00495891
938.136 10.2647 0.136173 2.08341 0.00500558
938.881 10.2809 0.137255 2.08405 0.00503555
939.626 10.2886 0.148188 2.08436 0.00545295
940.372 10.2948 0.160955 2.08461 0.00594163
941.117 10.2748 0.154411 2.08384 0.00570716
941.862 10.2495 0.143978 2.08285 0.00532458
942.608 10.2392 0.136173 2.08245 0.00502986
943.353 10.2329 0.129078 2.0822 0.00475894
944.098 10.2222 0.154836 2.08181 0.00577325
944.844 10.2091 0.190459 2.08134 0.00717874
945.589 10.2158 0.167644 2.08158 0.00628081
946.334 10.2286 0.122478 2.08205 0.00450749
947.08 10.2219 0.118732 2.08179 0.00436672
947.825 10.2073 0.132489 2.08123 0.00491577
948.57 10.1982 0.14139 2.08089 0.00527218
949.316 10.1917 0.148024 2.08065 0.00553835
950.061 10.1895 0.160948 2.08058 0.00604786
950.806 10.1894 0.177241 2.08059 0.00668779
951.552 10.1846 0.164788 2.0804 0.00620456
952.297 10.1769 0.135955 2.08007 0.0050796
953.042 10.1674 0.148226 2.07971 0.0055707
953.788 10.1562 0.185823 2.07931 0.00706297
954.533 10.1612 0.162473 2.07949 0.00613859
955.278 10.1749 0.0965503 2.07999 0.00353454
956.024 10.1616 0.0886549 2.07946 0.00323172
956.769 10.1304 0.122401 2.07825 0.00458439
957.514 10.1185 0.129372 2.07779 0.00486997
958.26 10.1217 0.116522 2.07792 0.00435902
959.005 10.1261 0.106069 2.07809 0.00394269
959.75 10.1316 0.0975548 2.0783 0.00360297
960.496 10.1279 0.120115 2.07818 0.00449889
961.241 10.1149 0.168606 2.07771 0.00643199
961.986 10.1145 0.188947 2.07772 0.00723973
962.732 10.1266 0.184869 2.0782 0.00706544
963.477 10.1305 0.180417 2.07835 0.00688578
964.222 10.1266 0.175716 2.0782 0.00670444
964.968 10.1279 0.159546 2.07824 0.00606376
965.713 10.1335 0.132429 2.07844 0.00498654
966.458 10.1265 0.126583 2.07816 0.00476113
967.204 10.1082 0.14075 2.07745 0.00533798
967.949 10.0858 0.154223 2.07658 0.00589393
968.694 10.0599 0.166875 2.07556 0.00642424
969.44 10.0517 0.164836 2.07523 0.00635143
970.185 10.06 0.14902 2.07556 0.00571157
970.93 10.0487 0.141827 2.0751 0.0054342
971.676 10.0195 0.14289 2.07394 0.00550239
972.421 10.0032 0.136657 2.07328 0.00526584
973.166 9.99804 0.123797 2.07307 0.00475175
973.912 9.99819 0.118763 2.07307 0.00454913
974.657 10.0032 0.120774 2.07328 0.00462717
975.402 10.0077 0.121651 2.07347 0.00465984
976.148 10.0117 0.121518 2.07363 0.0046521
976.893 10.0115 0.121276 2.07363 0.00464318
977.638 10.0076 0.120946 2.07347 0.00463331
978.384 10.0059 0.118155 2.07341 0.00452264
979.129 10.0059 0.113384 2.07341 0.00433089
979.874 10.0088 0.113954 2.07353 0.00435247
980.62 10.0138 0.118611 2.07374 0.00453711
981.365 9.99684 0.12381 2.07306 0.0047598
982.11 9.96498 0.129059 2.07178 0.00499733
982.856 9.94728 0.135381 2.07107 0.00526893
983.601 9.93848 0.142478 2.07072 0.00556576
984.346 9.92413 0.139881 2.07014 0.00547298
985.092 9.90664 0.131725 2.06942 0.00515501
985.837 9.90105 0.118254 2.06919 0.00460865
986.583 9.90161 0.101781 2.0692 0.00393439
987.328 9.90136 0.102744 2.0692 0.00397458
988.073 9.90073 0.112207 2.06918 0.00436298
988.818 9.90622 0.124953 2.06942 0.00488121
989.564 9.91426 0.13932 2.06977 0.00546262
990.309 9.91998 0.151044 2.07001 0.00593692
991.055 9.9248 0.161827 2.07023 0.00637287
991.8 9.92417 0.151505 2.07019 0.00595296
992.545 9.92161 0.134615 2.07008 0.00526653
993.291 9.92269 0.133867 2.07013 0.0052357
994.036 9.92475 0.137285 2.07022 0.00537401
994.781 9.92544 0.135292 2.07025 0.00529265
995.527 9.92584 0.132194 2.07027 0.00516653
996.272 9.92139 0.125498 2.07008 0.00489735
997.017 9.91619 0.118334 2.06987 0.00460924
997.763 9.90242 0.110767 2.0693 0.0043101
998.508 9.88797 0.103358 2.06871 0.00401664
999.253 9.89564 0.141497 2.06906 0.00557516
999.999 9.90284 0.182574 2.0694 0.00725068
