255.408 1.28569 1.21631 1.28081 0.671323
256.154 1.32626 1.22972 1.30426 0.671054
256.899 1.36622 1.2418 1.32691 0.670176
257.644 1.33553 1.22967 1.30893 0.669411
258.39 1.2938 1.21255 1.28414 0.667957
259.135 1.33071 1.24985 1.30994 0.680721
259.88 1.3974 1.30193 1.35331 0.695179
260.626 1.41607 1.30478 1.36314 0.69324
261.371 1.40344 1.27807 1.35193 0.68211
262.116 1.40447 1.26093 1.34934 0.673295
262.862 1.41981 1.25457 1.35592 0.667413
263.607 1.42975 1.24962 1.36001 0.663213
264.353 1.42973 1.24727 1.35954 0.662057
265.098 1.43444 1.24879 1.36212 0.662033
265.843 1.45685 1.26434 1.37598 0.665971
266.589 1.47571 1.27593 1.38732 0.668497
267.334 1.45297 1.24852 1.37122 0.658784
268.079 1.43099 1.22034 1.35532 0.648378
268.825 1.46863 1.27613 1.38369 0.669907
269.57 1.51298 1.33376 1.4156 0.690534
270.315 1.51351 1.30176 1.41019 0.674821
271.061 1.50578 1.25048 1.39758 0.650937
271.806 1.50722 1.23021 1.39487 0.640696
272.551 1.51222 1.22413 1.3963 0.636886
273.297 1.52418 1.22123 1.4017 0.633523
274.042 1.54164 1.22079 1.41019 0.630496
274.787 1.54982 1.22388 1.41467 0.630719
275.533 1.54535 1.23208 1.41377 0.635496
276.278 1.54165 1.22888 1.41139 0.634557
277.023 1.54036 1.1973 1.40564 0.619239
277.769 1.54422 1.17453 1.40392 0.607408
278.514 1.57295 1.19768 1.42164 0.614333
279.259 1.60128 1.21878 1.43873 0.620191
280.005 1.59135 1.19579 1.43027 0.610595
280.75 1.58197 1.17268 1.42208 0.600772
281.495 1.57173 1.14755 1.41319 0.590004
282.241 1.56197 1.12204 1.40452 0.578882
282.986 1.5671 1.12062 1.40682 0.577445
283.731 1.57697 1.12698 1.41261 0.579156
284.477 1.57324 1.11004 1.40824 0.571359
285.222 1.56198 1.07875 1.39811 0.557476
285.967 1.56457 1.06501 1.39742 0.55029
286.713 1.58086 1.06971 1.40616 0.550358
287.458 1.59077 1.07028 1.41112 0.549271
288.203 1.58925 1.06365 1.40941 0.546222
288.949 1.58829 1.05434 1.40762 0.541762
289.694 1.58937 1.03563 1.40557 0.532352
290.439 1.59144 1.01826 1.40423 0.523456
291.185 1.60115 1.01294 1.40833 0.51954
291.93 1.61077 1.00767 1.41239 0.515681
292.675 1.59498 0.970888 1.39975 0.499444
293.421 1.5795 0.932021 1.3871 0.481922
294.166 1.57292 0.91922 1.38219 0.476297
294.911 1.56814 0.912215 1.37891 0.473357
295.657 1.56275 0.893286 1.37389 0.464439
296.402 1.55756 0.868879 1.36837 0.452669
297.147 1.55713 0.84634 1.36554 0.441256
297.893 1.56048 0.825541 1.36491 0.430288
298.638 1.55674 0.810515 1.36134 0.423037
299.383 1.54268 0.803087 1.35332 0.420769
300.129 1.5277 0.790905 1.34428 0.416127
300.874 1.51083 0.766756 1.33297 0.405431
301.619 1.49552 0.743497 1.32259 0.39492
302.365 1.48631 0.728538 1.31624 0.388043
303.11 1.47724 0.713235 1.30994 0.380928
303.855 1.46287 0.686967 1.2998 0.368493
304.601 1.44919 0.660182 1.29002 0.355598
305.346 1.42311 0.643945 1.27461 0.349344
306.091 1.39503 0.628326 1.25809 0.3435
306.837 1.36635 0.60126 1.24012 0.331372
307.582 1.33805 0.569107 1.22188 0.316196
308.327 1.31366 0.558849 1.20756 0.312568
309.073 1.2911 0.563336 1.1954 0.316946
309.818 1.2677 0.551331 1.18132 0.312199
310.563 1.24426 0.520207 1.16559 0.296585
311.309 1.22182 0.496962 1.15105 0.285151
312.054 1.19995 0.490629 1.13808 0.283202
312.799 1.17423 0.483282 1.12274 0.28093
313.545 1.13414 0.472577 1.09867 0.277742
314.29 1.09354 0.460312 1.07393 0.27358
315.035 1.06031 0.439951 1.05273 0.263936
315.781 1.02673 0.418339 1.03109 0.253363
316.526 0.991564 0.399824 1.00854 0.24456
317.271 0.955764 0.380411 0.985366 0.235051
318.017 0.912742 0.361836 0.957563 0.226303
318.762 0.866993 0.342281 0.927683 0.216863
319.507 0.820175 0.328917 0.897142 0.211171
320.253 0.77191 0.3184 0.865439 0.207231
320.998 0.725554 0.307676 0.834551 0.20291
321.743 0.680936 0.296768 0.80441 0.198229
322.489 0.636063 0.286222 0.773741 0.193663
323.234 0.591507 0.2768 0.742962 0.189707
323.979 0.545776 0.267845 0.711001 0.186012
324.725 0.499031 0.261706 0.678056 0.184229
325.47 0.450721 0.255494 0.64354 0.182405
326.215 0.400188 0.252082 0.607071 0.182651
326.961 0.34794 0.248286 0.56877 0.182688
327.706 0.295082 0.250544 0.529743 0.187255
328.451 0.240379 0.252869 0.4887 0.192096
329.197 0.189208 0.258624 0.449909 0.199505
329.942 0.137306 0.265215 0.410007 0.207819
330.687 0.0850187 0.273004 0.369261 0.21735
331.433 0.0315632 0.281525 0.32699 0.227832
332.178 -0.020833 0.294653 0.285262 0.242339
332.923 -0.0727792 0.31151 0.243599 0.260364
333.669 -0.124694 0.328617 0.201414 0.279149
334.414 -0.176172 0.345787 0.15904 0.298523
335.159 -0.226365 0.363617 0.117286 0.318933
335.905 -0.271857 0.381778 0.079209 0.33973
336.65 -0.317095 0.399968 0.0409528 0.361087
337.395 -0.357337 0.415242 0.00647226 0.379741
338.141 -0.398439 0.431121 -0.0290581 0.399513
338.886 -0.441355 0.448026 -0.0664867 0.42098
339.631 -0.485175 0.465606 -0.105048 0.443772
340.377 -0.533255 0.484256 -0.147918 0.468863
341.122 -0.58279 0.503753 -0.19255 0.49575
341.867 -0.629205 0.521322 -0.234958 0.520979
342.613 -0.675376 0.538765 -0.277616 0.546744
343.358 -0.713558 0.550821 -0.313696 0.566183
344.103 -0.747306 0.559767 -0.346222 0.581976
344.849 -0.788346 0.568863 -0.386589 0.599776
345.594 -0.836975 0.57815 -0.435402 0.619874
346.339 -0.887801 0.590239 -0.486661 0.644064
347.085 -0.941678 0.607163 -0.540852 0.675015
347.83 -0.997114 0.624902 -0.597339 0.708303
348.575 -1.05471 0.643801 -0.656778 0.74464
349.321 -1.11303 0.661188 -0.718367 0.780753
350.066 -1.16581 0.65764 -0.780714 0.791921
350.811 -1.21979 0.653757 -0.845845 0.803321
351.557 -1.27068 0.671755 -0.90168 0.840787
352.302 -1.32247 0.69127 -0.958824 0.881663
353.047 -1.38842 0.701358 -1.03794 0.917013
353.793 -1.45901 0.709582 -1.12558 0.953153
354.538 -1.54118 0.728177 -1.22684 1.00941
355.283 -1.63045 0.752353 -1.33816 1.07958
356.029 -1.70769 0.771995 -1.43744 1.14194
356.774 -1.77492 0.787722 -1.52638 1.19691
357.519 -1.84023 0.798466 -1.61694 1.246
358.265 -1.90201 0.801749 -1.7083 1.28399
359.01 -1.96657 0.807492 -1.80485 1.32905
359.755 -2.03611 0.819737 -1.90787 1.38969
360.501 -2.1119 0.836486 -2.0207 1.46496
361.246 -2.21526 0.878114 -2.1653 1.60682
361.991 -2.32245 0.922301 -2.3165 1.76712
362.737 -2.43717 0.968618 -2.48093 1.95087
363.482 -2.55639 1.01802 -2.65184 2.16056
364.227 -2.6557 1.05442 -2.79983 2.33978
364.973 -2.75488 1.09047 -2.9486 2.53109
365.718 -2.85014 1.1054 -3.11915 2.68782
366.463 -2.94587 1.11268 -3.30656 2.8407
367.209 -3.03829 1.14618 -3.45009 3.05658
367.954 -3.12901 1.19845 -3.55453 3.32476
368.699 -3.24339 1.25157 -3.69945 3.65749
369.445 -3.38631 1.30597 -3.89181 4.08336
370.19 -3.53779 1.36425 -4.07564 4.58217
370.935 -3.70098 1.42701 -4.24337 5.17573
371.681 -3.86229 1.49155 -4.35826 5.82648
372.426 -3.99254 1.5489 -4.38971 6.40292
373.171 -4.12435 1.60688 -4.37169 7.02026
373.917 -4.22017 1.63104 -4.402 7.4641
374.662 -4.31846 1.65593 -4.40668 7.94241
375.407 -4.44619 1.69547 -4.32986 8.60329
376.153 -4.58015 1.73779 -4.17377 9.3262
376.898 -4.77458 1.83372 -3.59679 10.3877
377.643 -4.99266 1.95144 -2.64254 11.4742
378.389 -5.23029 2.08615 -1.3055 12.4128
379.134 -5.48487 2.23738 0.348429 13.0201
379.879 -5.7083 2.38305 1.87047 13.1398
380.625 -5.90006 2.52125 3.12292 12.9338
381.37 -6.09306 2.65095 4.23021 12.593
382.116 -6.28478 2.75959 5.17802 12.2178
382.861 -6.46609 2.85549 5.95988 11.804
383.606 -6.60175 2.89836 6.4913 11.5693
384.352 -6.75442 2.95907 7.02732 11.2141
385.097 -7.00852 3.14636 7.66646 10.2909
385.842 -7.27314 3.34996 8.10969 9.37177
386.587 -7.6519 3.60462 8.53371 8.28093
387.333 -8.05635 3.88992 8.74094 7.26465
388.078 -8.43367 4.23531 8.70722 6.39622
388.824 -8.81833 4.62645 8.58 5.65316
389.569 -9.21365 4.99191 8.46774 5.05793
390.314 -9.62689 5.36844 8.34434 4.54892
391.06 -9.97261 5.66012 8.25529 4.198
391.805 -10.2686 5.88083 8.19604 3.94235
392.55 -10.5634 6.16961 8.09492 3.69865
393.296 -10.8483 6.54845 7.95181 3.47011
394.041 -11.1496 6.98833 7.79949 3.25052
394.786 -11.4794 7.53918 7.62684 3.02948
395.532 -11.8594 8.16088 7.46196 2.81071
396.277 -12.5053 8.95271 7.30322 2.52982
397.022 -13.1738 9.87297 7.14143 2.28381
397.768 -13.592 11.0516 6.94193 2.10788
398.513 -13.9444 12.3877 6.75554 1.95263
399.258 -14.3452 13.5338 6.63354 1.82187
400.004 -14.7198 14.7787 6.52072 1.70319
400.749 -14.8883 15.9238 6.42432 1.62111
401.494 -14.9458 17.085 6.335 1.55213
402.24 -14.8801 18.2151 6.25381 1.49612
402.985 -14.7075 19.3361 6.17817 1.44795
403.73 -14.6337 20.8042 6.10031 1.37821
404.476 -14.6073 22.7275 6.01955 1.29041
405.221 -14.1568 24.9474 5.92872 1.21145
405.966 -12.9274 27.4447 5.82206 1.14295
406.712 -11.0206 30.0399 5.71415 1.07772
407.457 -7.87296 32.7164 5.59175 1.01086
408.202 -4.07733 34.6842 5.48064 0.95112
408.948 -1.00963 35.9138 5.40773 0.902211
409.693 2.3332 36.5845 5.3375 0.856668
410.438 5.65235 36.3748 5.26905 0.820615
411.184 8.82045 35.5778 5.20324 0.787064
411.929 11.1306 34.3943 5.14955 0.764658
412.674 13.054 33.0078 5.09957 0.745131
413.42 14.8318 31.755 5.05599 0.721187
414.165 16.4518 30.4685 5.0156 0.696048
414.91 18.0782 28.5582 4.96355 0.668868
415.656 19.4469 26.2019 4.9037 0.640896
416.401 20.5066 23.8573 4.8456 0.61119
417.146 21.3187 21.5414 4.78886 0.578901
417.892 21.6384 19.2619 4.73037 0.551172
418.637 21.3872 17.0305 4.66538 0.530962
419.382 21 15.1636 4.60552 0.512076
420.128 20.6809 13.7872 4.55892 0.494447
420.873 20.3035 12.5673 4.51412 0.477836
421.618 19.936 11.6531 4.47733 0.465357
422.364 19.5558 10.8266 4.44162 0.453412
423.109 19.3379 10.1398 4.41426 0.438833
423.854 19.1235 9.50828 4.38839 0.424415
424.6 18.7605 8.94189 4.35877 0.415328
425.345 18.3625 8.43047 4.32854 0.408107
426.09 17.9759 7.82768 4.29493 0.395556
426.836 17.5903 7.20474 4.25976 0.380257
427.581 17.1716 6.65394 4.22419 0.367277
428.326 16.7297 6.17054 4.18825 0.356547
429.072 16.2895 5.70343 4.15152 0.345023
429.817 15.8366 5.22903 4.11246 0.331752
430.562 15.4069 4.82632 4.0754 0.320278
431.308 15.0047 4.52725 4.04169 0.313136
432.053 14.634 4.26344 4.00983 0.306487
432.798 14.3722 4.09179 3.98712 0.302333
433.544 14.1215 3.93146 3.96494 0.298288
434.289 13.9227 3.71704 3.9445 0.288403
435.034 13.7302 3.51293 3.92453 0.278539
435.78 13.5223 3.35313 3.90427 0.271998
436.525 13.3171 3.21055 3.88429 0.266358
437.27 13.1157 3.07216 3.86436 0.260603
438.016 12.9199 2.9403 3.84467 0.254899
438.761 12.6981 2.8039 3.82222 0.249148
439.506 12.459 2.66713 3.79771 0.243417
440.252 12.2276 2.53826 3.77351 0.237782
440.997 12.0023 2.41576 3.74946 0.232188
441.742 11.7874 2.3006 3.72603 0.226649
442.488 11.5819 2.18942 3.70309 0.220899
443.233 11.3856 2.0866 3.68081 0.215414
443.978 11.1982 1.99304 3.65921 0.210349
444.724 11.0192 1.90599 3.63821 0.205485
445.469 10.9084 1.85732 3.62518 0.202925
446.214 10.8007 1.81066 3.61237 0.200421
446.96 10.6887 1.73813 3.59831 0.195027
447.705 10.5784 1.66517 3.58428 0.189366
448.45 10.461 1.59641 3.56937 0.184166
449.196 10.3435 1.5315 3.55434 0.179238
449.941 10.2231 1.48309 3.53912 0.176175
450.686 10.1025 1.44549 3.5239 0.174309
451.432 9.98079 1.40294 3.50821 0.171774
452.177 9.8576 1.3552 3.49199 0.168518
452.922 9.73559 1.30754 3.47567 0.165119
453.668 9.61172 1.25774 3.45883 0.161348
454.413 9.49553 1.21365 3.44286 0.158024
455.158 9.39573 1.18309 3.42913 0.15605
455.904 9.29863 1.15404 3.41562 0.154157
456.649 9.19784 1.1288 3.40151 0.152797
457.394 9.10043 1.1046 3.3877 0.151459
458.14 9.02462 1.06714 3.37648 0.147782
458.885 8.95199 1.03022 3.36562 0.144031
459.63 8.89174 0.992635 3.35643 0.139867
460.376 8.83524 0.955875 3.34773 0.135677
461.121 8.76236 0.933382 3.33686 0.133786
461.866 8.68274 0.918173 3.32503 0.133042
462.612 8.61739 0.903107 3.31519 0.132035
463.357 8.56413 0.888175 3.30707 0.130803
464.102 8.49916 0.865664 3.297 0.128616
464.848 8.41651 0.832139 3.28395 0.125014
465.593 8.34073 0.804473 3.27192 0.122105
466.338 8.27939 0.789669 3.26224 0.120886
467.084 8.22013 0.774753 3.2528 0.119586
467.829 8.1663 0.756218 3.24409 0.117596
468.574 8.11362 0.738312 3.23551 0.115652
469.32 8.04237 0.719212 3.22385 0.113786
470.065 7.97301 0.700899 3.21241 0.111972
470.81 7.9102 0.690938 3.20206 0.111383
471.556 7.84981 0.682504 3.19205 0.11099
472.301 7.79572 0.670085 3.18293 0.109819
473.046 7.74468 0.656479 3.17424 0.108377
473.792 7.69965 0.642953 3.1665 0.106829
474.537 7.65886 0.629578 3.15945 0.105217
475.282 7.61603 0.616938 3.15201 0.10374
476.028 7.57075 0.605091 3.14411 0.102416
476.773 7.52346 0.594451 3.13584 0.101312
477.518 7.47109 0.585895 3.12665 0.10063
478.264 7.4211 0.576409 3.11779 0.0997337
479.009 7.3769 0.562171 3.10983 0.0978908
479.754 7.33401 0.548435 3.10205 0.0960917
480.5 7.29873 0.535493 3.09561 0.0943002
481.245 7.26404 0.522926 3.08925 0.092547
481.99 7.22086 0.518073 3.08143 0.0922942
482.736 7.17782 0.513951 3.07358 0.0921671
483.481 7.13297 0.50539 3.0653 0.0912441
484.226 7.08842 0.495876 3.05699 0.090125
484.972 7.0528 0.488578 3.05033 0.0892782
485.717 7.02204 0.482479 3.04456 0.0885781
486.462 6.99059 0.473308 3.03859 0.0873014
487.208 6.95853 0.461422 3.03245 0.0855057
487.953 6.92497 0.452522 3.02602 0.084278
488.698 6.88878 0.448072 3.01913 0.0839211
489.444 6.85552 0.442932 3.01274 0.0833878
490.189 6.82945 0.435571 3.00768 0.0823248
490.934 6.80248 0.428625 3.00244 0.0813441
491.68 6.76604 0.423733 2.99535 0.080875
492.425 6.73038 0.418951 2.98838 0.0804105
493.17 6.69821 0.410977 2.98201 0.0792664
493.916 6.6667 0.403162 2.97575 0.0781324
494.661 6.63788 0.39659 2.97001 0.0771999
495.406 6.60992 0.390369 2.96442 0.0763173
496.152 6.57827 0.380482 2.95801 0.0747355
496.897 6.54554 0.369397 2.95135 0.0729075
497.642 6.51535 0.364448 2.94524 0.0722734
498.388 6.48709 0.363774 2.93955 0.0724798
499.133 6.46097 0.364112 2.93427 0.0728685
499.878 6.43729 0.365689 2.92949 0.0734845
500.624 6.41439 0.363353 2.92481 0.0732895
501.369 6.39275 0.352617 2.92027 0.071342
502.115 6.37019 0.343042 2.91554 0.0696313
502.86 6.34248 0.337851 2.90977 0.068878
503.605 6.31575 0.332753 2.90418 0.0681256
504.35 6.30018 0.326856 2.9009 0.0670744
505.096 6.28477 0.321066 2.89765 0.0660384
505.841 6.25914 0.318474 2.89227 0.0657818
506.587 6.23292 0.316232 2.88674 0.0656028
507.332 6.21107 0.313719 2.88212 0.0653164
508.077 6.19068 0.311158 2.8778 0.0650012
508.823 6.16929 0.306454 2.87322 0.0642354
509.568 6.1475 0.300645 2.86852 0.0632303
510.313 6.126 0.29675 2.8639 0.0626271
511.059 6.10481 0.294649 2.85934 0.0624043
511.804 6.08091 0.289913 2.85415 0.0616351
512.549 6.05238 0.280891 2.84789 0.059971
513.294 6.02713 0.274387 2.84235 0.0588101
514.04 6.01098 0.275078 2.83885 0.0591316
514.785 5.99423 0.275704 2.83521 0.0594459
515.531 5.97083 0.276022 2.83009 0.0597607
516.276 5.94785 0.276287 2.82504 0.0600611
517.021 5.93562 0.269607 2.8223 0.0587082
517.767 5.92382 0.262819 2.81964 0.0573215
518.512 5.90585 0.253463 2.81558 0.0554135
519.257 5.88688 0.243834 2.81128 0.0534416
520.003 5.87333 0.241624 2.80826 0.0530768
520.748 5.86211 0.242488 2.80578 0.0533816
521.493 5.84595 0.246748 2.80221 0.0544995
522.239 5.82617 0.253428 2.79784 0.0562057
522.984 5.80955 0.255102 2.79412 0.0567539
523.729 5.79693 0.250512 2.79125 0.0558399
524.475 5.78323 0.245535 2.78811 0.0548434
525.22 5.7669 0.239573 2.78436 0.0536413
525.965 5.74988 0.234127 2.78045 0.0525567
526.711 5.7286 0.230699 2.77557 0.0519682
527.456 5.70792 0.227406 2.7708 0.0514007
528.201 5.69462 0.225763 2.76775 0.0511461
528.947 5.68147 0.224143 2.76472 0.050894
529.692 5.66434 0.217954 2.76072 0.0496121
530.437 5.64698 0.211404 2.75665 0.0482403
531.183 5.62838 0.21333 2.75235 0.0488549
531.928 5.60959 0.217714 2.74802 0.0500519
532.673 5.59531 0.217225 2.74469 0.0500686
533.419 5.58369 0.213966 2.74195 0.0494081
534.164 5.56917 0.209048 2.73852 0.0483773
534.909 5.55178 0.202525 2.73437 0.0469841
535.655 5.53721 0.198361 2.73091 0.0461208
536.4 5.52735 0.198132 2.7286 0.0461528
537.145 5.51668 0.197936 2.72608 0.046199
537.891 5.50307 0.197852 2.72286 0.0462962
538.636 5.48982 0.197649 2.71972 0.0463619
539.381 5.47848 0.196384 2.71702 0.046157
540.127 5.46727 0.195135 2.71435 0.045954
540.872 5.45599 0.19575 2.71166 0.0462001
541.617 5.44481 0.196423 2.709 0.0464601
542.363 5.43693 0.191051 2.70708 0.0452314
543.108 5.42976 0.184463 2.70533 0.043699
543.853 5.41597 0.181152 2.70199 0.0430081
544.599 5.39941 0.179328 2.69798 0.0426965
545.344 5.38657 0.178618 2.69487 0.0426266
546.089 5.37667 0.178774 2.69248 0.0427458
546.835 5.3658 0.178076 2.68985 0.0426631
547.58 5.35361 0.176232 2.68687 0.042309
548.325 5.34027 0.175253 2.68362 0.0421747
549.071 5.32391 0.176331 2.67963 0.0425694
549.816 5.3084 0.176768 2.67583 0.0428012
550.561 5.29637 0.173961 2.67286 0.0422031
551.307 5.28453 0.171176 2.66993 0.0416063
552.052 5.27495 0.166482 2.66754 0.0405158
552.797 5.26544 0.161876 2.66516 0.0394425
553.543 5.25405 0.159972 2.66234 0.0390534
554.288 5.24254 0.158446 2.65948 0.0387578
555.033 5.23171 0.1601 2.6568 0.0392532
555.779 5.22117 0.162756 2.6542 0.0399997
556.524 5.2106 0.160965 2.65156 0.0396305
557.269 5.20006 0.156488 2.6489 0.0385826
558.015 5.19013 0.155698 2.64642 0.0384574
558.76 5.18085 0.158778 2.64412 0.0393056
559.505 5.17236 0.159401 2.642 0.0395285
560.251 5.1653 0.155515 2.64021 0.0385986
560.996 5.15807 0.151969 2.63838 0.0377535
561.741 5.15013 0.149523 2.63637 0.0371908
562.487 5.14231 0.147348 2.63439 0.0366946
563.232 5.13519 0.147997 2.6326 0.0369121
563.977 5.12812 0.14863 2.63083 0.0371258
564.723 5.11715 0.150338 2.62806 0.037641
565.468 5.10606 0.152056 2.62526 0.0381617
566.213 5.09728 0.149723 2.62302 0.0376285
566.959 5.08909 0.146485 2.62092 0.0368569
567.704 5.08159 0.144374 2.619 0.0363686
568.449 5.07446 0.142812 2.61718 0.0360178
569.195 5.06581 0.140686 2.61496 0.0355304
569.94 5.05592 0.138104 2.61241 0.0349317
570.685 5.04523 0.134794 2.60965 0.034147
571.431 5.03334 0.130428 2.60656 0.0330929
572.176 5.02292 0.128862 2.60387 0.0327533
572.921 5.01611 0.134551 2.60215 0.0342791
573.667 5.00875 0.139117 2.60029 0.0355194
574.412 4.99783 0.137084 2.59745 0.035064
575.157 4.98706 0.135093 2.59464 0.0346165
575.903 4.97554 0.132006 2.59163 0.0338844
576.648 4.96419 0.128993 2.58865 0.0331678
577.393 4.95767 0.127462 2.58695 0.032809
578.139 4.95192 0.126169 2.58545 0.0325072
578.884 4.94608 0.125275 2.58393 0.0323104
579.629 4.94023 0.12453 2.5824 0.0321526
580.375 4.93233 0.124861 2.58034 0.0322909
581.12 4.92311 0.125889 2.57793 0.0326217
581.865 4.91575 0.127122 2.57601 0.0329965
582.611 4.91048 0.128607 2.57464 0.033426
583.356 4.90492 0.129844 2.57319 0.0337926
584.101 4.89871 0.130603 2.57157 0.0340367
584.847 4.89212 0.130262 2.56983 0.0339908
585.592 4.88373 0.125435 2.56759 0.0327609
586.337 4.87564 0.120846 2.56543 0.0315889
587.083 4.87125 0.118534 2.56426 0.0310006
587.828 4.86688 0.116247 2.5631 0.0304179
588.573 4.86046 0.114918 2.5614 0.0301022
589.319 4.85393 0.113685 2.55966 0.0298118
590.064 4.84645 0.113098 2.55767 0.0296992
590.809 4.83878 0.112683 2.55563 0.0296336
591.555 4.83102 0.113236 2.55356 0.0298284
592.3 4.82325 0.114275 2.5515 0.030155
593.045 4.81625 0.115404 2.54963 0.0305021
593.791 4.80993 0.116615 2.54795 0.0308683
594.536 4.80336 0.116157 2.54619 0.0307856
595.281 4.79636 0.113098 2.5443 0.0300008
596.027 4.78853 0.110726 2.54219 0.0294049
596.772 4.77818 0.110278 2.53939 0.0293433
597.517 4.76881 0.109642 2.53686 0.0292249
598.263 4.76587 0.107557 2.53607 0.0286766
599.008 4.76294 0.105489 2.53528 0.0281322
599.753 4.75562 0.10503 2.5333 0.0280487
600.499 4.74829 0.104607 2.53131 0.0279747
601.244 4.74054 0.105588 2.52922 0.0282867
601.989 4.73279 0.106794 2.52712 0.0286612
602.735 4.72679 0.106093 2.52549 0.0285042
603.48 4.72152 0.104639 2.52406 0.0281365
604.225 4.71667 0.105176 2.52274 0.0283126
604.971 4.71212 0.10715 2.52152 0.0288822
605.716 4.70668 0.106594 2.52004 0.0287615
606.461 4.70014 0.102901 2.51824 0.0277827
607.207 4.69426 0.100674 2.51662 0.027202
607.952 4.68984 0.101634 2.51542 0.0274925
608.697 4.68593 0.101685 2.51436 0.0275294
609.443 4.68443 0.0973936 2.51394 0.0263544
610.188 4.6827 0.0933565 2.51346 0.02525
610.933 4.6752 0.0955784 2.51141 0.0259035
611.679 4.66779 0.0977439 2.50939 0.0265426
612.424 4.66131 0.0976686 2.50761 0.0265569
613.169 4.65499 0.0973512 2.50587 0.0265031
613.915 4.6518 0.0989144 2.505 0.0269562
614.66 4.64954 0.101039 2.5044 0.027561
615.405 4.64498 0.0994345 2.50314 0.0271409
616.151 4.6391 0.095709 2.5015 0.0261358
616.896 4.63245 0.0942505 2.49966 0.0257645
617.641 4.62506 0.0950264 2.49761 0.0260198
618.387 4.61805 0.0949508 2.49567 0.0260358
619.132 4.61162 0.0934218 2.49388 0.025642
619.878 4.60636 0.0921573 2.49241 0.0253157
620.623 4.60491 0.0917189 2.49202 0.0252022
621.368 4.60291 0.0914195 2.49147 0.0251302
622.113 4.59546 0.092474 2.4894 0.0254644
622.859 4.5881 0.0934964 2.48736 0.0257899
623.604 4.58044 0.0922635 2.48521 0.0254827
624.349 4.57286 0.0909531 2.48308 0.0251523
625.095 4.56899 0.0887625 2.48199 0.0245551
625.84 4.56594 0.0863983 2.48114 0.0239042
626.586 4.56216 0.0858701 2.48008 0.0237744
627.331 4.55808 0.0861702 2.47894 0.0238801
628.076 4.55177 0.0859394 2.47717 0.0238458
628.822 4.54372 0.0852871 2.4749 0.0236999
629.567 4.53752 0.0856374 2.47316 0.0238296
630.312 4.53381 0.0873679 2.47213 0.0243402
631.057 4.5308 0.0885124 2.47129 0.0246817
631.803 4.52954 0.0882095 2.47095 0.0246036
632.548 4.52769 0.08774 2.47043 0.024481
633.294 4.52235 0.086303 2.46892 0.0240992
634.039 4.51706 0.0849055 2.46742 0.0237276
634.784 4.51196 0.085021 2.46598 0.0237858
635.53 4.50691 0.0851311 2.46456 0.0238424
636.275 4.50159 0.0850318 2.46305 0.0238404
637.02 4.49627 0.0849019 2.46154 0.0238296
637.766 4.49262 0.0834353 2.4605 0.0234286
638.511 4.48955 0.0815191 2.45963 0.0228958
639.256 4.48636 0.0813248 2.45873 0.0228561
640.002 4.48311 0.0822318 2.45781 0.0231324
640.747 4.47863 0.0818844 2.45654 0.0230547
641.492 4.47279 0.0801615 2.45487 0.0225876
642.238 4.46844 0.0792811 2.45363 0.0223554
642.983 4.46693 0.0800102 2.45321 0.0225735
643.728 4.46544 0.0806301 2.4528 0.0227603
644.474 4.464 0.0808296 2.4524 0.0228259
645.219 4.46222 0.0810409 2.4519 0.0228964
645.964 4.45544 0.0814274 2.44996 0.0230396
646.71 4.44874 0.0817979 2.44804 0.0231781
647.455 4.44309 0.0808756 2.44642 0.0229387
648.2 4.43758 0.0798741 2.44484 0.0226754
648.946 4.43478 0.077399 2.44403 0.0219734
649.691 4.43267 0.0745646 2.44342 0.0211639
650.436 4.42986 0.0727618 2.44261 0.0206553
651.182 4.4267 0.0714917 2.4417 0.0203017
651.927 4.42121 0.0721029 2.44012 0.0205023
652.672 4.41367 0.0743428 2.43796 0.0211846
653.418 4.40759 0.0758562 2.43621 0.0216513
654.163 4.40368 0.0763224 2.43509 0.021805
654.908 4.40009 0.0764594 2.43405 0.0218618
655.654 4.39737 0.0756692 2.43327 0.0216448
656.399 4.39473 0.0747588 2.43251 0.0213923
657.144 4.39257 0.0729387 2.43188 0.0208723
657.89 4.39042 0.0711337 2.43126 0.0203562
658.635 4.38209 0.0716879 2.42884 0.0205526
659.38 4.37382 0.0722448 2.42644 0.0207502
660.126 4.37024 0.0722231 2.4254 0.0207599
660.871 4.36747 0.0721037 2.4246 0.0207378
661.616 4.36562 0.072317 2.42407 0.0208094
662.362 4.36413 0.0726594 2.42365 0.0209174
663.107 4.36185 0.0736609 2.42299 0.021222
663.852 4.35901 0.0751219 2.42218 0.021664
664.598 4.35567 0.0745916 2.42121 0.0215239
665.343 4.35173 0.0716554 2.42005 0.0206792
666.088 4.34745 0.0700533 2.4188 0.0202269
666.834 4.34244 0.0712744 2.41734 0.0206075
667.579 4.33831 0.0722218 2.41614 0.0209047
668.324 4.33798 0.0720297 2.41605 0.0208511
669.07 4.33762 0.0717683 2.41595 0.0207771
669.815 4.33645 0.069991 2.41561 0.0202596
670.56 4.33529 0.0682225 2.41527 0.0197446
671.306 4.32936 0.0662886 2.41353 0.0191982
672.051 4.32303 0.064382 2.41166 0.0186601
672.796 4.31812 0.0653248 2.41023 0.0189583
673.542 4.31364 0.0670562 2.40892 0.0194887
674.287 4.31097 0.067159 2.40814 0.0195307
675.032 4.30931 0.0663645 2.40766 0.0193032
675.778 4.30804 0.0664678 2.40729 0.0193401
676.523 4.30712 0.0674419 2.40703 0.0196337
677.268 4.30528 0.0679206 2.4065 0.0197841
678.014 4.30188 0.0675684 2.4055 0.0196941
678.759 4.29768 0.0671798 2.40426 0.0195963
679.504 4.29088 0.066669 2.40225 0.0194719
680.25 4.28478 0.0661363 2.40044 0.0193379
680.995 4.28395 0.0653495 2.4002 0.0191083
681.74 4.28313 0.0645655 2.39996 0.0188795
682.486 4.28246 0.0650426 2.39978 0.0190253
683.231 4.2818 0.065559 2.39959 0.0191829
683.976 4.27761 0.0627867 2.39835 0.0183739
684.722 4.27275 0.0594282 2.3969 0.0173911
685.467 4.26929 0.0589876 2.39587 0.0172728
686.212 4.26644 0.0597661 2.39503 0.0175163
686.958 4.262 0.0609876 2.39372 0.0178979
687.703 4.25637 0.0625194 2.39205 0.0183771
688.448 4.25193 0.0633727 2.39074 0.0186499
689.194 4.24899 0.0633789 2.38987 0.0186638
689.939 4.24679 0.0633744 2.38922 0.0186717
690.684 4.2463 0.0633477 2.38908 0.0186669
691.43 4.24503 0.0632639 2.38871 0.0186477
692.175 4.23988 0.0628934 2.38717 0.0185566
692.92 4.23483 0.062491 2.38566 0.0184553
693.666 4.23127 0.060965 2.3846 0.0180107
694.411 4.22774 0.0594626 2.38354 0.0175726
695.156 4.22489 0.0583854 2.38268 0.0172595
695.902 4.22213 0.0573671 2.38186 0.0169635
696.647 4.22099 0.0567019 2.38152 0.0167682
697.392 4.22034 0.056145 2.38134 0.0166038
698.138 4.21966 0.0549385 2.38114 0.0162438
698.883 4.21896 0.0533546 2.38093 0.01577
699.628 4.21624 0.0538276 2.38012 0.0159223
700.374 4.21148 0.0563348 2.3787 0.0166948
701.119 4.20736 0.0585099 2.37747 0.0173663
701.864 4.20432 0.0601714 2.37657 0.0178799
702.61 4.20168 0.0612498 2.37579 0.0182163
703.355 4.2004 0.0604573 2.3754 0.0179824
704.1 4.1994 0.0598649 2.37511 0.017808
704.846 4.20109 0.061095 2.37563 0.0181752
705.591 4.20279 0.0623352 2.37616 0.0185452
706.336 4.19797 0.0600208 2.3747 0.0178637
707.082 4.19296 0.0576291 2.37319 0.0171582
707.827 4.18752 0.0548717 2.37154 0.0163419
708.572 4.18205 0.0521003 2.36988 0.0155197
709.318 4.17862 0.051591 2.36884 0.0153767
710.063 4.17607 0.0520323 2.36808 0.0155196
710.808 4.17601 0.0531845 2.36807 0.0158709
711.554 4.17787 0.0548984 2.36865 0.0163867
712.299 4.17813 0.0552345 2.36874 0.016489
713.044 4.17631 0.0537606 2.36819 0.0160483
713.79 4.17342 0.0528586 2.36732 0.0157844
714.535 4.16812 0.0532499 2.36572 0.015921
715.28 4.16282 0.0537167 2.36411 0.0160809
716.026 4.15728 0.0546065 2.36244 0.0163707
716.771 4.15199 0.0554506 2.36083 0.0166464
717.516 4.1511 0.0558707 2.36057 0.0167787
718.262 4.15021 0.0562889 2.36031 0.0169103
719.007 4.1524 0.054337 2.36098 0.0163085
719.752 4.15492 0.052106 2.36175 0.015621
720.498 4.15219 0.0503442 2.36092 0.0150928
721.243 4.14794 0.0487553 2.35962 0.0146212
721.988 4.14379 0.0474442 2.35836 0.0142335
722.734 4.13971 0.046295 2.35712 0.0138945
723.479 4.13613 0.0464467 2.35603 0.0139518
724.224 4.13301 0.047819 2.35509 0.0143817
724.97 4.13086 0.0483539 2.35443 0.0145528
725.715 4.13026 0.0475417 2.35426 0.0143066
726.46 4.12959 0.0475688 2.35406 0.0143178
727.206 4.12867 0.050152 2.35379 0.0151133
727.951 4.12761 0.0526641 2.35348 0.0158876
728.696 4.12558 0.0547004 2.35288 0.0165195
729.442 4.12356 0.0567148 2.35227 0.0171452
730.187 4.11758 0.0548021 2.35043 0.0165788
730.932 4.11163 0.0528823 2.34861 0.0160088
731.678 4.10825 0.0516381 2.34757 0.0156375
732.423 4.10532 0.05052 2.34667 0.0153032
733.168 4.10376 0.0498197 2.3462 0.0150932
733.914 4.10272 0.0492782 2.34588 0.0149304
734.659 4.10226 0.0490657 2.34575 0.0148673
735.404 4.10219 0.0490786 2.34573 0.0148724
736.15 4.10169 0.0483733 2.34559 0.0146574
736.895 4.1007 0.0468371 2.34528 0.0141878
737.641 4.09862 0.0455136 2.34464 0.0137865
738.386 4.09438 0.0446167 2.34334 0.0135223
739.131 4.09044 0.0444672 2.34213 0.0134876
739.876 4.08753 0.047185 2.34125 0.014336
740.622 4.08486 0.0497472 2.34044 0.0151365
741.367 4.08511 0.0508582 2.34053 0.0154801
742.112 4.08537 0.0519713 2.34062 0.0158243
742.858 4.08568 0.051948 2.34072 0.015817
743.603 4.086 0.051855 2.34083 0.0157882
744.349 4.08385 0.050505 2.34016 0.0153784
745.094 4.08115 0.0488879 2.33933 0.0148872
745.839 4.07763 0.0458005 2.33824 0.0139426
746.584 4.07373 0.0420971 2.33703 0.0128069
747.33 4.07015 0.0414644 2.33592 0.0126208
748.075 4.06683 0.0432176 2.3349 0.0131738
748.82 4.0646 0.0438551 2.33422 0.0133783
749.566 4.06383 0.0430312 2.33399 0.0131255
750.311 4.06384 0.0425034 2.334 0.0129625
751.057 4.06571 0.0426667 2.33458 0.0130092
751.802 4.06677 0.0428905 2.33492 0.0130767
752.547 4.06385 0.0433987 2.33402 0.0132429
753.293 4.0609 0.0438411 2.33311 0.0133889
754.038 4.05661 0.0430075 2.33178 0.013142
754.783 4.05237 0.0421914 2.33047 0.0129
755.529 4.04998 0.0412483 2.32973 0.0126134
756.274 4.04777 0.0403036 2.32905 0.0123257
757.019 4.0456 0.0403909 2.32838 0.012359
757.765 4.04345 0.0407513 2.32772 0.0124774
758.51 4.04181 0.0421487 2.32722 0.0129178
759.255 4.04044 0.044071 2.3268 0.0135215
760.001 4.03988 0.0436232 2.32663 0.0133842
760.746 4.04003 0.0411016 2.32668 0.0125983
761.491 4.03841 0.0405839 2.32618 0.0124416
762.237 4.03426 0.0429594 2.32489 0.0131943
762.982 4.03042 0.0441742 2.3237 0.0135846
763.727 4.02733 0.0425493 2.32274 0.0130858
764.473 4.02431 0.0412023 2.3218 0.0126731
765.218 4.02156 0.0412426 2.32094 0.0126934
765.963 4.0189 0.0412407 2.32012 0.0127003
766.709 4.019 0.0398022 2.32015 0.0122504
767.454 4.01909 0.038363 2.32018 0.0118003
768.199 4.01982 0.0375578 2.32042 0.0115473
768.945 4.02062 0.0368182 2.32067 0.0113147
769.69 4.02016 0.0373841 2.32053 0.0114936
770.435 4.01933 0.0383228 2.32028 0.0117901
771.181 4.01684 0.0383028 2.31951 0.0117904
771.926 4.0135 0.0377787 2.31847 0.0116348
772.671 4.00957 0.0375999 2.31724 0.0115885
773.417 4.00515 0.0377199 2.31586 0.0116372
774.162 4.00261 0.0381523 2.31507 0.0117796
774.907 4.00278 0.0390583 2.31513 0.0120645
775.653 4.00289 0.0390899 2.31517 0.0120749
776.398 4.00281 0.0368518 2.31515 0.0113727
777.143 4.00278 0.0350089 2.31514 0.0107947
777.889 4.00306 0.0353193 2.31523 0.0108923
778.634 4.00332 0.0356452 2.31532 0.0109947
779.379 4.00299 0.0364308 2.31523 0.0112429
780.125 4.00266 0.037215 2.31513 0.0114906
780.87 3.99814 0.0360871 2.31371 0.0111471
781.615 3.99327 0.0348018 2.31218 0.0107542
782.361 3.98906 0.0352381 2.31087 0.0109014
783.106 3.98507 0.0361147 2.30961 0.0111871
783.851 3.98384 0.0342545 2.30923 0.010604
784.597 3.98397 0.0310117 2.30927 0.00958216
785.342 3.9838 0.0325541 2.30922 0.0100694
786.087 3.98332 0.0381453 2.30909 0.0118339
786.833 3.98331 0.0405843 2.3091 0.0126035
787.578 3.98408 0.0386711 2.30934 0.0119991
788.323 3.98398 0.0373546 2.30931 0.011585
789.069 3.98186 0.0374581 2.30865 0.0116232
789.814 3.97921 0.0376261 2.30782 0.011683
790.559 3.9741 0.0380899 2.30621 0.0118421
791.305 3.96923 0.0383776 2.30468 0.0119452
792.05 3.96706 0.0361212 2.304 0.0112373
792.795 3.96489 0.0338983 2.30331 0.0105395
793.541 3.96495 0.0327092 2.30333 0.0101637
794.286 3.96516 0.0315866 2.3034 0.00980876
795.031 3.96635 0.0330458 2.30379 0.0102686
795.777 3.96776 0.0350997 2.30424 0.0109159
796.522 3.96792 0.0342261 2.3043 0.0106399
797.267 3.96753 0.0320882 2.30417 0.00996513
798.013 3.96395 0.0320597 2.30305 0.0099639
798.758 3.95815 0.0335053 2.30122 0.0104342
799.503 3.95419 0.0339814 2.29997 0.0105941
800.249 3.9523 0.0333881 2.29937 0.0104105
800.994 3.95009 0.0334504 2.29868 0.0104355
801.739 3.94724 0.0347363 2.29778 0.0108503
802.485 3.94495 0.0349961 2.29706 0.0109384
803.23 3.94452 0.031831 2.29692 0.00993447
803.975 3.9443 0.0290757 2.29685 0.00906014
804.721 3.94617 0.0295781 2.29745 0.00921684
805.466 3.94806 0.0300868 2.29806 0.00937539
806.211 3.94703 0.0343947 2.29774 0.0107459
806.957 3.94591 0.0387021 2.2974 0.0121169
807.702 3.94274 0.0381452 2.2964 0.0119481
808.447 3.93932 0.0369314 2.29532 0.0115708
809.193 3.93661 0.0351897 2.29446 0.0110235
809.938 3.93413 0.0333065 2.29367 0.0104301
810.683 3.93233 0.0331136 2.2931 0.010373
811.429 3.9309 0.0338293 2.29265 0.0106045
812.174 3.92972 0.0339805 2.29228 0.0106558
812.919 3.92876 0.0336403 2.29198 0.01055
813.665 3.92808 0.0328285 2.29176 0.0102933
814.41 3.92775 0.031358 2.29166 0.00982578
815.155 3.92725 0.0303984 2.2915 0.00952145
815.901 3.92633 0.0306024 2.29121 0.00958878
816.646 3.92503 0.0309368 2.29081 0.00969848
817.391 3.92211 0.0318188 2.28988 0.00998615
818.137 3.91914 0.0325711 2.28894 0.0102329
818.882 3.9152 0.0320331 2.28769 0.0100696
819.627 3.91133 0.0315074 2.28645 0.00990986
820.373 3.90955 0.0321741 2.28589 0.0101272
821.118 3.90785 0.0328729 2.28535 0.0103548
821.863 3.9082 0.0325923 2.28547 0.0102648
822.609 3.9089 0.0321439 2.28569 0.0101204
823.354 3.90963 0.0309641 2.28593 0.00974212
824.099 3.91036 0.0295261 2.28617 0.00928131
824.845 3.91083 0.0288409 2.28632 0.00906183
825.59 3.91115 0.0285935 2.28642 0.00898266
826.335 3.91123 0.0287652 2.28646 0.00903791
827.081 3.91111 0.029318 2.28642 0.00921541
827.826 3.90956 0.0297949 2.28593 0.00937132
828.571 3.90604 0.0301561 2.28481 0.00949412
829.317 3.90268 0.0301541 2.28374 0.00950039
830.062 3.89966 0.0293643 2.28278 0.00925355
830.807 3.89685 0.0284834 2.28188 0.00897682
831.553 3.89479 0.0271871 2.28122 0.00856524
832.298 3.89295 0.0262049 2.28063 0.0082537
833.043 3.89328 0.0281623 2.28075 0.00888174
833.789 3.89359 0.0301256 2.28085 0.00951164
834.534 3.89315 0.0292117 2.28072 0.00921971
835.279 3.8927 0.028256 2.28057 0.00891432
836.025 3.89318 0.0283079 2.28073 0.0089306
836.77 3.89379 0.0284997 2.28093 0.0089915
837.515 3.89251 0.0299138 2.28053 0.00944816
838.261 3.89067 0.0316637 2.27995 0.010014
839.006 3.88824 0.0319617 2.27917 0.0101151
839.751 3.88555 0.0315542 2.27831 0.00999002
840.497 3.88301 0.0315929 2.2775 0.010008
841.242 3.88059 0.0319652 2.27672 0.0101331
841.987 3.87943 0.0336939 2.27636 0.0106922
842.733 3.87972 0.037024 2.27646 0.0117635
843.478 3.87911 0.0370138 2.27627 0.0117621
844.223 3.87691 0.0310864 2.27556 0.00985961
844.969 3.87502 0.0270689 2.27495 0.00856999
845.714 3.87435 0.0282935 2.27474 0.00896606
846.459 3.87352 0.0293917 2.27448 0.00932179
847.205 3.8719 0.0298302 2.27396 0.00946658
847.95 3.87039 0.0303976 2.27347 0.0096528
848.695 3.87051 0.0333001 2.27353 0.0105886
849.441 3.87061 0.0362079 2.27357 0.0115261
850.186 3.86769 0.0350632 2.27263 0.0111641
850.931 3.86467 0.0337578 2.27166 0.01075
851.677 3.8629 0.0286811 2.27108 0.00911551
852.422 3.86121 0.023045 2.27053 0.00729907
853.167 3.86127 0.0246813 2.27055 0.00782778
853.913 3.86185 0.028647 2.27075 0.00910772
854.658 3.86125 0.0304568 2.27057 0.00969368
855.403 3.86008 0.0311428 2.27019 0.00991798
856.149 3.8586 0.0306591 2.26972 0.00976508
856.894 3.85688 0.0292881 2.26916 0.0093258
857.639 3.85604 0.0294865 2.2689 0.00939194
858.385 3.85617 0.031459 2.26895 0.0100297
859.13 3.85582 0.0313013 2.26884 0.00997988
859.875 3.85464 0.0275751 2.26845 0.00877784
860.621 3.85348 0.025598 2.26808 0.00814088
861.366 3.85249 0.0280619 2.26776 0.00893995
862.112 3.85122 0.0299153 2.26736 0.00954234
862.857 3.84886 0.0291576 2.2666 0.00930201
863.602 3.84672 0.0285316 2.26591 0.00910372
864.347 3.84654 0.0290795 2.26586 0.00928189
865.093 3.84635 0.0296265 2.2658 0.00945982
865.838 3.84618 0.0272717 2.26574 0.00869791
866.583 3.84598 0.0249217 2.26568 0.0079375
867.329 3.8466 0.0259095 2.26589 0.0082568
868.074 3.8473 0.0272395 2.26612 0.00868671
868.82 3.84618 0.0275051 2.26576 0.00877512
869.565 3.84466 0.0275333 2.26527 0.00878733
870.31 3.84343 0.02775 2.26488 0.00886015
871.056 3.84232 0.0280342 2.26452 0.00895464
871.801 3.84084 0.0276798 2.26405 0.0088428
872.546 3.83917 0.0269774 2.26351 0.00861835
873.292 3.83762 0.0263095 2.26301 0.00840475
874.037 3.83616 0.0256698 2.26254 0.00820001
874.782 3.8356 0.0253243 2.26236 0.00808921
875.528 3.83604 0.0253071 2.2625 0.00808332
876.273 3.83606 0.025676 2.26252 0.00820337
877.018 3.83542 0.0266658 2.26231 0.0085261
877.764 3.83479 0.0270778 2.26211 0.00866131
878.509 3.83421 0.026139 2.26192 0.00835793
879.254 3.83358 0.0253371 2.26173 0.00809897
880 3.83284 0.0250234 2.26149 0.00799868
880.745 3.83229 0.024601 2.26131 0.00786276
881.49 3.83306 0.0234419 2.26156 0.00748552
882.236 3.83361 0.0224021 2.26174 0.00714742
882.981 3.83006 0.0237807 2.2606 0.00760089
883.726 3.82655 0.0251135 2.25946 0.00804005
884.472 3.82424 0.0246816 2.25871 0.00790366
885.217 3.82199 0.024202 2.25799 0.00775155
885.962 3.82126 0.0230951 2.25775 0.00739278
886.708 3.82071 0.021915 2.25757 0.00700984
887.453 3.82062 0.0213418 2.25754 0.00682374
888.198 3.82062 0.0209096 2.25755 0.00668339
888.944 3.82127 0.0207041 2.25776 0.00661597
889.689 3.82214 0.0205802 2.25805 0.00657481
890.434 3.82173 0.0211536 2.25792 0.00676234
891.18 3.82065 0.0220848 2.25757 0.00706731
891.925 3.81908 0.0221321 2.25706 0.00708534
892.67 3.81716 0.0215538 2.25644 0.00690007
893.416 3.81519 0.0216148 2.25581 0.00692304
894.161 3.81318 0.0222816 2.25515 0.00714362
894.906 3.81116 0.022741 2.2545 0.00729672
895.652 3.80914 0.0229391 2.25384 0.00736471
896.397 3.8076 0.0236796 2.25335 0.00760902
897.142 3.8069 0.0253796 2.25312 0.00816535
897.888 3.80672 0.0259595 2.25307 0.00835527
898.633 3.80783 0.0238036 2.25343 0.00765017
899.378 3.80872 0.0226757 2.25372 0.00728108
900.124 3.80885 0.0252633 2.25377 0.00812558
900.869 3.80892 0.0269748 2.2538 0.00868424
901.614 3.80873 0.023749 2.25374 0.00763231
902.36 3.80844 0.0207628 2.25364 0.00665861
903.105 3.80747 0.020307 2.25333 0.00651148
903.85 3.80649 0.0198617 2.25301 0.00636774
904.596 3.8043 0.0197882 2.2523 0.00634693
905.341 3.80214 0.0197153 2.2516 0.00632622
906.086 3.80106 0.0194157 2.25125 0.00623003
906.832 3.80003 0.0191074 2.25092 0.0061309
907.577 3.7978 0.0196695 2.25019 0.00631782
908.322 3.79544 0.0203254 2.24942 0.0065358
909.068 3.79498 0.0202324 2.24927 0.00650629
909.813 3.79491 0.019983 2.24926 0.0064251
910.558 3.79486 0.0190547 2.24924 0.00612174
911.304 3.79482 0.0179171 2.24923 0.00574989
912.049 3.7948 0.0190973 2.24923 0.00613637
912.794 3.79479 0.0212545 2.24923 0.00684256
913.54 3.79458 0.0220892 2.24916 0.00711632
914.285 3.79427 0.0221942 2.24907 0.00715143
915.03 3.79365 0.0215466 2.24887 0.00694069
915.776 3.79283 0.020377 2.2486 0.00655931
916.521 3.79143 0.0198656 2.24814 0.00639404
917.266 3.78954 0.019929 2.24753 0.00641759
918.012 3.78754 0.020415 2.24688 0.00657974
918.757 3.78544 0.0213533 2.24619 0.00689048
919.502 3.78382 0.0222852 2.24567 0.00719862
920.248 3.78285 0.0232238 2.24535 0.00750819
920.993 3.7815 0.0233851 2.24491 0.00756347
921.738 3.77948 0.0222475 2.24425 0.00719349
922.484 3.77823 0.0222798 2.24384 0.00720624
923.229 3.77856 0.0247849 2.24396 0.00802834
923.974 3.77901 0.0257967 2.24411 0.00836004
924.72 3.77983 0.0227057 2.24438 0.00734457
925.465 3.78027 0.0197747 2.24452 0.0063824
926.21 3.77953 0.017492 2.24428 0.00563445
926.956 3.77885 0.0154578 2.24406 0.0049678
927.701 3.77849 0.0145283 2.24394 0.00466332
928.446 3.77795 0.0141421 2.24377 0.00453732
929.192 3.77612 0.0173912 2.24317 0.00560645
929.937 3.77432 0.0203289 2.24259 0.00657395
930.682 3.77334 0.0205091 2.24227 0.00663476
931.428 3.77237 0.0205884 2.24196 0.00666243
932.173 3.77166 0.0184242 2.24172 0.00595228
932.918 3.77092 0.016281 2.24148 0.00524883
933.664 3.76936 0.0179751 2.24097 0.00580793
934.409 3.76779 0.0196419 2.24046 0.00635839
935.154 3.76546 0.0183857 2.23969 0.00594828
935.9 3.76311 0.0170455 2.23892 0.00551015
936.645 3.7629 0.0175464 2.23886 0.00567557
937.39 3.76287 0.0181977 2.23885 0.00589036
938.136 3.76485 0.0183732 2.23951 0.00594602
938.881 3.76713 0.0184898 2.24026 0.0059819
939.626 3.76824 0.0200009 2.24063 0.00647787
940.372 3.76914 0.0217692 2.24093 0.00705853
941.117 3.76634 0.0209086 2.24001 0.00677962
941.862 3.76278 0.0195114 2.23884 0.00632471
942.608 3.76133 0.0184416 2.23836 0.00597446
943.353 3.76043 0.0174604 2.23807 0.00565256
944.098 3.759 0.0211099 2.2376 0.00685714
944.844 3.75727 0.0261649 2.23704 0.00852622
945.589 3.75815 0.0229333 2.23733 0.00745988
946.334 3.75985 0.0165485 2.23789 0.00535383
947.08 3.7589 0.0160369 2.23758 0.00518655
947.825 3.75688 0.0180069 2.23692 0.00583844
948.57 3.75563 0.0192848 2.23651 0.0062616
949.316 3.75474 0.0202387 2.23622 0.0065776
950.061 3.75447 0.0220713 2.23614 0.00718269
950.806 3.7545 0.0243748 2.23615 0.0079427
951.552 3.75381 0.0226306 2.23592 0.00736869
952.297 3.75264 0.0185751 2.23554 0.00603253
953.042 3.75134 0.0203361 2.23511 0.00661559
953.788 3.74987 0.0256965 2.23464 0.00838752
954.533 3.75052 0.0223738 2.23485 0.00728988
955.278 3.75232 0.0130102 2.23543 0.00419759
956.024 3.75043 0.0119147 2.23481 0.00383783
956.769 3.74607 0.0167638 2.23338 0.00544372
957.514 3.7444 0.0177829 2.23283 0.00578264
958.26 3.74483 0.015948 2.23298 0.00517599
959.005 3.74545 0.0144533 2.23318 0.00468168
959.75 3.74622 0.0132341 2.23344 0.00427836
960.496 3.74575 0.0164516 2.23329 0.00534216
961.241 3.74402 0.0233891 2.23273 0.00763735
961.986 3.74403 0.0262901 2.23274 0.00859646
962.732 3.74576 0.0256729 2.23331 0.0083898
963.477 3.7463 0.0250295 2.23349 0.00817656
964.222 3.74575 0.0243739 2.23331 0.00796113
964.968 3.74589 0.0220715 2.23336 0.00720038
965.713 3.74662 0.0182024 2.2336 0.00592133
966.458 3.74563 0.0173877 2.23327 0.00565355
967.204 3.74306 0.0194489 2.23243 0.0063382
967.949 3.73991 0.0214301 2.23139 0.0069979
968.694 3.73623 0.0233141 2.23018 0.007627
969.44 3.73506 0.0230463 2.22979 0.00754038
970.185 3.73621 0.0207566 2.23017 0.00678089
970.93 3.73458 0.0197541 2.22963 0.00645139
971.676 3.7304 0.0199795 2.22825 0.00653181
972.421 3.72803 0.0191216 2.22747 0.00625071
973.166 3.72727 0.0172776 2.22722 0.00564038
973.912 3.72729 0.0165517 2.22723 0.00539988
974.657 3.72803 0.0168331 2.22747 0.00549259
975.402 3.72869 0.0169518 2.22769 0.00553144
976.148 3.72928 0.0169256 2.22789 0.00552232
976.893 3.72925 0.0168928 2.22788 0.00551172
977.638 3.72869 0.0168547 2.2277 0.00549995
978.384 3.72845 0.0164569 2.22762 0.00536856
979.129 3.72845 0.0157698 2.22763 0.00514094
979.874 3.72887 0.0158478 2.22777 0.0051666
980.62 3.72961 0.016511 2.22802 0.00538586
981.365 3.72718 0.0172985 2.22721 0.00564994
982.11 3.72259 0.0181296 2.22569 0.00593135
982.856 3.72004 0.0190894 2.22485 0.0062534
983.601 3.71879 0.020144 2.22444 0.00660553
984.346 3.7167 0.0198027 2.22375 0.00649516
985.092 3.71413 0.018656 2.2229 0.00611748
985.837 3.71329 0.0167022 2.22262 0.00546903
986.583 3.71335 0.0142957 2.22264 0.0046689
987.328 3.71332 0.0144384 2.22263 0.00471658
988.073 3.71326 0.0158235 2.22261 0.0051775
988.818 3.71409 0.0176754 2.22289 0.00579257
989.564 3.71531 0.019755 2.2233 0.00648268
990.309 3.71618 0.0214517 2.2236 0.00704568
991.055 3.71692 0.0230114 2.22385 0.00756316
991.8 3.7168 0.0215106 2.22381 0.0070648
992.545 3.71639 0.0190569 2.22367 0.00625011
993.291 3.71656 0.0189469 2.22373 0.00621355
994.036 3.71687 0.0194415 2.22384 0.00637773
994.781 3.71697 0.0191507 2.22387 0.00628119
995.527 3.71703 0.0186999 2.22389 0.00613152
996.272 3.71638 0.0177355 2.22368 0.00581199
997.017 3.71561 0.0167032 2.22342 0.00546998
997.763 3.71359 0.0156277 2.22275 0.00511479
998.508 3.71147 0.0145731 2.22205 0.00476634
999.253 3.71268 0.0201368 2.22246 0.00661591
999.999 3.71386 0.0261207 2.22286 0.00860442
