255.408 1.19823 0.383417 1.16467 0.297958
256.154 1.21139 0.381124 1.17477 0.295625
256.899 1.22398 0.378584 1.18441 0.293133
257.644 1.21387 0.379775 1.17663 0.294481
258.39 1.19982 0.381204 1.16579 0.296183
259.135 1.21547 0.386007 1.17813 0.299244
259.88 1.24094 0.390051 1.19798 0.301284
260.626 1.2462 0.38807 1.20195 0.299535
261.371 1.23899 0.382935 1.19616 0.295882
262.116 1.23676 0.378279 1.19425 0.292385
262.862 1.23989 0.374429 1.1965 0.289288
263.607 1.24179 0.371738 1.19785 0.287137
264.353 1.24143 0.371136 1.19754 0.28669
265.098 1.24286 0.370892 1.19864 0.286446
265.843 1.25086 0.371845 1.20484 0.286858
266.589 1.25733 0.372234 1.20984 0.286899
267.334 1.24761 0.368289 1.20219 0.284256
268.079 1.23791 0.363909 1.19453 0.281267
268.825 1.25547 0.373317 1.20844 0.287818
269.57 1.27479 0.38177 1.22364 0.293527
270.315 1.27044 0.373668 1.21997 0.287485
271.061 1.26146 0.361675 1.21258 0.278625
271.806 1.25911 0.356276 1.21056 0.274565
272.551 1.25958 0.354059 1.21083 0.272843
273.297 1.26226 0.351759 1.21281 0.270972
274.042 1.26667 0.349392 1.21611 0.268986
274.787 1.26915 0.349142 1.218 0.268703
275.533 1.26905 0.351827 1.21802 0.270774
276.278 1.26767 0.351507 1.21695 0.270583
277.023 1.26326 0.343579 1.21326 0.264653
277.769 1.26137 0.337217 1.21157 0.25983
278.514 1.27164 0.339593 1.21955 0.261284
279.259 1.28144 0.341414 1.22714 0.262324
280.005 1.27606 0.336855 1.22284 0.259024
280.75 1.27081 0.33213 1.21864 0.255585
281.495 1.26511 0.32692 1.21406 0.251783
282.241 1.25949 0.321472 1.20955 0.247789
282.986 1.26065 0.320505 1.2104 0.247006
283.731 1.26396 0.321002 1.21297 0.247276
284.477 1.26097 0.317046 1.21053 0.244336
285.222 1.25436 0.310153 1.20521 0.239252
285.967 1.25346 0.306237 1.20438 0.236266
286.713 1.25828 0.305638 1.20807 0.235647
287.458 1.26094 0.304678 1.21009 0.234822
288.203 1.25978 0.303122 1.20914 0.233663
288.949 1.25848 0.300793 1.20806 0.231914
289.694 1.25668 0.295752 1.20652 0.22809
290.439 1.25533 0.290939 1.20532 0.224425
291.185 1.25732 0.288497 1.20677 0.222482
291.93 1.25929 0.286093 1.20822 0.22057
292.675 1.25124 0.27798 1.20176 0.214563
293.421 1.24309 0.2691 1.19521 0.207952
294.166 1.24001 0.266289 1.19275 0.205871
294.911 1.23801 0.264861 1.19116 0.204827
295.657 1.23465 0.260212 1.18843 0.20133
296.402 1.23086 0.253991 1.18532 0.196624
297.147 1.2286 0.247789 1.1834 0.191887
297.893 1.2276 0.241698 1.18247 0.187201
298.638 1.22519 0.237848 1.1805 0.184283
299.383 1.22057 0.237033 1.1769 0.183772
300.129 1.21524 0.234937 1.17272 0.182285
300.874 1.20829 0.229549 1.16718 0.17828
301.619 1.20185 0.224182 1.16205 0.174272
302.365 1.1979 0.220631 1.15889 0.171608
303.11 1.19395 0.216931 1.15574 0.168825
303.855 1.18756 0.210391 1.15061 0.163885
304.601 1.18134 0.203536 1.14561 0.158685
305.346 1.17223 0.200715 1.13844 0.156687
306.091 1.16247 0.19816 1.13076 0.154906
306.837 1.15155 0.192022 1.12209 0.150339
307.582 1.14029 0.184071 1.11311 0.144344
308.327 1.13181 0.182601 1.10642 0.143362
309.073 1.12491 0.185702 1.10107 0.145937
309.818 1.11645 0.18356 1.09438 0.144426
310.563 1.10653 0.175079 1.0864 0.137947
311.309 1.09747 0.168949 1.07914 0.133288
312.054 1.08971 0.168334 1.073 0.132948
312.799 1.0805 0.16762 1.06571 0.132555
313.545 1.06601 0.166713 1.05422 0.132106
314.29 1.05098 0.165232 1.04227 0.13121
315.035 1.03778 0.160264 1.03169 0.127502
315.781 1.02421 0.154691 1.0208 0.123305
316.526 1.0101 0.150172 1.00946 0.119941
317.271 0.995497 0.145188 0.997705 0.116199
318.017 0.977977 0.140777 0.983597 0.112947
318.762 0.959018 0.135938 0.968292 0.109357
319.507 0.939633 0.133407 0.95264 0.107615
320.253 0.919419 0.131986 0.936292 0.106773
320.998 0.899551 0.130265 0.920173 0.105677
321.743 0.879996 0.128256 0.904259 0.104334
322.489 0.85995 0.126303 0.887902 0.103037
323.234 0.839692 0.124719 0.871332 0.102037
323.979 0.818499 0.123317 0.853948 0.101193
324.725 0.796532 0.123195 0.835895 0.101408
325.47 0.773315 0.12309 0.816753 0.101655
326.215 0.748624 0.124451 0.796348 0.103139
326.961 0.722427 0.12575 0.774619 0.104605
327.706 0.695614 0.130241 0.752343 0.108754
328.451 0.667122 0.135085 0.728582 0.113258
329.197 0.640018 0.141766 0.705928 0.119319
329.942 0.611885 0.149273 0.682337 0.126143
330.687 0.582907 0.157854 0.657963 0.133948
331.433 0.552558 0.167384 0.632348 0.142653
332.178 0.52249 0.180081 0.606945 0.154138
332.923 0.492371 0.195692 0.58148 0.168225
333.669 0.461644 0.212256 0.555438 0.18327
334.414 0.430546 0.229654 0.529021 0.199181
335.159 0.399742 0.248203 0.502819 0.216224
335.905 0.371606 0.267189 0.478897 0.233707
336.65 0.3432 0.287016 0.454722 0.252077
337.395 0.3174 0.304759 0.432717 0.268655
338.141 0.290715 0.323824 0.409948 0.286559
338.886 0.262513 0.344818 0.385884 0.306378
339.631 0.233373 0.367438 0.361028 0.327847
340.377 0.200775 0.392924 0.333195 0.352235
341.122 0.16674 0.420717 0.304164 0.379001
341.867 0.13419 0.447466 0.276384 0.40499
342.613 0.10134 0.475313 0.24838 0.43223
343.358 0.0730818 0.497323 0.224148 0.454088
344.103 0.0472138 0.516018 0.201844 0.472918
344.849 0.0146275 0.538078 0.173595 0.495468
345.594 -0.0253402 0.564116 0.13879 0.522465
346.339 -0.0671525 0.594986 0.102583 0.554403
347.085 -0.110683 0.63348 0.0653891 0.593983
347.83 -0.156102 0.675745 0.0267925 0.63776
348.575 -0.203833 0.722826 -0.013444 0.686872
349.321 -0.253852 0.771702 -0.0555584 0.738585
350.066 -0.311292 0.798108 -0.107345 0.770365
350.811 -0.372398 0.82637 -0.162743 0.804898
351.557 -0.417837 0.879286 -0.199999 0.861961
352.302 -0.463519 0.937631 -0.236465 0.925048
353.047 -0.533536 0.99926 -0.295986 0.995844
353.793 -0.613027 1.06743 -0.363691 1.07606
354.538 -0.700403 1.16603 -0.433561 1.18998
355.283 -0.79294 1.28984 -0.502356 1.33307
356.029 -0.874803 1.40608 -0.559846 1.46919
356.774 -0.947781 1.51427 -0.608172 1.59739
357.519 -1.02509 1.62148 -0.659282 1.72788
358.265 -1.1097 1.72106 -0.718265 1.85489
359.01 -1.19612 1.83756 -0.772098 2.00259
359.755 -1.27868 1.9838 -0.80901 2.18274
360.501 -1.35923 2.1635 -0.826646 2.39959
361.246 -1.41335 2.46338 -0.758731 2.73064
361.991 -1.4353 2.80647 -0.621584 3.08454
362.737 -1.4152 3.20413 -0.397639 3.45581
363.482 -1.32633 3.64553 -0.0706409 3.80412
364.227 -1.21133 4.02438 0.249258 4.05404
364.973 -1.03927 4.40684 0.614661 4.24701
365.718 -0.897322 4.78933 0.951642 4.43395
366.463 -0.729238 5.19216 1.31237 4.5951
367.209 -0.390836 5.51981 1.71616 4.58633
367.954 0.0686122 5.73664 2.09693 4.44131
368.699 0.638873 5.94711 2.5037 4.24453
369.445 1.35062 6.10152 2.91901 3.97242
370.19 2.09907 6.08363 3.24767 3.64017
370.935 2.83099 5.88704 3.48945 3.27572
371.681 3.43336 5.55457 3.63441 2.9321
372.426 3.81404 5.21697 3.6952 2.6745
373.171 4.1113 4.86083 3.72571 2.44111
373.917 4.30866 4.64541 3.75665 2.29885
374.662 4.47717 4.41978 3.7763 2.16176
375.407 4.63667 4.11575 3.77901 1.99465
376.153 4.75373 3.81041 3.76869 1.83694
376.898 4.79688 3.37255 3.70743 1.63333
377.643 4.77426 2.95512 3.62837 1.44578
378.389 4.70769 2.58293 3.54234 1.28059
379.134 4.61359 2.26154 3.45465 1.13809
379.879 4.51772 2.03054 3.37984 1.0358
380.625 4.42964 1.86291 3.31716 0.961543
381.37 4.35399 1.71913 3.26383 0.896289
382.116 4.29569 1.5961 3.2219 0.83868
382.861 4.24639 1.49357 3.18694 0.789973
383.606 4.22501 1.42424 3.16976 0.755625
384.352 4.19422 1.35216 3.1476 0.720355
385.097 4.10824 1.24713 3.09376 0.671507
385.842 4.02582 1.15365 3.04265 0.627498
386.587 3.93447 1.04039 2.98527 0.57231
387.333 3.84673 0.941363 2.93078 0.523438
388.078 3.75937 0.866393 2.87781 0.486877
388.824 3.67703 0.802073 2.82798 0.455247
389.569 3.61106 0.74455 2.78756 0.426005
390.314 3.55242 0.692518 2.75148 0.399077
391.06 3.5121 0.653993 2.7265 0.378742
391.805 3.48391 0.623915 2.70889 0.362581
392.55 3.45112 0.597358 2.68873 0.348542
393.296 3.41331 0.574653 2.66575 0.336841
394.041 3.37434 0.552454 2.64204 0.325367
394.786 3.33156 0.529902 2.61597 0.313713
395.532 3.28956 0.505479 2.59019 0.30079
396.277 3.24407 0.468142 2.56179 0.280128
397.022 3.20016 0.434625 2.53438 0.261472
397.768 3.15302 0.414087 2.50534 0.250554
398.513 3.10852 0.395172 2.4778 0.240415
399.258 3.07725 0.376231 2.45822 0.229772
400.004 3.04816 0.358362 2.43996 0.219644
400.749 3.02408 0.346477 2.42488 0.212991
401.494 3.00189 0.336564 2.41098 0.207465
402.24 2.98184 0.328688 2.39843 0.203114
402.985 2.96318 0.321999 2.38673 0.199441
403.73 2.94281 0.310477 2.37383 0.19279
404.476 2.92082 0.29471 2.35981 0.183498
405.221 2.89681 0.280898 2.34454 0.175417
405.966 2.86936 0.269696 2.32714 0.168994
406.712 2.84137 0.258865 2.30936 0.16277
407.457 2.80941 0.247764 2.28901 0.156408
408.202 2.77996 0.237472 2.27019 0.15046
408.948 2.76002 0.228054 2.25737 0.144851
409.693 2.7407 0.219134 2.24493 0.139521
410.438 2.72198 0.21235 2.23289 0.135517
411.184 2.70386 0.20595 2.22121 0.131731
411.929 2.6891 0.201909 2.2117 0.129386
412.674 2.6753 0.198423 2.2028 0.127373
413.42 2.66296 0.193488 2.1948 0.124398
414.165 2.65136 0.188051 2.18725 0.121078
414.91 2.63648 0.182337 2.17759 0.117618
415.656 2.61934 0.176526 2.16643 0.114114
416.401 2.60247 0.170052 2.15543 0.110161
417.146 2.58578 0.162677 2.14451 0.105603
417.892 2.56858 0.156478 2.13325 0.101798
418.637 2.54958 0.152457 2.12082 0.0994197
419.382 2.53188 0.148584 2.10922 0.09711
420.128 2.51791 0.144652 2.10003 0.0947074
420.873 2.50439 0.140906 2.09113 0.0924118
421.618 2.49323 0.138123 2.08378 0.0907152
422.364 2.48235 0.135434 2.07659 0.0890719
423.109 2.47384 0.131726 2.07095 0.0867261
423.854 2.46574 0.127994 2.06558 0.0843549
424.6 2.4566 0.125917 2.05954 0.0830832
425.345 2.44727 0.124397 2.05337 0.0821782
426.09 2.43675 0.121304 2.04638 0.0802415
426.836 2.42563 0.117358 2.03898 0.0777402
427.581 2.41438 0.114086 2.03149 0.07568
428.326 2.40298 0.111477 2.0239 0.0740563
429.072 2.39126 0.108598 2.01608 0.0722508
429.817 2.37869 0.105169 2.00768 0.0700809
430.562 2.36671 0.102224 1.99966 0.0682216
431.308 2.3558 0.100562 1.99236 0.0672065
432.053 2.34544 0.0990039 1.98542 0.0662528
432.798 2.33802 0.0980694 1.98044 0.0656904
433.544 2.33075 0.0971523 1.97556 0.0651373
434.289 2.32392 0.0942919 1.97096 0.0632739
435.034 2.31721 0.0914078 1.96644 0.0613902
435.78 2.31045 0.0895981 1.96188 0.0602268
436.525 2.30377 0.0880668 1.95738 0.0592482
437.27 2.29708 0.0864848 1.95286 0.0582337
438.016 2.29045 0.0849035 1.94839 0.0572175
438.761 2.28288 0.0833366 1.94327 0.056216
439.506 2.27458 0.0817943 1.93766 0.0552342
440.252 2.26636 0.0802644 1.93209 0.0542582
440.997 2.25814 0.0787313 1.92653 0.0532778
441.742 2.25011 0.0771935 1.92107 0.0522909
442.488 2.24221 0.0755621 1.91571 0.0512375
443.233 2.2345 0.0739977 1.91047 0.0502262
443.978 2.227 0.0725544 1.90536 0.0492939
444.724 2.21969 0.0711602 1.90038 0.048392
445.469 2.21513 0.0704472 1.89728 0.0479355
446.214 2.21065 0.0697474 1.89423 0.0474871
446.96 2.20568 0.0680536 1.89084 0.046363
447.705 2.20071 0.0662569 1.88744 0.0451673
448.45 2.19542 0.0646225 1.88382 0.0440826
449.196 2.19008 0.0630755 1.88017 0.0430564
449.941 2.18469 0.0621785 1.87648 0.0424737
450.686 2.17929 0.0616988 1.87279 0.0421758
451.432 2.1737 0.0609847 1.86896 0.0417179
452.177 2.1679 0.0600159 1.86499 0.0410859
452.922 2.16204 0.0589905 1.86097 0.0404144
453.668 2.15598 0.0578316 1.85681 0.0396512
454.413 2.15021 0.0568155 1.85285 0.0389834
455.158 2.14525 0.0562545 1.84944 0.0386235
455.904 2.14035 0.0557173 1.84608 0.0382791
456.649 2.13523 0.0553762 1.84256 0.0380704
457.394 2.13021 0.0550381 1.8391 0.0378629
458.14 2.12609 0.0538197 1.83626 0.0370441
458.885 2.12209 0.0525656 1.8335 0.0361991
459.63 2.11869 0.0511389 1.83116 0.0352315
460.376 2.11547 0.0496923 1.82893 0.0342485
461.121 2.11147 0.0491036 1.82617 0.0338604
461.866 2.10711 0.048943 1.82316 0.0337691
462.612 2.10348 0.0486652 1.82066 0.0335937
463.357 2.10048 0.0482875 1.81858 0.0333462
464.102 2.09673 0.0475741 1.81599 0.0328694
464.848 2.09187 0.0463612 1.81262 0.0320511
465.593 2.08738 0.0453901 1.80952 0.0313976
466.338 2.08377 0.0450219 1.80702 0.0311577
467.084 2.08024 0.0446205 1.80457 0.0308942
467.829 2.07697 0.0439533 1.8023 0.0304451
468.574 2.07374 0.0433001 1.80007 0.0300052
469.32 2.06936 0.0426996 1.79703 0.0296058
470.065 2.06504 0.0421142 1.79403 0.0292163
470.81 2.06114 0.0419776 1.79132 0.0291366
471.556 2.05736 0.0419119 1.7887 0.0291057
472.301 2.05391 0.0415444 1.7863 0.0288636
473.046 2.05061 0.0410695 1.784 0.028546
473.792 2.04766 0.0405449 1.78195 0.0281921
474.537 2.04497 0.0399891 1.78008 0.0278154
475.282 2.04213 0.0394862 1.7781 0.0274757
476.028 2.03911 0.0390435 1.776 0.0271783
476.773 2.03594 0.0386859 1.77379 0.0269406
477.518 2.03243 0.0384956 1.77134 0.0268206
478.264 2.02903 0.0382199 1.76898 0.0266404
479.009 2.02596 0.0375736 1.76684 0.0262002
479.754 2.02296 0.0369406 1.76474 0.0257687
480.5 2.02047 0.0362989 1.763 0.0253291
481.245 2.01801 0.0356697 1.76128 0.0248979
481.99 2.01499 0.0356274 1.75917 0.0248785
482.736 2.01196 0.0356336 1.75706 0.024893
483.481 2.00875 0.0353352 1.75481 0.024695
484.226 2.00552 0.0349599 1.75256 0.024443
484.972 2.00293 0.0346776 1.75074 0.0242539
485.717 2.00068 0.0344453 1.74917 0.0240987
486.462 1.99835 0.0339897 1.74754 0.0237871
487.208 1.99594 0.0333322 1.74585 0.023334
487.953 1.99343 0.0328962 1.74409 0.0230362
488.698 1.99073 0.032802 1.7422 0.0229786
489.444 1.98823 0.0326351 1.74045 0.0228694
490.189 1.98624 0.032252 1.73906 0.0226067
490.934 1.98418 0.0319015 1.73761 0.0223671
491.68 1.9814 0.0317626 1.73566 0.022278
492.425 1.97865 0.0316244 1.73373 0.0221892
493.17 1.97614 0.0312146 1.73197 0.0219088
493.916 1.97367 0.0308071 1.73023 0.0216297
494.661 1.97139 0.0304749 1.72863 0.0214028
495.406 1.96918 0.0301606 1.72708 0.0211881
496.152 1.96664 0.0295741 1.72529 0.0207828
496.897 1.96399 0.0288903 1.72343 0.0203089
497.642 1.96156 0.0286744 1.72172 0.0201636
498.388 1.9593 0.0287889 1.72013 0.0202505
499.133 1.95721 0.0289736 1.71866 0.0203865
499.878 1.95531 0.0292461 1.71733 0.0205838
500.624 1.95345 0.0291959 1.71601 0.0205538
501.369 1.95162 0.028447 1.71473 0.0200309
502.115 1.94973 0.0277921 1.71339 0.0195743
502.86 1.94742 0.0275237 1.71176 0.0193911
503.605 1.94518 0.027254 1.71019 0.0192067
504.35 1.94386 0.0268516 1.70926 0.0189263
505.096 1.94255 0.0264546 1.70833 0.0186495
505.841 1.94039 0.0263804 1.70681 0.0186026
506.587 1.93818 0.026338 1.70525 0.0185783
507.332 1.93632 0.0262475 1.70394 0.0185191
508.077 1.93458 0.0261437 1.70271 0.0184503
508.823 1.93273 0.0258599 1.7014 0.0182544
509.568 1.93083 0.0254799 1.70007 0.0179904
510.313 1.92896 0.0252606 1.69875 0.01784
511.059 1.92712 0.025194 1.69745 0.0177974
511.804 1.92503 0.02491 1.69596 0.0176016
512.549 1.92248 0.0242691 1.69417 0.017154
513.294 1.92023 0.0238266 1.69257 0.0168461
514.04 1.91882 0.0239735 1.69157 0.0169534
514.785 1.91734 0.0241184 1.69053 0.0170595
515.531 1.91527 0.024271 1.68906 0.0171726
516.276 1.91322 0.0244178 1.68761 0.0172814
517.021 1.91209 0.0238817 1.68682 0.0169041
517.767 1.911 0.0233308 1.68605 0.0165162
518.512 1.90934 0.0225738 1.68487 0.0159833
519.257 1.90758 0.0217906 1.68362 0.0154318
520.003 1.90634 0.0216552 1.68274 0.0153384
520.748 1.90533 0.0217902 1.68203 0.0154364
521.493 1.90388 0.0222618 1.681 0.0157742
522.239 1.9021 0.0229781 1.67974 0.0162864
522.984 1.90058 0.0232194 1.67867 0.0164611
523.729 1.8994 0.0228592 1.67783 0.0162082
524.475 1.89811 0.022466 1.67691 0.0159319
525.22 1.89657 0.021991 1.67582 0.0155979
525.965 1.89496 0.021564 1.67468 0.0152981
526.711 1.89295 0.0213441 1.67325 0.015146
527.456 1.89099 0.0211318 1.67186 0.0149992
528.201 1.88973 0.0210403 1.67097 0.0149368
528.947 1.88849 0.0209495 1.67008 0.0148749
529.692 1.88683 0.0204392 1.66891 0.0145154
530.437 1.88515 0.0198913 1.66771 0.014129
531.183 1.88338 0.020162 1.66645 0.0143251
531.928 1.8816 0.0206735 1.66519 0.0146926
532.673 1.88022 0.0206944 1.66421 0.0147103
533.419 1.87909 0.0204331 1.6634 0.0145266
534.164 1.87766 0.0200214 1.66239 0.0142364
534.909 1.87594 0.019462 1.66116 0.0138414
535.655 1.8745 0.0191184 1.66014 0.0135994
536.4 1.87354 0.0191406 1.65946 0.0136171
537.145 1.8725 0.0191694 1.65872 0.0136397
537.891 1.87116 0.0192223 1.65777 0.0136799
538.636 1.86985 0.0192619 1.65684 0.0137106
539.381 1.86873 0.0191874 1.65604 0.0136597
540.127 1.86762 0.0191135 1.65525 0.0136091
540.872 1.8665 0.0192262 1.65445 0.0136916
541.617 1.86539 0.0193447 1.65366 0.0137783
542.363 1.86459 0.018841 1.65309 0.0134207
543.108 1.86385 0.0182101 1.65256 0.012972
543.853 1.86246 0.0179348 1.65157 0.0127781
544.599 1.86078 0.0178196 1.65038 0.0126989
545.344 1.85949 0.0178018 1.64945 0.0126885
546.089 1.85849 0.0178601 1.64874 0.0127319
546.835 1.85739 0.0178352 1.64796 0.0127161
547.58 1.85614 0.0176981 1.64707 0.0126205
548.325 1.85478 0.0176538 1.6461 0.0125912
549.071 1.85311 0.0178334 1.6449 0.0127224
549.816 1.85152 0.0179443 1.64377 0.0128044
550.561 1.85027 0.0177047 1.64288 0.0126354
551.307 1.84904 0.0174651 1.642 0.0124664
552.052 1.84803 0.0170163 1.64128 0.0121473
552.797 1.84703 0.0165741 1.64056 0.0118329
553.543 1.84584 0.0164203 1.63971 0.011725
554.288 1.84463 0.0163057 1.63885 0.011645
555.033 1.84351 0.0165229 1.63805 0.0118022
555.779 1.84242 0.0168457 1.63727 0.0120349
556.524 1.8413 0.0166994 1.63648 0.0119321
557.269 1.84018 0.0162673 1.63567 0.0116248
558.015 1.83913 0.0162228 1.63492 0.0115947
558.76 1.83816 0.0165879 1.63423 0.0118576
559.505 1.83727 0.0166891 1.6336 0.0119315
560.251 1.83651 0.0163029 1.63305 0.0116564
560.996 1.83573 0.0159524 1.6325 0.0114067
561.741 1.83488 0.0157214 1.63189 0.0112427
562.487 1.83404 0.0155182 1.63129 0.0110985
563.232 1.83328 0.0156157 1.63075 0.0111696
563.977 1.83253 0.0157117 1.63021 0.0112395
564.723 1.83136 0.0159385 1.62937 0.0114038
565.468 1.83018 0.016168 1.62853 0.0115702
566.213 1.82923 0.0159497 1.62785 0.0114153
566.959 1.82833 0.0156298 1.62721 0.0111875
567.704 1.82752 0.0154291 1.62662 0.0110449
568.449 1.82674 0.0152861 1.62607 0.0109437
569.195 1.8258 0.0150864 1.62539 0.010802
569.94 1.82471 0.0148403 1.62461 0.0106271
570.685 1.82354 0.0145157 1.62377 0.0103961
571.431 1.82222 0.0140771 1.62283 0.0100834
572.176 1.82107 0.0139406 1.62201 0.00998707
572.921 1.82035 0.0145942 1.62149 0.0104571
573.667 1.81956 0.0151274 1.62092 0.0108408
574.412 1.81834 0.0149424 1.62005 0.0107099
575.157 1.81715 0.0147605 1.6192 0.0105811
575.903 1.81586 0.0144577 1.61827 0.0103657
576.648 1.81459 0.0141611 1.61736 0.0101545
577.393 1.81386 0.014013 1.61684 0.0100492
578.139 1.81322 0.0138885 1.61638 0.00996077
578.884 1.81257 0.0138088 1.61591 0.0099045
579.629 1.81191 0.0137458 1.61544 0.00986015
580.375 1.81103 0.0138107 1.61481 0.009908
581.12 1.81 0.0139589 1.61407 0.0100159
581.865 1.80918 0.0141247 1.61348 0.0101362
582.611 1.80859 0.0143123 1.61306 0.0102719
583.356 1.80797 0.0144733 1.61262 0.0103886
584.101 1.80728 0.0145826 1.61212 0.0104681
584.847 1.80653 0.0145682 1.61159 0.0104589
585.592 1.80557 0.0140482 1.61089 0.0100865
586.337 1.80464 0.0135523 1.61022 0.00973129
587.083 1.80413 0.0133034 1.60986 0.00955304
587.828 1.80363 0.0130567 1.6095 0.00937641
588.573 1.8029 0.0129259 1.60898 0.0092833
589.319 1.80215 0.0128059 1.60844 0.00919802
590.064 1.8013 0.0127629 1.60783 0.00916816
590.809 1.80042 0.0127401 1.6072 0.00915292
591.555 1.79953 0.0128292 1.60656 0.00921819
592.3 1.79864 0.012975 1.60592 0.00932426
593.045 1.79784 0.0131292 1.60534 0.00943629
593.791 1.79712 0.0132913 1.60483 0.00955388
594.536 1.79636 0.0132605 1.60428 0.00953278
595.281 1.79554 0.012928 1.60369 0.00929449
596.027 1.79463 0.012677 1.60304 0.00911505
596.772 1.79343 0.0126579 1.60217 0.00910278
597.517 1.79233 0.0126135 1.60138 0.00907222
598.263 1.79199 0.0123791 1.60114 0.00890391
599.008 1.79165 0.0121464 1.60089 0.00873674
599.753 1.79079 0.0121153 1.60027 0.00871543
600.499 1.78993 0.0120884 1.59966 0.00869708
601.244 1.78903 0.0122283 1.59901 0.00879903
601.989 1.78812 0.0123954 1.59835 0.00892055
602.735 1.78742 0.0123318 1.59785 0.00887556
603.48 1.78679 0.0121764 1.5974 0.00876443
604.225 1.78622 0.0122559 1.59699 0.00882241
604.971 1.7857 0.0125053 1.59661 0.00900287
605.716 1.78505 0.0124569 1.59615 0.0089688
606.461 1.78427 0.012038 1.59558 0.00866779
607.207 1.78357 0.0117906 1.59508 0.00849033
607.952 1.78305 0.0119193 1.59471 0.00858375
608.697 1.78259 0.0119379 1.59437 0.00859773
609.443 1.7824 0.0114299 1.59424 0.00823171
610.188 1.78219 0.0109526 1.59409 0.00788779
610.933 1.7813 0.0112404 1.59345 0.00809637
611.679 1.78043 0.0115222 1.59282 0.00830066
612.424 1.77965 0.0115327 1.59226 0.00830911
613.169 1.7789 0.0115135 1.59172 0.00829617
613.915 1.77852 0.0117122 1.59145 0.00843996
614.66 1.77826 0.0119761 1.59126 0.00863072
615.405 1.77771 0.0117968 1.59086 0.00850205
616.151 1.777 0.0113643 1.59035 0.00819084
616.896 1.77619 0.0112074 1.58977 0.00807848
617.641 1.7753 0.0113231 1.58913 0.00816304
618.387 1.77446 0.0113347 1.58852 0.00817235
619.132 1.77368 0.0111676 1.58796 0.00805262
619.878 1.77304 0.011029 1.58749 0.00795329
620.623 1.77287 0.0109804 1.58737 0.00791849
621.368 1.77263 0.0109503 1.5872 0.00789704
622.113 1.77172 0.0111005 1.58655 0.00800651
622.859 1.77083 0.0112471 1.58591 0.00811335
623.604 1.76989 0.0111182 1.58523 0.00802136
624.349 1.76897 0.0109792 1.58456 0.00792193
625.095 1.76849 0.0107212 1.58422 0.00773609
625.84 1.76811 0.0104391 1.58394 0.00753278
626.586 1.76765 0.0103848 1.58361 0.00749404
627.331 1.76715 0.0104334 1.58325 0.00752967
628.076 1.76638 0.0104222 1.58269 0.00752246
628.822 1.76539 0.0103634 1.58198 0.007481
629.567 1.76463 0.0104239 1.58143 0.00752551
630.312 1.76417 0.0106492 1.5811 0.0076889
631.057 1.76381 0.0108003 1.58084 0.00779853
631.803 1.76366 0.0107669 1.58073 0.0077746
632.548 1.76343 0.0107144 1.58057 0.00773693
633.294 1.76277 0.0105508 1.58009 0.00761937
634.039 1.76211 0.0103916 1.57961 0.00750493
634.784 1.76148 0.0104202 1.57916 0.00752629
635.53 1.76085 0.010448 1.57871 0.0075471
636.275 1.76019 0.0104504 1.57823 0.00754956
637.02 1.75953 0.010449 1.57775 0.00754922
637.766 1.75908 0.0102756 1.57742 0.00742429
638.511 1.75869 0.0100439 1.57714 0.00725716
639.256 1.7583 0.0100284 1.57686 0.00724636
640.002 1.75789 0.0101514 1.57657 0.00733578
640.747 1.75733 0.01012 1.57617 0.00731365
641.492 1.7566 0.00991871 1.57563 0.00716874
642.238 1.75605 0.00981938 1.57524 0.00709743
642.983 1.75587 0.00991589 1.57511 0.00716749
643.728 1.75569 0.00999864 1.57498 0.00722759
644.474 1.75551 0.0100282 1.57485 0.00724921
645.219 1.75529 0.0100602 1.57469 0.0072726
645.964 1.75444 0.0101271 1.57408 0.00732193
646.71 1.7536 0.010192 1.57347 0.00736977
647.455 1.75288 0.0100903 1.57295 0.00729688
648.2 1.75219 0.00997794 1.57245 0.00721622
648.946 1.75183 0.00967101 1.57219 0.00699437
649.691 1.75156 0.00931629 1.57199 0.00673782
650.436 1.7512 0.00909414 1.57173 0.00657733
651.182 1.7508 0.00894034 1.57144 0.00646634
651.927 1.75011 0.00903157 1.57094 0.00653305
652.672 1.74915 0.00933601 1.57025 0.00675442
653.418 1.74838 0.00954494 1.56969 0.0069065
654.163 1.74789 0.0096149 1.56934 0.00695767
654.908 1.74743 0.00964195 1.56901 0.00697774
655.654 1.74709 0.00954792 1.56876 0.00690997
656.399 1.74675 0.00943813 1.56851 0.00683077
657.144 1.74647 0.00921011 1.56831 0.00666585
657.89 1.74619 0.00898379 1.56811 0.00650214
658.635 1.74513 0.00907501 1.56734 0.0065692
659.38 1.74407 0.00916681 1.56657 0.0066367
660.126 1.74361 0.00917308 1.56624 0.00664168
660.871 1.74325 0.00916481 1.56599 0.00663604
661.616 1.74302 0.00919741 1.56582 0.00665992
662.362 1.74283 0.00924588 1.56568 0.00669526
663.107 1.74254 0.00938161 1.56547 0.00679396
663.852 1.74218 0.00957841 1.56521 0.006937
664.598 1.74175 0.00951845 1.5649 0.00689396
665.343 1.74124 0.00914755 1.56453 0.00662553
666.088 1.74068 0.00895002 1.56412 0.00648282
666.834 1.74004 0.00912105 1.56366 0.00660744
667.579 1.73951 0.00925477 1.56327 0.00670493
668.324 1.73947 0.00923115 1.56325 0.00668787
669.07 1.73942 0.00919858 1.56321 0.00666432
669.815 1.73927 0.00897033 1.5631 0.00649895
670.56 1.73912 0.0087431 1.56299 0.00633431
671.306 1.73835 0.00850457 1.56243 0.00616198
672.051 1.73752 0.00826974 1.56183 0.00599232
672.796 1.73688 0.00840426 1.56137 0.00609046
673.542 1.7363 0.00864149 1.56095 0.00626309
674.287 1.73596 0.00866151 1.5607 0.00627794
675.032 1.73574 0.00856156 1.56055 0.00620562
675.778 1.73558 0.00857853 1.56043 0.00621811
676.523 1.73546 0.00870901 1.56035 0.00631292
677.268 1.73523 0.00877662 1.56018 0.00636222
678.014 1.73478 0.00873858 1.55985 0.00633502
678.759 1.73423 0.00869748 1.55946 0.00630568
679.504 1.73334 0.00864599 1.55881 0.00626909
680.25 1.73254 0.00858985 1.55823 0.00622903
680.995 1.73243 0.00848836 1.55815 0.00615548
681.74 1.73232 0.0083872 1.55807 0.00608216
682.486 1.73224 0.00845222 1.55801 0.00612946
683.231 1.73216 0.00852245 1.55795 0.00618055
683.976 1.7316 0.00816556 1.55755 0.00592193
684.722 1.73096 0.00773163 1.55708 0.0056074
685.467 1.7305 0.00768071 1.55675 0.00557079
686.212 1.73013 0.00779021 1.55648 0.00565061
686.958 1.72954 0.00796193 1.55606 0.00577579
687.703 1.7288 0.00817778 1.55552 0.00593316
688.448 1.72822 0.00830133 1.55509 0.00602338
689.194 1.72783 0.00830901 1.55481 0.00602931
689.939 1.72754 0.00831368 1.5546 0.00603296
690.684 1.72748 0.00831171 1.55456 0.00603161
691.43 1.72731 0.0083038 1.55444 0.00602603
692.175 1.72663 0.00826595 1.55394 0.00599911
692.92 1.72596 0.00822349 1.55345 0.00596882
693.666 1.72548 0.00802741 1.55311 0.00582675
694.411 1.72501 0.00783407 1.55276 0.00568666
695.156 1.72463 0.00769601 1.55249 0.00558664
695.902 1.72426 0.00756545 1.55222 0.00549206
696.647 1.72411 0.00747895 1.55211 0.00542933
697.392 1.72402 0.00740597 1.55205 0.00537639
698.138 1.72393 0.00724584 1.55199 0.0052601
698.883 1.72384 0.00703502 1.55192 0.00510698
699.628 1.72348 0.00710406 1.55166 0.00515743
700.374 1.72285 0.00745059 1.5512 0.00540977
701.119 1.7223 0.00775195 1.5508 0.00562926
701.864 1.7219 0.00798246 1.55051 0.00579716
702.61 1.72155 0.00813382 1.55026 0.0059075
703.355 1.72137 0.00803014 1.55013 0.00583228
704.1 1.72124 0.00795278 1.55003 0.00577617
704.846 1.72148 0.00811564 1.55021 0.00589442
705.591 1.72171 0.00827972 1.55038 0.00601356
706.336 1.72106 0.00797821 1.5499 0.00579489
707.082 1.72038 0.0076659 1.54941 0.00556835
707.827 1.71964 0.0073041 1.54887 0.00530582
708.572 1.7189 0.00693947 1.54833 0.00504118
709.318 1.71844 0.00687709 1.548 0.00499615
710.063 1.71809 0.00694204 1.54775 0.00504364
710.808 1.71809 0.00709896 1.54775 0.0051578
711.554 1.71835 0.00732846 1.54794 0.00532458
712.299 1.71839 0.007374 1.54797 0.0053577
713.044 1.71814 0.00717794 1.54779 0.0052153
713.79 1.71775 0.00706131 1.5475 0.00513076
714.535 1.71704 0.00712479 1.54698 0.00517745
715.28 1.71632 0.00719869 1.54646 0.00523173
716.026 1.71557 0.00733093 1.54592 0.00532849
716.771 1.71485 0.00745682 1.54539 0.00542062
717.516 1.71473 0.00751638 1.54531 0.00546407
718.262 1.71461 0.00757568 1.54522 0.00550733
719.007 1.71491 0.00730525 1.54544 0.00531036
719.752 1.71526 0.00699641 1.54569 0.00508543
720.498 1.71488 0.00676126 1.54542 0.0049146
721.243 1.7143 0.00655202 1.545 0.00476273
721.988 1.71374 0.00638017 1.54458 0.00463805
722.734 1.71318 0.00623003 1.54418 0.00452913
723.479 1.71269 0.00625712 1.54382 0.00454917
724.224 1.71227 0.006451 1.54352 0.00469058
724.97 1.71198 0.00652852 1.54331 0.00474721
725.715 1.7119 0.00641841 1.54325 0.00466713
726.46 1.71181 0.00642367 1.54318 0.00467104
727.206 1.71169 0.00678052 1.5431 0.00493091
727.951 1.71155 0.00712802 1.543 0.005184
728.696 1.71128 0.00741218 1.5428 0.00539108
729.442 1.71101 0.00769361 1.5426 0.00559619
730.187 1.71018 0.00744258 1.542 0.00541405
730.932 1.70936 0.00718974 1.5414 0.00523054
731.678 1.70889 0.0070247 1.54107 0.00511069
732.423 1.70849 0.00687598 1.54077 0.00500267
733.168 1.70828 0.00678236 1.54062 0.00493466
733.914 1.70813 0.00670972 1.54051 0.00488187
734.659 1.70807 0.00668154 1.54047 0.00486141
735.404 1.70807 0.00668382 1.54046 0.0048631
736.15 1.708 0.0065875 1.54042 0.00479301
736.895 1.70786 0.00637703 1.54032 0.00463982
737.641 1.70757 0.00619767 1.54011 0.00450938
738.386 1.70699 0.00608069 1.53968 0.00442454
739.131 1.70644 0.00606667 1.53928 0.00441466
739.876 1.70605 0.00644906 1.539 0.00469349
740.622 1.70568 0.00680998 1.53873 0.00495669
741.367 1.70572 0.00696425 1.53876 0.00506908
742.112 1.70576 0.00711877 1.53879 0.00518166
742.858 1.70581 0.00711532 1.53882 0.00517913
743.603 1.70586 0.00710217 1.53886 0.00516954
744.349 1.70556 0.00691893 1.53864 0.00503626
745.094 1.70518 0.00669933 1.53837 0.00487653
745.839 1.70469 0.00627614 1.53801 0.00456851
746.584 1.70414 0.00576692 1.53761 0.00419779
747.33 1.70364 0.00568452 1.53725 0.00413803
748.075 1.70319 0.00593462 1.53692 0.00432057
748.82 1.70288 0.00602751 1.53669 0.00438847
749.566 1.70277 0.00591399 1.53662 0.00430582
750.311 1.70278 0.00584058 1.53662 0.00425233
751.057 1.70304 0.00586082 1.53681 0.00426696
751.802 1.70319 0.00589075 1.53692 0.0042887
752.547 1.70279 0.00596666 1.53663 0.00434428
753.293 1.70238 0.00603352 1.53633 0.00439326
754.038 1.70178 0.00592405 1.53589 0.00431384
754.783 1.70119 0.00581672 1.53546 0.00423595
755.529 1.70085 0.00568852 1.53522 0.00414269
756.274 1.70054 0.00555968 1.53499 0.00404894
757.019 1.70024 0.00557546 1.53477 0.00406063
757.765 1.69994 0.0056296 1.53455 0.00410028
758.51 1.69972 0.00582871 1.53439 0.00424561
759.255 1.69953 0.00610136 1.53425 0.00444453
760.001 1.69945 0.00603964 1.5342 0.00439959
760.746 1.69947 0.00568526 1.53421 0.0041412
761.491 1.69925 0.00561521 1.53405 0.00409026
762.237 1.69867 0.00595618 1.53363 0.00433924
762.982 1.69813 0.00613377 1.53324 0.00446909
763.727 1.6977 0.00590995 1.53292 0.00430612
764.473 1.69727 0.00572491 1.53261 0.00417141
765.218 1.69688 0.00573512 1.53233 0.0041791
765.963 1.69651 0.00573922 1.53206 0.00418231
766.709 1.69652 0.00553606 1.53207 0.00403412
767.454 1.69654 0.00533281 1.53208 0.00388588
768.199 1.69664 0.00521829 1.53215 0.0038023
768.945 1.69676 0.00511298 1.53224 0.00372544
769.69 1.69669 0.00519388 1.53219 0.0037845
770.435 1.69658 0.005328 1.53211 0.00388241
771.181 1.69623 0.005329 1.53185 0.00388334
771.926 1.69576 0.00525988 1.53151 0.00383317
772.671 1.69521 0.00524037 1.53111 0.00381923
773.417 1.69458 0.0052639 1.53065 0.00383673
774.162 1.69422 0.00532916 1.53039 0.00388455
774.907 1.69425 0.00545779 1.53041 0.00397841
775.653 1.69427 0.00546241 1.53042 0.00398179
776.398 1.69426 0.00514512 1.53042 0.00375029
777.143 1.69425 0.00488386 1.53041 0.00355968
777.889 1.69429 0.00492784 1.53044 0.00359177
778.634 1.69433 0.00497403 1.53047 0.00362546
779.379 1.69429 0.00508626 1.53044 0.00370739
780.125 1.69425 0.0051983 1.53041 0.00378919
780.87 1.69361 0.00504457 1.52994 0.00367734
781.615 1.69291 0.00486855 1.52944 0.00354923
782.361 1.69232 0.0049365 1.529 0.00359912
783.106 1.69175 0.00506708 1.52859 0.00369472
783.851 1.69157 0.00480366 1.52846 0.00350254
784.597 1.69159 0.00434119 1.52847 0.00316497
785.342 1.69157 0.0045617 1.52846 0.00332595
786.087 1.69151 0.00536025 1.52842 0.00390889
786.833 1.69152 0.00570849 1.52842 0.00416311
787.578 1.69163 0.00543469 1.5285 0.0039632
788.323 1.69161 0.00524732 1.52849 0.00382646
789.069 1.69131 0.00526533 1.52827 0.00383978
789.814 1.69094 0.00529333 1.528 0.00386042
790.559 1.69021 0.00536718 1.52747 0.00391473
791.305 1.68951 0.00541563 1.52696 0.00395047
792.05 1.6892 0.00509577 1.52673 0.0037171
792.795 1.68889 0.00478033 1.52651 0.00348693
793.541 1.6889 0.00461003 1.52651 0.00336259
794.286 1.68893 0.00444912 1.52654 0.00324509
795.031 1.6891 0.00465706 1.52666 0.00339686
795.777 1.68931 0.00494977 1.52681 0.00361051
796.522 1.68933 0.00482467 1.52683 0.00351917
797.267 1.68928 0.00451913 1.52679 0.00329611
798.013 1.68877 0.00451965 1.52642 0.00329673
798.758 1.68794 0.0047346 1.52581 0.00345409
799.503 1.68737 0.00480836 1.5254 0.00350823
800.249 1.6871 0.0047257 1.5252 0.003448
800.994 1.68678 0.00473774 1.52497 0.00345695
801.739 1.68638 0.00492682 1.52468 0.00359526
802.485 1.68605 0.00496753 1.52444 0.00362517
803.23 1.68599 0.00451218 1.52439 0.00329259
803.975 1.68595 0.00411553 1.52437 0.00300286
804.721 1.68623 0.00418607 1.52456 0.00305429
805.466 1.6865 0.00425742 1.52477 0.00310631
806.211 1.68636 0.00487936 1.52466 0.00356069
806.957 1.68621 0.00550167 1.52455 0.00401535
807.702 1.68575 0.00542628 1.52422 0.00396054
808.447 1.68526 0.00525631 1.52386 0.00383663
809.193 1.68487 0.00500882 1.52357 0.00365603
809.938 1.68451 0.00474023 1.52331 0.00345997
810.683 1.68425 0.00471489 1.52312 0.00344159
811.429 1.68404 0.00482046 1.52297 0.00351883
812.174 1.68388 0.0048441 1.52285 0.00353619
812.919 1.68374 0.00479635 1.52275 0.00350138
813.665 1.68364 0.00467995 1.52268 0.00341639
814.41 1.68359 0.00446769 1.52264 0.00326132
815.155 1.68352 0.00432959 1.52259 0.00316044
815.901 1.68339 0.00436043 1.5225 0.00318305
816.646 1.6832 0.00441064 1.52236 0.00321983
817.391 1.68278 0.00454222 1.52205 0.00331618
818.137 1.68235 0.00465526 1.52174 0.003399
818.882 1.68179 0.00458228 1.52132 0.00334593
819.627 1.68122 0.00451086 1.52091 0.00329398
820.373 1.68097 0.00461024 1.52073 0.00336675
821.118 1.68072 0.00471428 1.52055 0.00344292
821.863 1.68077 0.00467321 1.52059 0.00341289
822.609 1.68088 0.00460731 1.52066 0.00336469
823.354 1.68098 0.004435 1.52074 0.0032387
824.099 1.68109 0.0042252 1.52082 0.0030853
824.845 1.68116 0.00412524 1.52087 0.00301221
825.59 1.68121 0.00408912 1.5209 0.00298581
826.335 1.68122 0.0041142 1.52092 0.00300415
827.081 1.68121 0.00419493 1.5209 0.00306318
827.826 1.68098 0.00426627 1.52074 0.00311542
828.571 1.68047 0.00432315 1.52037 0.00315723
829.317 1.67999 0.00432699 1.52001 0.00316026
830.062 1.67955 0.00421555 1.51969 0.00307897
830.807 1.67914 0.0040904 1.51939 0.00298764
831.553 1.67884 0.0039036 1.51917 0.00285118
832.298 1.67857 0.00376223 1.51898 0.00274792
833.043 1.67862 0.00404807 1.51902 0.00295693
833.789 1.67867 0.00433474 1.51905 0.00316654
834.534 1.67861 0.00420194 1.51901 0.00306947
835.279 1.67854 0.00406301 1.51896 0.00296792
836.025 1.67861 0.00407026 1.51901 0.0029732
836.77 1.6787 0.00409779 1.51908 0.00299331
837.515 1.67852 0.00430606 1.51894 0.00314569
838.261 1.67825 0.00456424 1.51875 0.00333461
839.006 1.6779 0.00461104 1.51849 0.00336899
839.751 1.67751 0.00455493 1.51821 0.00332815
840.497 1.67714 0.00456393 1.51794 0.0033349
841.242 1.67679 0.0046217 1.51768 0.00337732
841.987 1.67662 0.00487682 1.51756 0.00356401
842.733 1.67667 0.0053649 1.51759 0.00392099
843.478 1.67658 0.00536447 1.51753 0.00392073
844.223 1.67625 0.00449813 1.51729 0.00328722
844.969 1.67597 0.00391082 1.51708 0.00285775
845.714 1.67588 0.00409155 1.51701 0.00298999
846.459 1.67576 0.00425394 1.51693 0.00310884
847.205 1.67552 0.00432043 1.51675 0.00315759
847.95 1.6753 0.00440579 1.51659 0.00322013
848.695 1.67532 0.00483244 1.51661 0.00353225
849.441 1.67534 0.00525989 1.51663 0.00384495
850.186 1.67492 0.00509584 1.51631 0.00372516
850.931 1.67447 0.00490802 1.51599 0.00358797
851.677 1.6742 0.00416288 1.51579 0.00304293
852.422 1.67395 0.00333451 1.51561 0.00243694
853.167 1.67396 0.00357573 1.51562 0.00261344
853.913 1.67405 0.00415958 1.51568 0.0030406
854.658 1.67397 0.0044271 1.51562 0.00323639
855.403 1.6738 0.00452981 1.5155 0.00331162
856.149 1.67358 0.00446048 1.51534 0.003261
856.894 1.67333 0.0042605 1.51515 0.00311478
857.639 1.67321 0.00429093 1.51506 0.00313711
858.385 1.67323 0.00458198 1.51508 0.00335009
859.13 1.67318 0.00455933 1.51504 0.00333355
859.875 1.673 0.00401096 1.51492 0.00293235
860.621 1.67283 0.00372046 1.51479 0.00271984
861.366 1.67269 0.00408555 1.51469 0.00298707
862.112 1.6725 0.00436095 1.51455 0.00318871
862.857 1.67216 0.0042519 1.5143 0.00310905
863.602 1.67184 0.00416196 1.51407 0.00304336
864.347 1.67182 0.00424338 1.51405 0.00310297
865.093 1.67179 0.00432469 1.51403 0.0031625
865.838 1.67176 0.0039767 1.51401 0.00290784
866.583 1.67173 0.00362941 1.51399 0.00265367
867.329 1.67183 0.00377507 1.51406 0.00276026
868.074 1.67194 0.00397122 1.51414 0.00290379
868.82 1.67177 0.0040119 1.51402 0.00293363
869.565 1.67155 0.0040179 1.51385 0.00293812
870.31 1.67137 0.0040515 1.51372 0.00296279
871.056 1.6712 0.00409497 1.5136 0.00299469
871.801 1.67099 0.00404428 1.51344 0.00295767
872.546 1.67074 0.00394217 1.51326 0.00288304
873.292 1.67051 0.00384496 1.51309 0.00281197
874.037 1.6703 0.00375176 1.51294 0.00274383
874.782 1.67021 0.00370125 1.51288 0.00270689
875.528 1.67028 0.00369842 1.51293 0.00270481
876.273 1.67028 0.00375327 1.51293 0.00274497
877.018 1.67019 0.00390095 1.51286 0.00285312
877.764 1.6701 0.00396292 1.5128 0.00289853
878.509 1.67001 0.00382438 1.51273 0.00279715
879.254 1.66992 0.00370614 1.51267 0.00271064
880 1.66981 0.00366047 1.51259 0.00267725
880.745 1.66973 0.00359845 1.51253 0.00263188
881.49 1.66985 0.00342577 1.51261 0.00250544
882.236 1.66993 0.00327106 1.51267 0.00239215
882.981 1.6694 0.00347923 1.51229 0.00254474
883.726 1.66888 0.00368095 1.51191 0.00269262
884.472 1.66854 0.00361914 1.51166 0.00264749
885.217 1.66821 0.00355011 1.51141 0.00259706
885.962 1.6681 0.00338612 1.51133 0.00247703
886.708 1.66802 0.00321101 1.51127 0.00234884
887.453 1.668 0.00312586 1.51126 0.00228649
888.198 1.66801 0.00306162 1.51127 0.00223946
888.944 1.6681 0.00303062 1.51134 0.00221674
889.689 1.66824 0.00301159 1.51143 0.00220277
890.434 1.66818 0.00309747 1.51139 0.00226568
891.18 1.66802 0.00323724 1.51127 0.00236809
891.925 1.66778 0.00324584 1.5111 0.00237447
892.67 1.6675 0.00316147 1.5109 0.00231278
893.416 1.66721 0.00317242 1.51068 0.00232089
894.161 1.66691 0.00327384 1.51046 0.00239528
894.906 1.66661 0.0033444 1.51024 0.00244706
895.652 1.66631 0.00337601 1.51002 0.00247031
896.397 1.66608 0.00348825 1.50986 0.00255261
897.142 1.66598 0.00374323 1.50978 0.00273941
897.888 1.66595 0.00383025 1.50977 0.00280318
898.633 1.66612 0.003507 1.50989 0.00256636
899.378 1.66625 0.00333774 1.50998 0.00244234
900.124 1.66628 0.00372444 1.51 0.00272558
900.869 1.66629 0.00398024 1.51001 0.00291295
901.614 1.66626 0.00349854 1.50999 0.00256014
902.36 1.66621 0.00305268 1.50996 0.00223359
903.105 1.66607 0.00298549 1.50985 0.00218443
903.85 1.66592 0.00291985 1.50974 0.0021364
904.596 1.6656 0.00291076 1.50951 0.00212984
905.341 1.66528 0.00290171 1.50927 0.0021233
906.086 1.66512 0.00285784 1.50915 0.00209123
906.832 1.66496 0.00281261 1.50904 0.00205814
907.577 1.66463 0.00289872 1.5088 0.00212132
908.322 1.66428 0.00299912 1.50854 0.00219498
909.068 1.66421 0.00298568 1.50849 0.00218516
909.813 1.6642 0.00294846 1.50848 0.0021579
910.558 1.66419 0.00280939 1.50848 0.00205603
911.304 1.66419 0.00263893 1.50847 0.00193115
912.049 1.66419 0.00281609 1.50847 0.00206095
912.794 1.66419 0.0031398 1.50848 0.00229813
913.54 1.66416 0.00326533 1.50845 0.00239011
914.285 1.66411 0.00328149 1.50842 0.00240197
915.03 1.66402 0.00318501 1.50835 0.00233132
915.776 1.6639 0.00301033 1.50826 0.00220338
916.521 1.66369 0.00293484 1.50811 0.00214814
917.266 1.66341 0.00294603 1.5079 0.00215642
918.012 1.66311 0.0030208 1.50769 0.00221131
918.757 1.66279 0.00316379 1.50745 0.00231618
919.502 1.66255 0.00330551 1.50728 0.00242012
920.248 1.66241 0.00344775 1.50717 0.00252441
920.993 1.66221 0.00347344 1.50703 0.00254331
921.738 1.6619 0.00330415 1.5068 0.00241935
922.484 1.66172 0.00331028 1.50667 0.00242391
923.229 1.66177 0.00368748 1.50671 0.00270035
923.974 1.66184 0.00383958 1.50676 0.0028118
924.72 1.66196 0.00337334 1.50685 0.00247007
925.465 1.66203 0.00293171 1.50689 0.0021464
926.21 1.66191 0.00258861 1.50681 0.00189499
926.956 1.66181 0.00228279 1.50674 0.00167088
927.701 1.66176 0.0021431 1.5067 0.00156853
928.446 1.66168 0.00208534 1.50664 0.00152622
929.192 1.6614 0.00257635 1.50644 0.00188616
929.937 1.66114 0.00302083 1.50624 0.00221201
930.682 1.66099 0.00304894 1.50614 0.00223267
931.428 1.66085 0.00306185 1.50603 0.00224218
932.173 1.66074 0.00273593 1.50595 0.00200332
932.918 1.66063 0.00241305 1.50587 0.00176668
933.664 1.66039 0.00267007 1.5057 0.00195514
934.409 1.66016 0.00292318 1.50553 0.00214075
935.154 1.6598 0.00273527 1.50527 0.0020031
935.9 1.65945 0.00253442 1.50501 0.00185596
936.645 1.65942 0.00261045 1.50499 0.00191172
937.39 1.65942 0.00270913 1.50498 0.00198407
938.136 1.65972 0.00273431 1.5052 0.00200245
938.881 1.66006 0.00275033 1.50546 0.00201411
939.626 1.66023 0.00297788 1.50558 0.00218088
940.372 1.66037 0.00324433 1.50569 0.00237616
941.117 1.65995 0.00311686 1.50538 0.00228286
941.862 1.65941 0.00290865 1.50498 0.00213038
942.608 1.65919 0.002748 1.50482 0.00201267
943.353 1.65906 0.00260025 1.50472 0.00190438
944.098 1.65884 0.0031541 1.50456 0.00231052
944.844 1.65859 0.00392164 1.50438 0.00287336
945.589 1.65872 0.00343129 1.50447 0.0025138
946.334 1.65897 0.00246304 1.50466 0.00180383
947.08 1.65883 0.00238632 1.50455 0.00174762
947.825 1.65852 0.00268629 1.50433 0.00196764
948.57 1.65834 0.00288104 1.50419 0.00211049
949.316 1.6582 0.00302649 1.5041 0.00221718
950.061 1.65817 0.00330471 1.50407 0.0024212
950.806 1.65817 0.00365407 1.50408 0.00267738
951.552 1.65807 0.00339035 1.504 0.00248405
952.297 1.65789 0.00277629 1.50387 0.00203384
953.042 1.65769 0.00304465 1.50372 0.00223068
953.788 1.65748 0.00385981 1.50357 0.00282852
954.533 1.65757 0.00335488 1.50364 0.00245822
955.278 1.65784 0.00193264 1.50383 0.00141524
956.024 1.65755 0.00176746 1.50362 0.00129417
956.769 1.6569 0.00250671 1.50314 0.00183643
957.514 1.65664 0.00266292 1.50296 0.00195106
958.26 1.65671 0.00238375 1.503 0.00174631
959.005 1.6568 0.00215624 1.50307 0.00157945
959.75 1.65692 0.00197059 1.50316 0.00144327
960.496 1.65685 0.00246 1.50311 0.00180222
961.241 1.6566 0.00351622 1.50292 0.00257692
961.986 1.6566 0.00395745 1.50293 0.00290052
962.732 1.65687 0.00386187 1.50312 0.00283034
963.477 1.65695 0.00376363 1.50318 0.00275826
964.222 1.65686 0.00366467 1.50312 0.00268573
964.968 1.65688 0.00331469 1.50313 0.00242905
965.713 1.65699 0.00272618 1.50321 0.00199743
966.458 1.65684 0.00260319 1.5031 0.00190728
967.204 1.65645 0.00291866 1.50282 0.00213875
967.949 1.65598 0.0032229 1.50247 0.00236204
968.694 1.65542 0.00351333 1.50206 0.00257526
969.44 1.65524 0.00347375 1.50193 0.00254629
970.185 1.65542 0.00312385 1.50206 0.00228958
970.93 1.65517 0.00297252 1.50188 0.00217865
971.676 1.65453 0.00301044 1.50141 0.00220666
972.421 1.65417 0.00288148 1.50114 0.00211216
973.166 1.65405 0.00260051 1.50106 0.00190606
973.912 1.65406 0.00248972 1.50106 0.00182478
974.657 1.65417 0.00253228 1.50115 0.00185598
975.402 1.65427 0.00255004 1.50122 0.00186899
976.148 1.65436 0.00254572 1.50129 0.00186581
976.893 1.65436 0.00254084 1.50128 0.00186223
977.638 1.65428 0.00253551 1.50122 0.00185835
978.384 1.65424 0.00247503 1.5012 0.001814
979.129 1.65424 0.00237019 1.5012 0.00173709
979.874 1.65431 0.00238193 1.50125 0.00174569
980.62 1.65442 0.00248276 1.50133 0.00181964
981.365 1.65405 0.00260483 1.50106 0.00190929
982.11 1.65335 0.00273536 1.50054 0.00200524
982.856 1.65296 0.00288427 1.50026 0.00211462
983.601 1.65277 0.00304682 1.50012 0.00223395
984.346 1.65245 0.0029964 1.49989 0.00219705
985.092 1.65206 0.00282282 1.4996 0.00206979
985.837 1.65193 0.002524 1.4995 0.00185054
986.583 1.65194 0.00215507 1.49951 0.00157979
987.328 1.65194 0.00217705 1.49951 0.00159593
988.073 1.65193 0.00238957 1.4995 0.0017519
988.818 1.65206 0.00267299 1.4996 0.00195986
989.564 1.65225 0.00299089 1.49974 0.0021931
990.309 1.65238 0.00325022 1.49984 0.00238337
991.055 1.6525 0.00348856 1.49992 0.00255824
991.8 1.65248 0.00325886 1.49991 0.00238969
992.545 1.65242 0.00288341 1.49986 0.0021142
993.291 1.65244 0.00286651 1.49988 0.0021018
994.036 1.65249 0.00294212 1.49992 0.00215727
994.781 1.65251 0.00289759 1.49993 0.0021246
995.527 1.65252 0.00282858 1.49994 0.00207396
996.272 1.65242 0.00268141 1.49986 0.001966
997.017 1.6523 0.00252389 1.49978 0.00185044
997.763 1.65199 0.00236049 1.49955 0.00173061
998.508 1.65167 0.00220017 1.49931 0.00161303
999.253 1.65186 0.00305278 1.49945 0.0022387
999.999 1.65204 0.00396929 1.49959 0.00291125
