255.408 0.972525 1.46607 1.29609 0.761152
256.154 1.00467 1.50075 1.32269 0.762182
256.899 1.03684 1.53461 1.34845 0.762478
257.644 1.01428 1.5085 1.32808 0.760584
258.39 0.983357 1.47236 1.30006 0.757529
259.135 0.999962 1.52827 1.32857 0.773476
259.88 1.03564 1.61479 1.37702 0.792452
260.626 1.05212 1.62947 1.38834 0.790829
261.371 1.05544 1.59872 1.37622 0.777494
262.116 1.06635 1.58441 1.37379 0.767311
262.862 1.0852 1.58829 1.38161 0.760992
263.607 1.09815 1.59053 1.38651 0.75644
264.353 1.09998 1.58972 1.38604 0.755097
265.098 1.10428 1.59535 1.38898 0.755216
265.843 1.11791 1.62479 1.40456 0.760492
266.589 1.13021 1.64855 1.41735 0.764023
267.334 1.12433 1.61003 1.39953 0.752027
268.079 1.11904 1.57107 1.38199 0.73928
268.825 1.12498 1.64919 1.41313 0.765424
269.57 1.13445 1.73316 1.44837 0.790854
270.315 1.15501 1.70398 1.44311 0.772567
271.061 1.1788 1.65007 1.43006 0.744551
271.806 1.19299 1.63195 1.42754 0.732702
272.551 1.20237 1.63014 1.42938 0.728428
273.297 1.21699 1.63572 1.43573 0.72488
274.042 1.23586 1.6472 1.4456 0.721881
274.787 1.24311 1.65672 1.45071 0.722379
275.533 1.23426 1.66376 1.44942 0.727795
276.278 1.23316 1.65957 1.44675 0.72659
277.023 1.2518 1.62741 1.441 0.708763
277.769 1.2704 1.60713 1.43966 0.695147
278.514 1.28722 1.65037 1.45957 0.704001
279.259 1.30449 1.69161 1.47883 0.71162
280.005 1.30944 1.66242 1.46964 0.700175
280.75 1.31477 1.6332 1.46078 0.688499
281.495 1.32013 1.60105 1.45116 0.675719
282.241 1.3259 1.5685 1.4418 0.662562
282.986 1.33316 1.57115 1.4445 0.661033
283.731 1.34089 1.58523 1.45104 0.663278
284.477 1.34796 1.56538 1.44643 0.654142
285.222 1.35516 1.52482 1.43551 0.637776
285.967 1.36708 1.51193 1.43507 0.62953
286.713 1.38341 1.52799 1.44506 0.630021
287.458 1.3951 1.5356 1.45079 0.629011
288.203 1.39824 1.52808 1.44898 0.625443
288.949 1.40362 1.5178 1.44713 0.620257
289.694 1.417 1.49788 1.44523 0.609398
290.439 1.43067 1.47984 1.4441 0.599162
291.185 1.44603 1.48031 1.44896 0.594867
291.93 1.46133 1.48076 1.45377 0.590632
292.675 1.46554 1.42854 1.44003 0.571505
293.421 1.47046 1.3736 1.4263 0.550944
294.166 1.4706 1.355 1.42093 0.544317
294.911 1.46953 1.34441 1.41731 0.540827
295.657 1.47431 1.31888 1.41193 0.530444
296.402 1.48215 1.28654 1.40609 0.516795
297.147 1.49461 1.25883 1.40331 0.503665
297.893 1.51073 1.23505 1.40299 0.491129
298.638 1.51472 1.21452 1.39918 0.482728
299.383 1.50149 1.19815 1.39012 0.479853
300.129 1.48942 1.17538 1.37999 0.47424
300.874 1.4807 1.13653 1.36749 0.461665
301.619 1.47305 1.09964 1.35603 0.449351
302.365 1.46889 1.07637 1.34904 0.44132
303.11 1.46487 1.0527 1.34212 0.433027
303.855 1.4587 1.01241 1.33099 0.418578
304.601 1.45312 0.971744 1.32029 0.403641
305.346 1.42635 0.939743 1.303 0.396088
306.091 1.39646 0.908211 1.28445 0.388983
306.837 1.3699 0.86207 1.26448 0.37475
307.582 1.34501 0.810013 1.24428 0.357106
308.327 1.31707 0.788411 1.22822 0.352633
309.073 1.28658 0.786856 1.2144 0.357246
309.818 1.26057 0.76395 1.19866 0.351527
310.563 1.24024 0.716783 1.18137 0.333561
311.309 1.21828 0.680467 1.1653 0.320357
312.054 1.19211 0.666428 1.15079 0.317861
312.799 1.16135 0.650328 1.13363 0.314952
313.545 1.11333 0.626732 1.10676 0.310822
314.29 1.06533 0.601834 1.0792 0.305603
315.035 1.02848 0.569257 1.05575 0.294369
315.781 0.991329 0.535767 1.03187 0.282126
316.526 0.951552 0.506514 1.00697 0.27187
317.271 0.91117 0.476773 0.981414 0.260854
318.017 0.861978 0.447697 0.950761 0.250631
318.762 0.809899 0.418007 0.917881 0.239648
319.507 0.756135 0.396468 0.884272 0.232833
320.253 0.700911 0.378887 0.849429 0.227957
320.998 0.648526 0.361968 0.815566 0.222697
321.743 0.59869 0.345638 0.782602 0.217079
322.489 0.549057 0.330279 0.749129 0.211601
323.234 0.500223 0.316733 0.715601 0.206812
323.979 0.450616 0.304112 0.680858 0.20231
324.725 0.400341 0.294925 0.645099 0.199888
325.47 0.349042 0.285965 0.607726 0.197411
326.215 0.295966 0.280204 0.56831 0.197151
326.961 0.24188 0.274277 0.527029 0.196641
327.706 0.187738 0.274739 0.485018 0.200984
328.451 0.132557 0.275308 0.440965 0.205566
329.197 0.0815547 0.279431 0.399404 0.212893
329.942 0.030524 0.28431 0.35676 0.221123
330.687 -0.0202112 0.290265 0.313319 0.230582
331.433 -0.0713822 0.296786 0.268369 0.240964
332.178 -0.121021 0.307493 0.22405 0.255533
332.923 -0.169736 0.3214 0.179848 0.273714
333.669 -0.21785 0.335234 0.135193 0.292569
334.414 -0.265019 0.348851 0.0904382 0.311919
335.159 -0.310557 0.362818 0.0464159 0.332243
335.905 -0.351547 0.376979 0.00630461 0.352938
336.65 -0.391949 0.390927 -0.033927 0.374092
337.395 -0.427622 0.402361 -0.0701034 0.392444
338.141 -0.463776 0.414104 -0.107329 0.411823
338.886 -0.501214 0.426461 -0.146488 0.432787
339.631 -0.539137 0.439161 -0.186777 0.454957
340.377 -0.580306 0.452369 -0.23147 0.479204
341.122 -0.622338 0.466009 -0.277925 0.505066
341.867 -0.661404 0.478052 -0.321961 0.529161
342.613 -0.699955 0.48986 -0.366178 0.553639
343.358 -0.731629 0.497644 -0.40341 0.571849
344.103 -0.759471 0.503124 -0.436842 0.58644
344.849 -0.792879 0.508369 -0.47817 0.602644
345.594 -0.83197 0.513425 -0.527951 0.620685
346.339 -0.872571 0.520562 -0.580207 0.642566
347.085 -0.915369 0.531266 -0.635534 0.67086
347.83 -0.959005 0.542489 -0.693093 0.701129
348.575 -1.00391 0.55448 -0.753549 0.734
349.321 -1.04887 0.565319 -0.815927 0.766252
350.066 -1.08871 0.560946 -0.877489 0.773837
350.811 -1.12921 0.556545 -0.941506 0.781424
351.557 -1.16771 0.568418 -0.997693 0.814656
352.302 -1.20654 0.581414 -1.0552 0.850827
353.047 -1.25498 0.587536 -1.1333 0.880066
353.793 -1.3062 0.59265 -1.2192 0.90919
354.538 -1.36492 0.605519 -1.31882 0.956081
355.283 -1.42745 0.622824 -1.4283 1.01464
356.029 -1.48061 0.637319 -1.52543 1.06586
356.774 -1.52616 0.649304 -1.61198 1.1103
357.519 -1.56978 0.658252 -1.69918 1.14864
358.265 -1.61068 0.662584 -1.7858 1.17628
359.01 -1.65256 0.669018 -1.87723 1.20954
359.755 -1.69635 0.680111 -1.97526 1.25583
360.501 -1.7426 0.694483 -2.08281 1.31363
361.246 -1.80207 0.725129 -2.22402 1.42641
361.991 -1.86127 0.75646 -2.37245 1.55225
362.737 -1.92219 0.788169 -2.53453 1.69405
363.482 -1.98304 0.820326 -2.70494 1.85367
364.227 -2.03258 0.843474 -2.85217 1.98662
364.973 -2.08072 0.865537 -3.00159 2.12651
365.718 -2.12679 0.876594 -3.16389 2.23181
366.463 -2.17232 0.883856 -3.33826 2.32883
367.209 -2.21407 0.902581 -3.48606 2.48003
367.954 -2.25349 0.928766 -3.61216 2.67541
368.699 -2.30238 0.955113 -3.78336 2.90996
369.445 -2.36197 0.981671 -4.01144 3.20003
370.19 -2.42319 1.00864 -4.25238 3.53596
370.935 -2.48706 1.03617 -4.50973 3.93194
371.681 -2.54831 1.06283 -4.75397 4.36664
372.426 -2.59676 1.08499 -4.93265 4.7587
373.171 -2.64474 1.10642 -5.10207 5.18369
373.917 -2.67969 1.11486 -5.26123 5.46962
374.662 -2.71493 1.12331 -5.42139 5.78005
375.407 -2.75926 1.13665 -5.60251 6.22769
376.153 -2.80467 1.15042 -5.77541 6.73363
376.898 -2.86779 1.1808 -5.86452 7.60769
377.643 -2.93619 1.21598 -5.81595 8.68308
378.389 -3.00815 1.25371 -5.56325 9.92868
379.134 -3.08255 1.29326 -5.02082 11.2922
379.879 -3.1462 1.32881 -4.25467 12.4445
380.625 -3.19997 1.36059 -3.36488 13.328
381.37 -3.25273 1.38845 -2.38755 14.0983
382.116 -3.30361 1.40975 -1.40962 14.769
382.861 -3.35063 1.42717 -0.435844 15.2957
383.606 -3.38526 1.43266 0.213486 15.7107
384.352 -3.42342 1.44155 1.03986 16.0588
385.097 -3.48526 1.47503 2.71783 16.0481
385.842 -3.5479 1.50921 4.32973 15.699
386.587 -3.6321 1.54766 6.23805 14.9847
387.333 -3.71805 1.58722 7.82196 13.8839
388.078 -3.79734 1.63374 8.82845 12.5363
388.824 -3.87639 1.68258 9.45193 11.1887
389.569 -3.95326 1.72217 9.86379 10.0597
390.314 -4.02999 1.75854 10.114 9.04848
391.06 -4.09149 1.78258 10.2486 8.3414
391.805 -4.14193 1.79748 10.3408 7.82835
392.55 -4.19336 1.81946 10.3338 7.30587
393.296 -4.24585 1.85039 10.2261 6.78692
394.041 -4.30155 1.88467 10.0846 6.28677
394.786 -4.36373 1.9259 9.89668 5.78175
395.532 -4.43242 1.96731 9.71249 5.29601
396.277 -4.52941 2.00652 9.55889 4.71145
397.022 -4.62768 2.04769 9.37142 4.19983
397.768 -4.71452 2.1095 9.082 3.81066
398.513 -4.80253 2.17313 8.80675 3.47377
399.258 -4.88228 2.21387 8.63485 3.20799
400.004 -4.96226 2.25303 8.47376 2.97052
400.749 -5.02665 2.29026 8.33018 2.80396
401.494 -5.08681 2.32736 8.19526 2.66393
402.24 -5.14139 2.36369 8.07114 2.54969
402.985 -5.19291 2.39979 7.95483 2.45134
403.73 -5.2623 2.43449 7.83968 2.31774
404.476 -5.35008 2.4679 7.72315 2.15529
405.221 -5.44083 2.51183 7.58787 2.00767
405.966 -5.5356 2.57395 7.42491 1.87665
406.712 -5.63633 2.64288 7.26004 1.75301
407.457 -5.75371 2.73086 7.07295 1.62685
408.202 -5.87062 2.81839 6.90399 1.51603
408.948 -5.96761 2.8747 6.79491 1.42908
409.693 -6.06614 2.93254 6.68991 1.34878
410.438 -6.15834 2.99669 6.58692 1.28441
411.184 -6.25151 3.06274 6.48816 1.22494
411.929 -6.32643 3.12247 6.40734 1.18457
412.674 -6.39804 3.1818 6.33224 1.14936
413.42 -6.47536 3.23096 6.26764 1.10828
414.165 -6.55589 3.27604 6.20817 1.06597
414.91 -6.65311 3.34151 6.13124 1.0198
415.656 -6.76416 3.42446 6.04277 0.972173
416.401 -6.88436 3.50795 5.95741 0.922535
417.146 -7.01697 3.59142 5.87459 0.869599
417.892 -7.15083 3.68905 5.78906 0.823842
418.637 -7.28343 3.81848 5.69368 0.789257
419.382 -7.4151 3.94749 5.60628 0.757326
420.128 -7.53455 4.05145 5.53867 0.728376
420.873 -7.65522 4.15844 5.47387 0.701247
421.618 -7.75805 4.25305 5.42073 0.680815
422.364 -7.86203 4.35027 5.36929 0.661345
423.109 -7.96693 4.41993 5.33026 0.638614
423.854 -8.07336 4.48733 5.29344 0.616294
424.6 -8.1705 4.5804 5.25098 0.601598
425.345 -8.26486 4.6839 5.20763 0.589637
426.09 -8.39052 4.79757 5.15979 0.569895
426.836 -8.53732 4.91981 5.10995 0.546245
427.581 -8.68226 5.05629 5.05954 0.526032
428.326 -8.82437 5.20852 5.00862 0.509132
429.072 -8.97928 5.37407 4.95675 0.491168
429.817 -9.15752 5.5614 4.9018 0.470741
430.562 -9.33055 5.756 4.84975 0.45306
431.308 -9.47616 5.95462 4.80242 0.441717
432.053 -9.61917 6.15633 4.7578 0.431195
432.798 -9.72591 6.3109 4.72603 0.424548
433.544 -9.83283 6.46981 4.69507 0.418098
434.289 -9.98486 6.60826 4.66679 0.403561
435.034 -10.1421 6.74975 4.6392 0.389115
435.78 -10.2776 6.91016 4.61114 0.379341
436.525 -10.4086 7.07898 4.58348 0.370863
437.27 -10.5445 7.25611 4.55593 0.362254
438.016 -10.6833 7.44047 4.52875 0.35375
438.761 -10.8349 7.66458 4.4978 0.345128
439.506 -10.9967 7.92661 4.46406 0.33651
440.252 -11.161 8.20349 4.4308 0.328065
440.997 -11.3284 8.49826 4.3978 0.319714
441.742 -11.4973 8.80584 4.36572 0.311486
442.488 -11.6716 9.12773 4.33438 0.303013
443.233 -11.8438 9.46356 4.30397 0.29495
443.978 -12.0105 9.81318 4.27455 0.287505
444.724 -12.1741 10.1774 4.246 0.280375
445.469 -12.2806 10.4223 4.22829 0.276586
446.214 -12.3857 10.6741 4.2109 0.272887
446.96 -12.5506 10.9579 4.19189 0.265238
447.705 -12.7253 11.2563 4.17294 0.257244
448.45 -12.8955 11.5918 4.1528 0.249876
449.196 -13.0627 11.9501 4.13253 0.242892
449.941 -13.1858 12.3358 4.11198 0.238444
450.686 -13.2745 12.7435 4.09142 0.235625
451.432 -13.3733 13.1866 4.07028 0.231902
452.177 -13.484 13.6721 4.04846 0.227206
452.922 -13.59 14.1912 4.02654 0.222328
453.668 -13.6953 14.762 4.00395 0.216954
454.413 -13.7767 15.3392 3.98255 0.212209
455.158 -13.8089 15.8645 3.96416 0.209324
455.904 -13.8234 16.4078 3.94607 0.206557
456.649 -13.7927 16.9958 3.9272 0.2045
457.394 -13.7391 17.5992 3.90875 0.202483
458.14 -13.7912 18.1537 3.89382 0.197387
458.885 -13.839 18.7227 3.87939 0.192208
459.63 -13.9207 19.2526 3.86719 0.186513
460.376 -14.0053 19.7862 3.85566 0.180798
461.121 -13.9252 20.4054 3.84121 0.178121
461.866 -13.7378 21.07 3.82547 0.176962
462.612 -13.579 21.6599 3.81241 0.175482
463.357 -13.454 22.183 3.80164 0.173731
464.102 -13.2951 22.8552 3.7883 0.170687
464.848 -13.0704 23.7658 3.77104 0.165732
465.593 -12.7891 24.6326 3.75514 0.161718
466.338 -12.4618 25.319 3.74234 0.159978
467.084 -12.1065 26.007 3.72988 0.158138
467.829 -11.7842 26.7017 3.71838 0.155396
468.574 -11.4244 27.3999 3.70707 0.152722
469.32 -10.8156 28.2767 3.69171 0.150117
470.065 -10.135 29.1392 3.67664 0.147588
470.81 -9.39081 29.8413 3.66301 0.146689
471.556 -8.59611 30.4856 3.64984 0.146054
472.301 -7.85199 31.1265 3.63786 0.144407
473.046 -7.09843 31.7512 3.62645 0.142411
473.792 -6.38522 32.3262 3.61631 0.140289
474.537 -5.69398 32.8635 3.60706 0.138093
475.282 -4.91189 33.378 3.59732 0.136074
476.028 -4.02647 33.8578 3.58698 0.134252
476.773 -3.0429 34.2787 3.57615 0.132716
477.518 -1.89676 34.6057 3.56412 0.131726
478.264 -0.750356 34.8828 3.55254 0.13046
479.009 0.32582 35.2095 3.54215 0.127967
479.754 1.42009 35.4712 3.53201 0.125537
480.5 2.3769 35.6949 3.52361 0.123133
481.245 3.35081 35.8673 3.51533 0.120782
481.99 4.48906 35.7391 3.50512 0.120377
482.736 5.61688 35.5194 3.4949 0.120135
483.481 6.82717 35.3026 3.48411 0.118853
484.226 8.03821 35.0243 3.47331 0.117318
484.972 9.01669 34.7437 3.46465 0.116153
485.717 9.86425 34.4576 3.45715 0.115189
486.462 10.7654 34.1771 3.4494 0.113475
487.208 11.7172 33.8886 3.44143 0.111086
487.953 12.6305 33.4616 3.4331 0.109435
488.698 13.4764 32.8529 3.42414 0.108911
489.444 14.249 32.2723 3.41587 0.108164
490.189 14.9258 31.8433 3.40932 0.106742
490.934 15.5861 31.3582 3.40252 0.105426
491.68 16.2973 30.6013 3.39335 0.104759
492.425 16.946 29.8303 3.38432 0.104099
493.17 17.5841 29.1492 3.37609 0.102566
493.916 18.1718 28.4555 3.368 0.101048
494.661 18.6681 27.7944 3.36058 0.0997963
495.406 19.1147 27.1363 3.35336 0.0986114
496.152 19.6369 26.3957 3.3451 0.0965182
496.897 20.1498 25.6154 3.33651 0.0941074
497.642 20.46 24.8616 3.32864 0.0932435
498.388 20.626 24.145 3.32129 0.0934673
499.133 20.7354 23.4858 3.31449 0.093929
499.878 20.7906 22.892 3.30832 0.094687
500.624 20.9158 22.3256 3.30229 0.0944005
501.369 21.2112 21.7847 3.29646 0.0918587
502.115 21.4571 21.2185 3.29038 0.0896223
502.86 21.5704 20.5468 3.28296 0.088612
503.605 21.6581 19.9046 3.27578 0.087605
504.35 21.7814 19.5037 3.27157 0.0862308
505.096 21.8919 19.1068 3.2674 0.0848769
505.841 21.8772 18.5157 3.26049 0.0845109
506.587 21.8346 17.9273 3.25339 0.084244
507.332 21.8055 17.4359 3.24746 0.0838452
508.077 21.7738 16.9814 3.24191 0.083412
508.823 21.7647 16.503 3.23604 0.0823992
509.568 21.7601 16.0176 3.23003 0.0810796
510.313 21.7105 15.5592 3.2241 0.0802767
511.059 21.6217 15.1284 3.21826 0.0799621
511.804 21.5476 14.642 3.21162 0.078944
512.549 21.4934 14.0572 3.20361 0.0767744
513.294 21.4098 13.5586 3.19652 0.075255
514.04 21.2832 13.2719 3.19205 0.0756454
514.785 21.15 12.9823 3.18739 0.0760255
515.531 20.961 12.6009 3.18084 0.0763971
516.276 20.773 12.237 3.17439 0.0767502
517.021 20.7725 11.9686 3.17089 0.0750052
517.767 20.7725 11.7071 3.1675 0.0732181
518.512 20.7439 11.3428 3.16233 0.0707582
519.257 20.701 10.9682 3.15685 0.068217
520.003 20.6101 10.7383 3.15299 0.0677351
520.748 20.5021 10.5707 3.14983 0.0681106
521.493 20.3058 10.3798 3.14527 0.0695173
522.239 20.0486 10.1751 3.13969 0.0716687
522.984 19.8813 9.96618 3.13495 0.0723465
523.729 19.8212 9.74753 3.13128 0.0711651
524.475 19.7524 9.51673 3.1273 0.0698778
525.22 19.6658 9.25235 3.12253 0.0683259
525.965 19.5637 8.99079 3.11755 0.0669236
526.711 19.3973 8.71192 3.11133 0.0661486
527.456 19.2336 8.44801 3.10527 0.0654016
528.201 19.1243 8.27611 3.10139 0.0650619
528.947 19.0156 8.10921 3.09754 0.0647257
529.692 18.9088 7.86603 3.09246 0.0630754
530.437 18.8003 7.62237 3.08729 0.0613115
531.183 18.6061 7.45524 3.08183 0.0620716
531.928 18.3919 7.3149 3.07631 0.0635706
532.673 18.2619 7.16907 3.07209 0.063575
533.419 18.1788 7.02114 3.06862 0.0627228
534.164 18.0803 6.83789 3.06426 0.0613975
534.909 17.9653 6.62177 3.05901 0.0596098
535.655 17.8582 6.45273 3.05462 0.0584986
536.4 17.7667 6.35704 3.05169 0.0585284
537.145 17.6677 6.25769 3.0485 0.0585753
537.891 17.541 6.14122 3.04442 0.0586836
538.636 17.4189 6.02853 3.04043 0.0587523
539.381 17.3218 5.92102 3.03701 0.0584802
540.127 17.2259 5.81638 3.03363 0.0582106
540.872 17.1178 5.73006 3.03023 0.05851
541.617 17.011 5.64662 3.02686 0.0588269
542.363 16.9708 5.53034 3.02443 0.0572624
543.108 16.9433 5.40842 3.02221 0.0553149
543.853 16.836 5.27878 3.01799 0.0544259
544.599 16.6956 5.14947 3.01292 0.0540145
545.344 16.5828 5.05362 3.00899 0.0539128
546.089 16.4917 4.98309 3.00597 0.0540533
546.835 16.3972 4.90122 3.00264 0.0539376
547.58 16.2975 4.80399 2.99888 0.0534774
548.325 16.1837 4.71027 2.99477 0.0532939
549.071 16.0344 4.6212 2.98972 0.0537757
549.816 15.897 4.53311 2.98492 0.0540523
550.561 15.8055 4.43624 2.98117 0.0532845
551.307 15.7156 4.34212 2.97748 0.0525189
552.052 15.6533 4.24387 2.97446 0.0511327
552.797 15.5909 4.14802 2.97147 0.0497688
553.543 15.5008 4.0678 2.96791 0.0492669
554.288 15.4084 3.99161 2.9643 0.0488829
555.033 15.3087 3.94574 2.96093 0.0494973
555.779 15.2081 3.91011 2.95765 0.0504283
556.524 15.1262 3.83914 2.95432 0.0499524
557.269 15.0554 3.74782 2.95097 0.0486214
558.015 14.9751 3.68981 2.94784 0.0484542
558.76 14.8855 3.66601 2.94494 0.0495138
559.505 14.8123 3.62626 2.94228 0.0497863
560.251 14.7674 3.55689 2.94002 0.0486083
560.996 14.7198 3.49033 2.93772 0.0475372
561.741 14.6625 3.43058 2.93519 0.0468212
562.487 14.6053 3.37413 2.9327 0.0461893
563.232 14.5438 3.34279 2.93045 0.0464565
563.977 14.4831 3.31197 2.92822 0.046719
564.723 14.3891 3.27662 2.92474 0.047357
565.468 14.2949 3.24167 2.92121 0.0480014
566.213 14.2322 3.18427 2.91839 0.0473225
566.959 14.177 3.12272 2.91575 0.0463444
567.704 14.1235 3.0726 2.91334 0.0457236
568.449 14.0711 3.02831 2.91105 0.0452759
569.195 14.0092 2.97575 2.90826 0.0446555
569.94 13.9396 2.91682 2.90506 0.0438942
570.685 13.8665 2.85106 2.90159 0.0428989
571.431 13.7878 2.77516 2.89772 0.0415646
572.176 13.7121 2.72503 2.89434 0.0411292
572.921 13.643 2.73827 2.89218 0.0430394
573.667 13.5735 2.74177 2.88983 0.0445902
574.412 13.4971 2.68843 2.88627 0.0440086
575.157 13.422 2.63665 2.88275 0.0434374
575.903 13.3449 2.57605 2.87898 0.0425086
576.648 13.269 2.51737 2.87525 0.0415999
577.393 13.2235 2.48203 2.87311 0.0411444
578.139 13.1829 2.45064 2.87123 0.0407611
578.884 13.1408 2.42211 2.86932 0.0405095
579.629 13.0983 2.39492 2.86741 0.0403069
580.375 13.0394 2.37058 2.86483 0.0404736
581.12 12.9701 2.34827 2.8618 0.0408805
581.865 12.9135 2.33202 2.8594 0.041344
582.611 12.8708 2.32252 2.85768 0.0418776
583.356 12.8268 2.31081 2.85587 0.042332
584.101 12.7799 2.29462 2.85383 0.0426324
584.847 12.7331 2.27039 2.85166 0.0425691
585.592 12.6842 2.21265 2.84885 0.0410217
586.337 12.6368 2.15778 2.84615 0.0395473
587.083 12.6091 2.12634 2.84469 0.0388072
587.828 12.5815 2.09536 2.84324 0.0380744
588.573 12.5385 2.06675 2.84111 0.0376741
589.319 12.4946 2.03885 2.83893 0.0373056
590.064 12.4434 2.01359 2.83644 0.0371589
590.809 12.3908 1.9894 2.83389 0.0370709
591.555 12.3361 1.97162 2.83131 0.0373086
592.3 12.2807 1.9572 2.82872 0.0377109
593.045 12.2303 1.94502 2.82639 0.0381393
593.791 12.1844 1.93483 2.82429 0.0385922
594.536 12.1403 1.91374 2.82209 0.0384835
595.281 12.0984 1.87568 2.81973 0.0374969
596.027 12.0501 1.84088 2.81709 0.036746
596.772 11.9828 1.81407 2.8136 0.036661
597.517 11.9223 1.78821 2.81043 0.0365058
598.263 11.9045 1.76477 2.80944 0.0358187
599.008 11.8867 1.74158 2.80846 0.0351365
599.753 11.8391 1.72111 2.80599 0.0350268
600.499 11.7915 1.7011 2.80351 0.034929
601.244 11.7394 1.68924 2.80089 0.0353127
601.989 11.6872 1.67892 2.79827 0.0357743
602.735 11.6489 1.66004 2.79624 0.0355738
603.48 11.6164 1.63796 2.79445 0.0351109
604.225 11.5833 1.6287 2.79281 0.035327
604.971 11.55 1.62861 2.79128 0.0360344
605.716 11.5154 1.61211 2.78944 0.0358795
606.461 11.4791 1.57544 2.78719 0.0346536
607.207 11.4446 1.5488 2.78518 0.033925
607.952 11.414 1.54335 2.78368 0.0342841
608.697 11.388 1.53338 2.78236 0.0343272
609.443 11.3825 1.50143 2.78184 0.032861
610.188 11.3751 1.47073 2.78124 0.0314828
610.933 11.3251 1.4688 2.77869 0.0322923
611.679 11.2758 1.46671 2.77616 0.0330839
612.424 11.2354 1.453 2.77394 0.033097
613.169 11.1965 1.43827 2.77177 0.0330255
613.915 11.1731 1.43875 2.77069 0.0335878
614.66 11.1545 1.44375 2.76994 0.0343398
615.405 11.1277 1.42428 2.76837 0.033813
616.151 11.0962 1.3911 2.76633 0.0325567
616.896 11.0575 1.37011 2.76404 0.0320895
617.641 11.0118 1.36106 2.76149 0.0324023
618.387 10.9695 1.34781 2.75907 0.0324173
619.132 10.9326 1.32729 2.75684 0.0319224
619.878 10.902 1.30989 2.75502 0.0315126
620.623 10.8917 1.30192 2.75453 0.0313704
621.368 10.8783 1.2941 2.75385 0.0312795
622.113 10.8329 1.28729 2.75127 0.0316902
622.859 10.7882 1.2805 2.74872 0.0320902
623.604 10.7448 1.26105 2.74605 0.0317026
624.349 10.7021 1.24149 2.7434 0.0312864
625.095 10.681 1.22159 2.74206 0.0305409
625.84 10.6644 1.20178 2.74099 0.0297293
626.586 10.6419 1.19128 2.73968 0.0295655
627.331 10.6168 1.18502 2.73826 0.0296943
628.076 10.5804 1.17351 2.73606 0.0296476
628.822 10.5352 1.15797 2.73324 0.0294609
629.567 10.499 1.14997 2.73107 0.0296181
630.312 10.4749 1.15208 2.72979 0.0302503
631.057 10.4552 1.15183 2.72875 0.0306726
631.803 10.4464 1.14576 2.72832 0.0305748
632.548 10.4347 1.1382 2.72768 0.0304213
633.294 10.4054 1.12192 2.72581 0.0299432
634.039 10.3764 1.10604 2.72394 0.029478
634.784 10.3471 1.09846 2.72216 0.029547
635.53 10.318 1.09098 2.72038 0.029614
636.275 10.2879 1.08221 2.71851 0.029608
637.02 10.2579 1.07337 2.71664 0.0295911
637.766 10.2381 1.05929 2.71535 0.0290909
638.511 10.2217 1.04351 2.71427 0.0284273
639.256 10.203 1.03665 2.71315 0.0283761
640.002 10.1831 1.03547 2.71201 0.0287171
640.747 10.158 1.02669 2.71043 0.0286177
641.492 10.1273 1.00964 2.70836 0.0280343
642.238 10.1036 0.998424 2.70682 0.0277434
642.983 10.093 0.99812 2.7063 0.0280131
643.728 10.0826 0.997288 2.70579 0.0282439
644.474 10.0729 0.994381 2.70529 0.0283245
645.219 10.0615 0.991238 2.70467 0.0284109
645.964 10.0244 0.984531 2.70227 0.0285842
646.71 9.98799 0.977901 2.69989 0.0287517
647.455 9.95819 0.965761 2.69788 0.0284512
648.2 9.9292 0.953445 2.69591 0.0281211
648.946 9.9152 0.936163 2.69491 0.0272488
649.691 9.90493 0.917732 2.69416 0.0262438
650.436 9.89026 0.903953 2.69315 0.0256114
651.182 9.87346 0.892623 2.69203 0.0251712
651.927 9.8435 0.888832 2.69007 0.0254168
652.672 9.80221 0.891511 2.68739 0.0262581
653.418 9.76892 0.891784 2.68522 0.0268329
654.163 9.74729 0.888667 2.68383 0.0270211
654.908 9.72757 0.884222 2.68255 0.0270893
655.654 9.71289 0.875957 2.68158 0.0268188
656.399 9.69871 0.867212 2.68063 0.0265043
657.144 9.68761 0.854442 2.67986 0.0258587
657.89 9.67653 0.841801 2.67909 0.0252181
658.635 9.63365 0.836036 2.67609 0.0254567
659.38 9.59125 0.830408 2.67312 0.0256966
660.126 9.57208 0.825546 2.67183 0.0257065
660.871 9.55696 0.820855 2.67084 0.0256775
661.616 9.54603 0.818465 2.67019 0.0257651
662.362 9.53676 0.816979 2.66966 0.025898
663.107 9.52324 0.818091 2.66885 0.0262737
663.852 9.50675 0.821003 2.66784 0.0268192
664.598 9.48937 0.814054 2.66664 0.0266438
665.343 9.47083 0.795259 2.6652 0.0255959
666.088 9.4498 0.782677 2.66365 0.0250336
666.834 9.42342 0.783046 2.66185 0.0255018
667.579 9.40142 0.782741 2.66036 0.0258671
668.324 9.39824 0.779712 2.66026 0.0258005
669.07 9.39494 0.776342 2.66014 0.0257088
669.815 9.3889 0.765292 2.65972 0.0250679
670.56 9.38284 0.754313 2.6593 0.0244299
671.306 9.35449 0.739427 2.65714 0.0237507
672.051 9.32434 0.724531 2.65483 0.0230816
672.796 9.29907 0.723962 2.65305 0.0234478
673.542 9.27536 0.727357 2.65144 0.0241013
674.287 9.2612 0.72436 2.65047 0.0241519
675.032 9.25234 0.717872 2.64988 0.0238696
675.778 9.24466 0.715807 2.64942 0.0239146
676.523 9.23813 0.718015 2.6491 0.024277
677.268 9.22764 0.717351 2.64844 0.024462
678.014 9.21053 0.711891 2.64721 0.0243489
678.759 9.18978 0.705799 2.64568 0.0242256
679.504 9.15725 0.697596 2.64319 0.024068
680.25 9.12805 0.6898 2.64096 0.023899
680.995 9.12313 0.684085 2.64066 0.0236149
681.74 9.11822 0.678401 2.64037 0.0233316
682.486 9.11331 0.678578 2.64014 0.0235115
683.231 9.10841 0.678944 2.63991 0.023706
683.976 9.0894 0.662284 2.63837 0.022704
684.722 9.0677 0.642676 2.63658 0.0214872
685.467 9.05072 0.637173 2.63531 0.0213392
686.212 9.03583 0.63755 2.63428 0.0216386
686.958 9.01356 0.639032 2.63265 0.0221077
687.703 8.98588 0.64125 2.63059 0.0226968
688.448 8.96399 0.641096 2.62897 0.0230313
689.194 8.94934 0.638012 2.62789 0.0230469
689.939 8.93803 0.635312 2.62709 0.0230555
690.684 8.93433 0.633468 2.62692 0.0230493
691.43 8.92724 0.630956 2.62646 0.0230249
692.175 8.90306 0.625067 2.62456 0.0229097
692.92 8.87945 0.619144 2.6227 0.0227819
693.666 8.86305 0.609097 2.62139 0.0222313
694.411 8.84679 0.599221 2.62008 0.0216887
695.156 8.83335 0.591623 2.61903 0.0213009
695.902 8.82032 0.584369 2.61801 0.0209342
696.647 8.8142 0.579519 2.6176 0.0206926
697.392 8.81022 0.575411 2.61737 0.0204895
698.138 8.80643 0.568453 2.61712 0.0200449
698.883 8.80273 0.559845 2.61687 0.0194599
699.628 8.78913 0.559258 2.61587 0.0196466
700.374 8.76572 0.56656 2.61412 0.0205976
701.119 8.7453 0.572703 2.6126 0.021424
701.864 8.72986 0.57713 2.61148 0.022056
702.61 8.71654 0.579229 2.61052 0.0224696
703.355 8.70999 0.573898 2.61004 0.0221805
704.1 8.70461 0.569591 2.60968 0.0219648
704.846 8.70997 0.574495 2.61033 0.0224186
705.591 8.71534 0.57945 2.61098 0.022876
706.336 8.69429 0.56585 2.60918 0.0220328
707.082 8.6725 0.55191 2.60731 0.0211602
707.827 8.64909 0.536287 2.60528 0.0201509
708.572 8.62557 0.52069 2.60324 0.0191346
709.318 8.6098 0.515781 2.60196 0.0189568
710.063 8.59739 0.515353 2.60102 0.0191318
710.808 8.59534 0.51909 2.60101 0.0195648
711.554 8.60119 0.526091 2.60172 0.0202015
712.299 8.60086 0.526492 2.60183 0.0203278
713.044 8.59243 0.518238 2.60115 0.0197837
713.79 8.57926 0.511977 2.60008 0.019457
714.535 8.55528 0.510171 2.5981 0.019623
715.28 8.53138 0.508709 2.59613 0.0198175
716.026 8.50635 0.508946 2.59406 0.0201721
716.771 8.48244 0.509105 2.59208 0.0205093
717.516 8.47728 0.509405 2.59176 0.0206717
718.262 8.47215 0.509701 2.59144 0.0208335
719.007 8.48097 0.501379 2.59227 0.0200931
719.752 8.49128 0.492011 2.59322 0.0192473
720.498 8.47931 0.482401 2.59219 0.0185953
721.243 8.46094 0.472931 2.5906 0.0180124
721.988 8.44288 0.464715 2.58904 0.017533
722.734 8.4251 0.457249 2.58751 0.0171138
723.479 8.40891 0.455439 2.58617 0.0171829
724.224 8.39421 0.458901 2.58501 0.0177111
724.97 8.38387 0.459268 2.58421 0.0179209
725.715 8.38056 0.454674 2.58399 0.0176174
726.46 8.37659 0.453538 2.58375 0.017631
727.206 8.37058 0.462891 2.58342 0.0186101
727.951 8.36402 0.471882 2.58303 0.0195632
728.696 8.3537 0.478511 2.58229 0.0203403
729.442 8.3434 0.485036 2.58154 0.0211097
730.187 8.3184 0.473805 2.57928 0.0204094
730.932 8.29359 0.462635 2.57703 0.0197048
731.678 8.27912 0.455296 2.57576 0.0192463
732.423 8.26648 0.448679 2.57465 0.0188336
733.168 8.25926 0.444309 2.57407 0.0185744
733.914 8.25411 0.440795 2.57368 0.0183736
734.659 8.25119 0.438847 2.57351 0.0182957
735.404 8.2498 0.43797 2.5735 0.018302
736.15 8.24695 0.434015 2.57332 0.0180373
736.895 8.24238 0.426506 2.57294 0.0174589
737.641 8.2333 0.419483 2.57216 0.0169643
738.386 8.21532 0.413446 2.57055 0.0166374
739.131 8.19835 0.410576 2.56907 0.0165932
739.876 8.18457 0.419671 2.56798 0.0176357
740.622 8.17179 0.428193 2.56698 0.0186194
741.367 8.17137 0.431909 2.56709 0.0190421
742.112 8.17094 0.435633 2.5672 0.0194656
742.858 8.17117 0.434802 2.56733 0.0194569
743.603 8.17145 0.433696 2.56746 0.0194216
744.349 8.16224 0.426652 2.56664 0.0189164
745.094 8.15091 0.418364 2.56562 0.0183111
745.839 8.1368 0.403928 2.56428 0.0171478
746.584 8.1214 0.386959 2.56279 0.0157496
747.33 8.10625 0.382439 2.56143 0.0155193
748.075 8.09141 0.387544 2.56018 0.0161981
748.82 8.08133 0.388558 2.55934 0.0164487
749.566 8.07752 0.384238 2.55905 0.0161375
750.311 8.07674 0.381361 2.55906 0.0159371
751.057 8.08312 0.38184 2.55978 0.0159953
751.802 8.08626 0.3823 2.5602 0.0160787
752.547 8.07349 0.3826 2.55909 0.0162819
753.293 8.06063 0.382631 2.55798 0.0164602
754.038 8.04291 0.377186 2.55634 0.016155
754.783 8.02543 0.371859 2.55473 0.0158559
755.529 8.0153 0.366637 2.55382 0.0155028
756.274 8.00591 0.361485 2.55298 0.0151483
757.019 7.99637 0.360426 2.55216 0.0151884
757.765 7.98686 0.360454 2.55134 0.0153332
758.51 7.97906 0.364716 2.55073 0.0158738
759.255 7.97211 0.371111 2.55021 0.0166151
760.001 7.96912 0.368464 2.55001 0.0164461
760.746 7.96954 0.357913 2.55006 0.0154805
761.491 7.96244 0.354689 2.54945 0.0152874
762.237 7.94454 0.362021 2.54787 0.0162106
762.982 7.92826 0.364897 2.54641 0.0166886
763.727 7.91582 0.356946 2.54523 0.0160746
764.473 7.90356 0.350126 2.54408 0.0155665
765.218 7.89193 0.348792 2.54302 0.0155905
765.963 7.88073 0.347333 2.54201 0.0155979
766.709 7.88063 0.341119 2.54205 0.0150454
767.454 7.88051 0.334907 2.54209 0.0144927
768.199 7.88266 0.331333 2.54238 0.0141821
768.945 7.88506 0.328035 2.54269 0.0138967
769.69 7.88222 0.329441 2.54252 0.0141163
770.435 7.87786 0.332187 2.54221 0.0144802
771.181 7.86737 0.330762 2.54126 0.0144797
771.926 7.85373 0.327161 2.53998 0.0142874
772.671 7.83777 0.324748 2.53848 0.0142293
773.417 7.81986 0.323362 2.53678 0.0142875
774.162 7.80912 0.323698 2.53581 0.0144615
774.907 7.80869 0.326596 2.53589 0.0148113
775.653 7.80824 0.326124 2.53593 0.014824
776.398 7.8077 0.316907 2.53591 0.0139621
777.143 7.80721 0.309223 2.5359 0.0132524
777.889 7.80734 0.309876 2.53601 0.0133723
778.634 7.8074 0.310584 2.53612 0.0134982
779.379 7.8051 0.312899 2.536 0.0138027
780.125 7.80278 0.315209 2.53589 0.0141068
780.87 7.78496 0.309106 2.53415 0.0136835
781.615 7.76588 0.302347 2.53227 0.0131996
782.361 7.74892 0.302339 2.53065 0.0133789
783.106 7.73271 0.30406 2.52912 0.0137282
783.851 7.7277 0.296118 2.52864 0.0130123
784.597 7.72819 0.283288 2.52869 0.0117584
785.342 7.72635 0.288522 2.52864 0.0123563
786.087 7.7223 0.309004 2.52847 0.0145213
786.833 7.72086 0.317663 2.52848 0.0154658
787.578 7.72347 0.310052 2.52878 0.0147244
788.323 7.72261 0.30448 2.52875 0.0142162
789.069 7.71378 0.303774 2.52793 0.0142623
789.814 7.70294 0.303184 2.52692 0.0143348
790.559 7.68276 0.303097 2.52494 0.0145281
791.305 7.66362 0.302417 2.52306 0.0146528
792.05 7.65525 0.292872 2.52222 0.0137839
792.795 7.64687 0.283479 2.52138 0.0129272
793.541 7.64661 0.278506 2.52141 0.0124663
794.286 7.64687 0.273821 2.52149 0.012031
795.031 7.65022 0.27904 2.52197 0.0125954
795.777 7.65423 0.286542 2.52252 0.0133898
796.522 7.65428 0.282781 2.52259 0.0130513
797.267 7.65257 0.274158 2.52244 0.0122235
798.013 7.63841 0.272702 2.52106 0.0122209
798.758 7.61565 0.276242 2.51881 0.0127959
799.503 7.60005 0.27659 2.51728 0.0129907
800.249 7.59242 0.273444 2.51655 0.012765
800.994 7.58344 0.272667 2.5157 0.012795
801.739 7.57185 0.276287 2.5146 0.0133027
802.485 7.5626 0.276231 2.51372 0.0134099
803.23 7.56096 0.263926 2.51355 0.012179
803.975 7.56004 0.253195 2.51346 0.0111071
804.721 7.56613 0.254978 2.5142 0.0112997
805.466 7.57227 0.256788 2.51494 0.0114947
806.211 7.56678 0.272025 2.51456 0.0131746
806.957 7.56094 0.287216 2.51414 0.0148551
807.702 7.54865 0.283946 2.51291 0.014647
808.447 7.53561 0.278215 2.51158 0.0141833
809.193 7.52532 0.270721 2.51052 0.0135116
809.938 7.51589 0.26278 2.50956 0.0127834
810.683 7.5086 0.261215 2.50886 0.0127129
811.429 7.5025 0.26307 2.50831 0.0129962
812.174 7.49746 0.262909 2.50786 0.0130586
812.919 7.49334 0.260999 2.50749 0.0129286
813.665 7.49031 0.257423 2.50722 0.0126138
814.41 7.48875 0.251519 2.5071 0.0120409
815.155 7.4864 0.247452 2.50691 0.0116678
815.901 7.48232 0.247561 2.50655 0.01175
816.646 7.47681 0.248069 2.50605 0.0118841
817.391 7.4653 0.250244 2.50492 0.0122357
818.137 7.45363 0.251931 2.50376 0.0125371
818.882 7.43876 0.248727 2.50223 0.0123358
819.627 7.42413 0.245596 2.50072 0.012139
820.373 7.41688 0.247224 2.50003 0.0124046
821.118 7.40993 0.248985 2.49937 0.0126829
821.863 7.4106 0.247615 2.49951 0.0125728
822.609 7.41257 0.245709 2.49979 0.0123962
823.354 7.41479 0.24116 2.50008 0.011933
824.099 7.41707 0.235678 2.50037 0.0113688
824.845 7.41825 0.23287 2.50056 0.0111001
825.59 7.41879 0.231621 2.50069 0.0110032
826.335 7.41842 0.231847 2.50073 0.0110709
827.081 7.41723 0.233413 2.50069 0.0112883
827.826 7.41089 0.234428 2.50009 0.0114788
828.571 7.39743 0.234642 2.49871 0.0116282
829.317 7.3847 0.233584 2.4974 0.011635
830.062 7.37333 0.229759 2.49622 0.0113318
830.807 7.36276 0.225662 2.49512 0.0109922
831.553 7.35496 0.220226 2.49431 0.0104876
832.298 7.34793 0.215973 2.4936 0.0101057
833.043 7.34812 0.222666 2.49373 0.0108748
833.789 7.34825 0.229377 2.49386 0.0116461
834.534 7.34623 0.22563 2.4937 0.0112886
835.279 7.34416 0.221735 2.49352 0.0109145
836.025 7.34527 0.221626 2.49372 0.0109346
836.77 7.34682 0.222044 2.49396 0.0110093
837.515 7.34135 0.226492 2.49347 0.0115681
838.261 7.33383 0.232032 2.49275 0.0122603
839.006 7.3245 0.232266 2.4918 0.0123833
839.751 7.31437 0.229935 2.49075 0.0122294
840.497 7.3047 0.229231 2.48976 0.0122507
841.242 7.2954 0.229739 2.48881 0.0124031
841.987 7.29039 0.235307 2.48836 0.013087
842.733 7.29019 0.24683 2.48849 0.0143984
843.478 7.28746 0.24631 2.48826 0.0143965
844.223 7.28013 0.224484 2.48738 0.0120672
844.969 7.27356 0.209534 2.48663 0.0104883
845.714 7.27038 0.213404 2.48637 0.0109729
846.459 7.26669 0.216797 2.48606 0.011408
847.205 7.26029 0.217711 2.48542 0.0115847
847.95 7.25425 0.2191 2.48483 0.0118122
848.695 7.25362 0.229035 2.48489 0.0129573
849.441 7.25285 0.23898 2.48494 0.0141046
850.186 7.2422 0.234054 2.4838 0.0136606
850.931 7.23122 0.228559 2.48261 0.013153
851.677 7.22528 0.210018 2.4819 0.0111526
852.422 7.21972 0.189555 2.48123 0.00892986
853.167 7.21909 0.194989 2.48126 0.00957672
853.913 7.21992 0.208705 2.4815 0.0111428
854.658 7.21697 0.214635 2.48127 0.0118595
855.403 7.21218 0.216512 2.48082 0.0121336
856.149 7.20651 0.214227 2.48023 0.0119461
856.894 7.20016 0.208794 2.47956 0.0114082
857.639 7.19662 0.20902 2.47923 0.0114889
858.385 7.1962 0.21563 2.47929 0.0122691
859.13 7.19445 0.214691 2.47916 0.012208
859.875 7.1904 0.201116 2.47869 0.0107373
860.621 7.18613 0.193686 2.47823 0.00995785
861.366 7.1817 0.201828 2.47784 0.010935
862.112 7.17643 0.207782 2.47735 0.0116715
862.857 7.16779 0.204433 2.47642 0.0113768
863.602 7.1599 0.201588 2.47558 0.0111337
864.347 7.15863 0.203155 2.47551 0.0113516
865.093 7.15737 0.204719 2.47544 0.0115691
865.838 7.15661 0.196173 2.47537 0.0106373
866.583 7.15577 0.187646 2.4753 0.00970728
867.329 7.15726 0.190877 2.47555 0.0100979
868.074 7.15898 0.195315 2.47584 0.0106239
868.82 7.1545 0.195758 2.4754 0.0107317
869.565 7.14868 0.195315 2.4748 0.0107463
870.31 7.14387 0.195575 2.47432 0.010835
871.056 7.13944 0.196088 2.47388 0.0109502
871.801 7.13385 0.194328 2.4733 0.0108131
872.546 7.12764 0.191335 2.47264 0.0105382
873.292 7.12185 0.188488 2.47203 0.0102766
874.037 7.1164 0.185759 2.47145 0.0100259
874.782 7.11399 0.184186 2.47123 0.00989026
875.528 7.11501 0.183902 2.47141 0.00988317
876.273 7.11454 0.184893 2.47143 0.01003
877.018 7.11167 0.187934 2.47118 0.0104244
877.764 7.10893 0.188977 2.47093 0.0105895
878.509 7.10655 0.185357 2.4707 0.0102185
879.254 7.10403 0.18221 2.47046 0.00990171
880 7.101 0.180734 2.47017 0.00977892
880.745 7.09869 0.178915 2.46996 0.00961261
881.49 7.10101 0.174743 2.47026 0.0091516
882.236 7.10255 0.170952 2.47048 0.00873837
882.981 7.08961 0.174928 2.46908 0.00929195
883.726 7.07686 0.178742 2.46769 0.00982795
884.472 7.0685 0.176653 2.46678 0.00966067
885.217 7.06037 0.174415 2.46589 0.0094742
885.962 7.05753 0.170242 2.4656 0.00903554
886.708 7.05533 0.165849 2.46538 0.00856739
887.453 7.0546 0.163602 2.46535 0.00833991
888.198 7.05421 0.161856 2.46536 0.00816838
888.944 7.05596 0.160973 2.46562 0.00808611
889.689 7.0585 0.160402 2.46597 0.008036
890.434 7.05655 0.162052 2.46581 0.00826511
891.18 7.05225 0.164837 2.46539 0.00863762
891.925 7.04638 0.164527 2.46476 0.00865932
892.67 7.03943 0.162031 2.464 0.00843249
893.416 7.03223 0.161721 2.46323 0.00846014
894.161 7.0248 0.163475 2.46243 0.00872925
894.906 7.01739 0.164519 2.46163 0.00891588
895.652 7.01 0.164672 2.46083 0.0089985
896.397 7.00422 0.166737 2.46022 0.00929665
897.142 7.00115 0.172178 2.45995 0.0099762
897.888 7 0.173876 2.45988 0.0102082
898.633 7.00362 0.166439 2.46032 0.00934699
899.378 7.00634 0.162468 2.46068 0.00889624
900.124 7.00601 0.171046 2.46074 0.00992811
900.869 7.00555 0.176631 2.46078 0.0106107
901.614 7.00491 0.165383 2.4607 0.00932539
902.36 7.00385 0.154941 2.46058 0.00813563
903.105 7.00017 0.153026 2.4602 0.00795568
903.85 6.99643 0.151147 2.45981 0.00777987
904.596 6.98858 0.150386 2.45895 0.00775401
905.341 6.98082 0.149633 2.45809 0.00772829
906.086 6.97675 0.148246 2.45766 0.00761057
906.832 6.97287 0.146841 2.45725 0.00748928
907.577 6.96481 0.148237 2.45637 0.00771719
908.322 6.9563 0.149932 2.45543 0.00798297
909.068 6.95432 0.149329 2.45525 0.00794683
909.813 6.9537 0.148248 2.45522 0.00784765
910.558 6.95323 0.144878 2.45521 0.00747712
911.304 6.95278 0.140803 2.45519 0.00702293
912.049 6.95217 0.144558 2.45519 0.00749498
912.794 6.95142 0.151611 2.45519 0.00835752
913.54 6.95018 0.154174 2.45511 0.00869185
914.285 6.9487 0.154263 2.45499 0.00873467
915.03 6.94629 0.151779 2.45475 0.00847714
915.776 6.94323 0.147512 2.45442 0.00801117
916.521 6.93816 0.1454 2.45387 0.00780904
917.266 6.93136 0.145168 2.45311 0.00783743
918.012 6.92418 0.146346 2.45232 0.00803505
918.757 6.91658 0.149029 2.45148 0.00841407
919.502 6.91062 0.151745 2.45084 0.00878998
920.248 6.90686 0.154559 2.45046 0.00916777
920.993 6.90189 0.154719 2.44992 0.00923495
921.738 6.89486 0.150451 2.44911 0.00878276
922.484 6.89026 0.150197 2.44862 0.00879805
923.229 6.89067 0.158404 2.44876 0.00980183
923.974 6.89166 0.161629 2.44894 0.0102069
924.72 6.89436 0.151173 2.44927 0.0089673
925.465 6.89579 0.141205 2.44945 0.00779264
926.21 6.89317 0.133276 2.44915 0.00687929
926.956 6.89069 0.12619 2.44888 0.00606525
927.701 6.88922 0.122839 2.44874 0.00569346
928.446 6.88705 0.121287 2.44853 0.00553955
929.192 6.88018 0.13174 2.4478 0.00684452
929.937 6.87347 0.141139 2.44709 0.00802531
930.682 6.86978 0.141425 2.44669 0.00809934
931.428 6.86616 0.141378 2.44631 0.00813292
932.173 6.86363 0.133888 2.44602 0.0072659
932.918 6.86102 0.126472 2.44573 0.00640709
933.664 6.85525 0.131744 2.44511 0.00708928
934.409 6.84947 0.136918 2.44449 0.00776087
935.154 6.84146 0.132293 2.44355 0.00725987
935.9 6.83344 0.1274 2.44261 0.00672473
936.645 6.83231 0.128845 2.44253 0.00692658
937.39 6.83174 0.130807 2.44252 0.00718871
938.136 6.83794 0.131408 2.44332 0.00725701
938.881 6.84509 0.131844 2.44424 0.00730122
939.626 6.84825 0.136788 2.44469 0.00790681
940.372 6.85067 0.142566 2.44506 0.00861576
941.117 6.84109 0.139208 2.44394 0.00827472
941.862 6.82906 0.134001 2.44251 0.00771879
942.608 6.82399 0.130115 2.44193 0.00729107
943.353 6.82077 0.126587 2.44157 0.00689808
944.098 6.81525 0.138317 2.441 0.00836779
944.844 6.80862 0.154639 2.44031 0.0104041
945.589 6.81152 0.143875 2.44067 0.00910311
946.334 6.81745 0.122769 2.44135 0.00653344
947.08 6.81399 0.120798 2.44097 0.00632914
947.825 6.80676 0.126917 2.44016 0.00712428
948.57 6.80214 0.130821 2.43966 0.00764039
949.316 6.79875 0.133692 2.43931 0.00802579
950.061 6.7973 0.139522 2.43921 0.00876405
950.806 6.7968 0.146934 2.43923 0.0096914
951.552 6.79435 0.14093 2.43895 0.00899086
952.297 6.79057 0.127273 2.43848 0.00736033
953.042 6.78576 0.132757 2.43796 0.00807146
953.788 6.77998 0.15005 2.43738 0.010233
954.533 6.78212 0.139016 2.43764 0.00889395
955.278 6.78863 0.10822 2.43835 0.00512147
956.024 6.78217 0.104269 2.4376 0.0046823
956.769 6.76701 0.119612 2.43584 0.0066408
957.514 6.7611 0.122619 2.43518 0.00705395
958.26 6.76236 0.116473 2.43535 0.006314
959.005 6.76417 0.111459 2.4356 0.0057111
959.75 6.76647 0.107363 2.43592 0.0052192
960.496 6.76428 0.117701 2.43574 0.00651687
961.241 6.75758 0.140092 2.43505 0.00931635
961.986 6.75695 0.149421 2.43506 0.0104863
962.732 6.76235 0.147413 2.43576 0.0102347
963.477 6.76385 0.14519 2.43598 0.00997469
964.222 6.76176 0.142813 2.43576 0.00971174
964.968 6.76212 0.135116 2.43582 0.00878375
965.713 6.76456 0.122346 2.43611 0.00722357
966.458 6.76105 0.119415 2.43571 0.00689672
967.204 6.7521 0.125748 2.43468 0.00773142
967.949 6.74127 0.131748 2.43342 0.00853543
968.694 6.72876 0.137363 2.43194 0.00930188
969.44 6.72461 0.136206 2.43147 0.00919596
970.185 6.72828 0.128694 2.43193 0.00826997
970.93 6.72273 0.125107 2.43128 0.00786778
971.676 6.70878 0.125279 2.42959 0.007965
972.421 6.70083 0.122105 2.42864 0.00762175
973.166 6.69821 0.115886 2.42833 0.00687743
973.912 6.69801 0.113374 2.42834 0.00658418
974.657 6.70006 0.114199 2.42864 0.00669735
975.402 6.70187 0.114488 2.42891 0.00674484
976.148 6.70345 0.114301 2.42915 0.00673383
976.893 6.70303 0.114037 2.42914 0.0067209
977.638 6.70092 0.113709 2.42892 0.00670645
978.384 6.69984 0.112242 2.42883 0.00654619
979.129 6.69959 0.109858 2.42883 0.00626865
979.874 6.70063 0.109996 2.429 0.00630001
980.62 6.70267 0.112063 2.42931 0.00656749
981.365 6.69438 0.114248 2.42833 0.00688908
982.11 6.67911 0.116376 2.42647 0.00723135
982.856 6.67047 0.1191 2.42545 0.00762349
983.601 6.66601 0.122243 2.42494 0.00805251
984.346 6.65898 0.120801 2.4241 0.00791754
985.092 6.65051 0.116721 2.42306 0.00745667
985.837 6.64767 0.110202 2.42272 0.00666611
986.583 6.64775 0.102305 2.42275 0.00569086
987.328 6.64734 0.102619 2.42274 0.00574897
988.073 6.64671 0.106932 2.42272 0.00631077
988.818 6.64893 0.112827 2.42306 0.00706062
989.564 6.65235 0.119492 2.42356 0.00790206
990.309 6.65471 0.124895 2.42391 0.00858852
991.055 6.65664 0.129847 2.42422 0.00921949
991.8 6.65611 0.124852 2.42417 0.00861197
992.545 6.65471 0.116763 2.42401 0.00761878
993.291 6.65495 0.116279 2.42408 0.00757425
994.036 6.65562 0.117758 2.42421 0.00777445
994.781 6.65567 0.116688 2.42425 0.00765679
995.527 6.6556 0.115099 2.42428 0.00747435
996.272 6.65327 0.111794 2.42401 0.00708473
997.017 6.65059 0.108265 2.4237 0.00666769
997.763 6.64388 0.104496 2.42289 0.0062344
998.508 6.63686 0.100793 2.42203 0.00580936
999.253 6.63999 0.118642 2.42253 0.00806392
999.999 6.64292 0.137848 2.42302 0.010488
