255.408 0.956958 1.70154 1.26835 0.612922
256.154 0.99519 1.74386 1.28974 0.611972
256.899 1.03359 1.78522 1.31034 0.610495
257.644 1.0065 1.75194 1.29394 0.610335
258.39 0.969633 1.70636 1.2713 0.60975
259.135 0.988296 1.77409 1.2952 0.620611
259.88 1.02952 1.88007 1.33512 0.632441
260.626 1.04921 1.89765 1.344 0.630375
261.371 1.0539 1.85915 1.33346 0.6206
262.116 1.06743 1.84105 1.33085 0.612662
262.862 1.09021 1.8454 1.33665 0.607118
263.607 1.10581 1.84761 1.34025 0.603178
264.353 1.10786 1.84584 1.33978 0.602141
265.098 1.11279 1.85201 1.34213 0.602043
265.843 1.12862 1.88748 1.35484 0.605212
266.589 1.14295 1.91602 1.36521 0.60717
267.334 1.13632 1.86795 1.3503 0.598824
268.079 1.13043 1.81958 1.33555 0.589828
268.825 1.13583 1.9142 1.36196 0.608557
269.57 1.14524 2.01649 1.39153 0.626308
270.315 1.17089 1.98028 1.38615 0.612226
271.061 1.20082 1.91396 1.37401 0.590932
271.806 1.21818 1.89131 1.37126 0.581717
272.551 1.22936 1.8885 1.37245 0.578219
273.297 1.24682 1.89478 1.37725 0.575015
274.042 1.26935 1.90831 1.38487 0.572032
274.787 1.27774 1.91929 1.38893 0.572109
275.533 1.26652 1.92699 1.38825 0.576466
276.278 1.26492 1.92112 1.38607 0.575681
277.023 1.28775 1.88152 1.38042 0.561949
277.769 1.31028 1.85641 1.37855 0.551263
278.514 1.32989 1.90848 1.3948 0.557064
279.259 1.35007 1.95824 1.41045 0.561903
280.005 1.35607 1.92201 1.40252 0.553442
280.75 1.36249 1.88586 1.39483 0.54476
281.495 1.36891 1.84625 1.38649 0.535232
282.241 1.37579 1.8063 1.37834 0.525369
282.986 1.38419 1.80895 1.38039 0.524007
283.731 1.39307 1.82542 1.38568 0.52541
284.477 1.40137 1.8009 1.38152 0.51845
285.222 1.40991 1.7515 1.37198 0.506108
285.967 1.42394 1.7355 1.37118 0.499604
286.713 1.44317 1.75434 1.37911 0.499452
287.458 1.45682 1.76302 1.38359 0.498344
288.203 1.46024 1.75345 1.38196 0.495621
288.949 1.46636 1.7406 1.38023 0.491619
289.694 1.48207 1.71621 1.37815 0.483131
290.439 1.49808 1.69412 1.37672 0.475091
291.185 1.5161 1.69421 1.38035 0.471444
291.93 1.53403 1.69428 1.38394 0.467851
292.675 1.53854 1.6314 1.37211 0.453403
293.421 1.5438 1.56552 1.36024 0.437772
294.166 1.5435 1.54304 1.35567 0.432767
294.911 1.54182 1.53012 1.35263 0.430166
295.657 1.54699 1.49949 1.34788 0.422167
296.402 1.5557 1.46085 1.34262 0.411583
297.147 1.56986 1.42774 1.33982 0.401263
297.893 1.58832 1.39926 1.33903 0.391303
298.638 1.59248 1.37479 1.33565 0.384778
299.383 1.57644 1.35542 1.32831 0.382866
300.129 1.56175 1.32856 1.32 0.37881
300.874 1.55089 1.28292 1.30951 0.36928
301.619 1.54133 1.2397 1.29986 0.359891
302.365 1.53599 1.21241 1.29396 0.353735
303.11 1.53082 1.18472 1.2881 0.347357
303.855 1.52302 1.13782 1.27864 0.336186
304.601 1.51591 1.09061 1.26951 0.324579
305.346 1.48446 1.05376 1.25534 0.319113
306.091 1.44955 1.01753 1.24015 0.31403
306.837 1.4185 0.964572 1.22354 0.30321
307.582 1.38947 0.904991 1.20662 0.289585
308.327 1.35727 0.880361 1.19346 0.286464
309.073 1.32234 0.878605 1.18237 0.29065
309.818 1.29252 0.852465 1.16938 0.286495
310.563 1.26919 0.798784 1.15474 0.272379
311.309 1.24413 0.757547 1.14123 0.262066
312.054 1.21441 0.741586 1.12928 0.260441
312.799 1.17957 0.723285 1.11514 0.258547
313.545 1.12538 0.696475 1.09294 0.255916
314.29 1.07139 0.668161 1.07008 0.252389
315.035 1.03014 0.631272 1.05039 0.243747
315.781 0.988702 0.5934 1.03027 0.234234
316.526 0.944431 0.560287 1.00932 0.226347
317.271 0.899626 0.526643 0.987752 0.217796
318.017 0.845147 0.493662 0.961882 0.209979
318.762 0.787639 0.459958 0.934043 0.201518
319.507 0.728323 0.435255 0.905587 0.196525
320.253 0.66748 0.414866 0.876023 0.193162
320.998 0.609904 0.395203 0.847171 0.189424
321.743 0.555255 0.376196 0.81897 0.185331
322.489 0.500923 0.358228 0.790234 0.181338
323.234 0.447539 0.342241 0.761358 0.177905
323.979 0.393386 0.327223 0.73133 0.174718
324.725 0.338516 0.315925 0.700346 0.173327
325.47 0.282611 0.304815 0.667831 0.171906
326.215 0.224775 0.297124 0.633433 0.172451
326.961 0.165937 0.289183 0.597238 0.172816
327.706 0.106959 0.288175 0.560326 0.17748
328.451 0.0469385 0.2872 0.521431 0.182443
329.197 -0.0085431 0.29017 0.484624 0.189847
329.942 -0.0639945 0.293911 0.446699 0.198153
330.687 -0.119071 0.298781 0.407907 0.207664
331.433 -0.174548 0.304199 0.367591 0.21814
332.178 -0.228413 0.314146 0.327764 0.232516
332.923 -0.281305 0.327517 0.287969 0.250332
333.669 -0.333461 0.34076 0.247616 0.268962
334.414 -0.384506 0.353732 0.207021 0.288242
335.159 -0.433723 0.367071 0.166975 0.308596
335.905 -0.477986 0.380726 0.130437 0.329348
336.65 -0.521538 0.39411 0.0936864 0.350726
337.395 -0.559865 0.404938 0.0605118 0.369485
338.141 -0.598654 0.416028 0.0262964 0.389419
338.886 -0.638774 0.427665 -0.0097777 0.411118
339.631 -0.679352 0.439587 -0.0469743 0.434219
340.377 -0.723324 0.451842 -0.0883867 0.459762
341.122 -0.76814 0.464442 -0.131541 0.487223
341.867 -0.809655 0.475413 -0.172609 0.513116
342.613 -0.850532 0.486094 -0.213962 0.539653
343.358 -0.883897 0.492809 -0.249048 0.55986
344.103 -0.913063 0.497256 -0.280765 0.576426
344.849 -0.947994 0.501153 -0.320237 0.595274
345.594 -0.988777 0.504531 -0.368098 0.616748
346.339 -1.03113 0.509955 -0.418359 0.642487
347.085 -1.07584 0.518908 -0.471415 0.675217
347.83 -1.12133 0.528261 -0.526781 0.710551
348.575 -1.16804 0.538233 -0.585094 0.749263
349.321 -1.21461 0.546898 -0.645685 0.788065
350.066 -1.25488 0.540149 -0.708207 0.801902
350.811 -1.29568 0.53333 -0.773737 0.816177
351.557 -1.33527 0.543202 -0.828875 0.856678
352.302 -1.37517 0.554078 -0.885266 0.900947
353.047 -1.42426 0.557229 -0.964494 0.940884
353.793 -1.47588 0.559036 -1.05271 0.982387
354.538 -1.53534 0.567916 -1.15424 1.0458
355.283 -1.5987 0.580612 -1.26575 1.12491
356.029 -1.65232 0.59088 -1.36549 1.19598
356.774 -1.69806 0.599014 -1.45513 1.2593
357.519 -1.74152 0.60409 -1.54711 1.31712
358.265 -1.78178 0.604676 -1.64101 1.36374
359.01 -1.8231 0.607054 -1.74026 1.41871
359.755 -1.86672 0.613593 -1.84555 1.49139
360.501 -1.91309 0.622827 -1.9605 1.58139
361.246 -1.97435 0.646151 -2.10404 1.74741
361.991 -2.0357 0.669788 -2.25264 1.9366
362.737 -2.09911 0.693246 -2.41248 2.15588
363.482 -2.16284 0.716878 -2.57518 2.40821
364.227 -2.21443 0.733022 -2.71507 2.62739
364.973 -2.26465 0.748175 -2.85275 2.86331
365.718 -2.31133 0.752661 -3.01921 3.06715
366.463 -2.35697 0.753379 -3.20508 3.27296
367.209 -2.40067 0.765944 -3.32838 3.54615
367.954 -2.44328 0.786241 -3.39312 3.87446
368.699 -2.49542 0.805224 -3.4844 4.28877
369.445 -2.55833 0.822703 -3.59822 4.82704
370.19 -2.62304 0.84027 -3.66773 5.45376
370.935 -2.69058 0.857922 -3.6686 6.18964
371.681 -2.75543 0.875067 -3.56211 6.973
372.426 -2.80681 0.889779 -3.36496 7.63381
373.171 -2.85761 0.903811 -3.07485 8.30759
373.917 -2.89328 0.907026 -2.90041 8.80337
374.662 -2.92922 0.9102 -2.66993 9.31662
375.407 -2.97502 0.916739 -2.24627 9.96625
376.153 -3.02197 0.923515 -1.69262 10.6099
376.898 -3.08932 0.943852 -0.535675 11.2933
377.643 -3.16272 0.968009 0.932533 11.6949
378.389 -3.2401 0.99401 2.53297 11.6892
379.134 -3.32018 1.02129 4.06158 11.2533
379.879 -3.38886 1.04634 5.15169 10.5931
380.625 -3.44703 1.0693 5.87117 9.90264
381.37 -3.50348 1.08848 6.42884 9.23718
382.116 -3.55686 1.10144 6.87157 8.65093
382.861 -3.60567 1.1112 7.20142 8.12868
383.606 -3.64005 1.11135 7.44267 7.8144
384.352 -3.67849 1.11423 7.65009 7.43731
385.097 -3.74466 1.13713 7.76365 6.70781
385.842 -3.8117 1.16049 7.79034 6.04661
386.587 -3.90067 1.184 7.79472 5.29491
387.333 -3.99145 1.20809 7.71613 4.63697
388.078 -4.07689 1.24005 7.54105 4.10874
388.824 -4.16245 1.27412 7.34341 3.66425
389.569 -4.24405 1.29936 7.18691 3.3026
390.314 -4.32478 1.32131 7.04147 2.99172
391.06 -4.38818 1.33404 6.94177 2.77483
391.805 -4.43894 1.33996 6.87445 2.61464
392.55 -4.49196 1.35254 6.78227 2.46539
393.296 -4.54769 1.37354 6.66473 2.32861
394.041 -4.60713 1.39707 6.54232 2.19668
394.786 -4.67416 1.42594 6.40636 2.06354
395.532 -4.74745 1.45354 6.276 1.92904
396.277 -4.84748 1.47311 6.1454 1.7492
397.022 -4.94894 1.49408 6.01618 1.5909
397.768 -5.0435 1.53691 5.86562 1.48149
398.513 -5.1395 1.58096 5.725 1.38383
399.258 -5.22268 1.60457 5.63102 1.29828
400.004 -5.3056 1.62644 5.54418 1.21989
400.749 -5.37314 1.64966 5.47091 1.16612
401.494 -5.43654 1.67353 5.40325 1.12097
402.24 -5.4944 1.69778 5.34194 1.08444
402.985 -5.54925 1.72239 5.28489 1.05307
403.73 -5.62061 1.74164 5.22513 1.00586
404.476 -5.70889 1.75549 5.16243 0.945235
405.221 -5.80211 1.77837 5.09268 0.891028
405.966 -5.90301 1.81717 5.01153 0.844667
406.712 -6.0109 1.86062 4.92932 0.800317
407.457 -6.1386 1.91758 4.83597 0.754794
408.202 -6.26564 1.97364 4.75093 0.71374
408.948 -6.36666 2.00491 4.69466 0.679266
409.693 -6.46928 2.03691 4.6404 0.647023
410.438 -6.56741 2.07594 4.58763 0.621707
411.184 -6.66674 2.11615 4.53682 0.59806
411.929 -6.74763 2.15472 4.4954 0.582441
412.674 -6.82531 2.19353 4.45681 0.568848
413.42 -6.90557 2.22138 4.42293 0.551655
414.165 -6.98759 2.24452 4.39141 0.533401
414.91 -7.08979 2.28177 4.35085 0.513781
415.656 -7.20882 2.33096 4.3042 0.493631
416.401 -7.33609 2.37775 4.25876 0.471993
417.146 -7.47429 2.4207 4.21424 0.448212
417.892 -7.61707 2.47536 4.16836 0.427879
418.637 -7.76707 2.55801 4.11746 0.413408
419.382 -7.91612 2.63962 4.07046 0.399789
420.128 -8.04734 2.70149 4.03373 0.386845
420.873 -8.18036 2.76504 3.99837 0.374614
421.618 -8.29401 2.82206 3.96929 0.365443
422.364 -8.40931 2.88054 3.94104 0.356643
423.109 -8.5173 2.9141 3.91928 0.345608
423.854 -8.62573 2.94487 3.89867 0.334649
424.6 -8.73333 3.00032 3.87517 0.327928
425.345 -8.84151 3.06516 3.85118 0.322671
426.09 -8.97972 3.1289 3.82441 0.313229
426.836 -9.13854 3.19284 3.79633 0.3016
427.581 -9.29985 3.26857 3.76792 0.29178
428.326 -9.46349 3.35756 3.7392 0.283723
429.072 -9.64215 3.45264 3.70981 0.275016
429.817 -9.84745 3.55721 3.67848 0.264912
430.562 -10.0507 3.66779 3.64873 0.256186
431.308 -10.2325 3.78907 3.62167 0.250862
432.053 -10.4134 3.91227 3.59605 0.245896
432.798 -10.5484 4.00741 3.57777 0.242816
433.544 -10.6852 4.10519 3.55991 0.239812
434.289 -10.852 4.16949 3.54336 0.232084
435.034 -11.0237 4.23335 3.52718 0.224353
435.78 -11.1841 4.31919 3.51079 0.219289
436.525 -11.3438 4.41236 3.49463 0.21494
437.27 -11.5104 4.50924 3.47847 0.21049
438.016 -11.682 4.60955 3.46251 0.20607
438.761 -11.8787 4.73531 3.4443 0.201629
439.506 -12.0981 4.88527 3.4244 0.197215
440.252 -12.3257 5.04364 3.40474 0.192865
440.997 -12.5636 5.21216 3.38517 0.188537
441.742 -12.8085 5.38726 3.36609 0.184239
442.488 -13.0643 5.56817 3.34738 0.179756
443.233 -13.3253 5.75735 3.32919 0.175474
443.978 -13.5891 5.95598 3.31155 0.17152
444.724 -13.8583 6.16343 3.29439 0.167717
445.469 -14.034 6.30364 3.28373 0.165727
446.214 -14.2121 6.44804 3.27325 0.16378
446.96 -14.4492 6.58739 3.26171 0.159476
447.705 -14.7002 6.73021 3.2502 0.154948
448.45 -14.9653 6.89883 3.23795 0.150797
449.196 -15.2395 7.08176 3.22561 0.146865
449.941 -15.4967 7.30135 3.21311 0.144457
450.686 -15.7422 7.5497 3.20061 0.143028
451.432 -16.0149 7.81438 3.18772 0.141051
452.177 -16.32 8.09842 3.17437 0.138482
452.922 -16.6428 8.40282 3.16094 0.135792
453.668 -16.9965 8.73692 3.14706 0.132795
454.413 -17.343 9.08185 3.1339 0.130156
455.158 -17.634 9.4138 3.12257 0.128612
455.904 -17.9285 9.76311 3.11142 0.127132
456.649 -18.2254 10.1628 3.09977 0.126093
457.394 -18.5239 10.5815 3.08836 0.12507
458.14 -18.8669 10.9019 3.07908 0.122097
458.885 -19.2208 11.2277 3.07008 0.119058
459.63 -19.5757 11.5025 3.06246 0.115666
460.376 -19.9379 11.7713 3.05524 0.112246
461.121 -20.2618 12.1891 3.04624 0.110738
461.866 -20.562 12.699 3.03644 0.110184
462.612 -20.8391 13.144 3.02828 0.109399
463.357 -21.0978 13.5254 3.02155 0.10842
464.102 -21.4482 14.0099 3.01319 0.106658
464.848 -21.9454 14.6651 3.00234 0.103734
465.593 -22.4015 15.3296 2.99234 0.101377
466.338 -22.7171 15.9298 2.9843 0.10041
467.084 -23.0349 16.551 2.97646 0.0993744
467.829 -23.3899 17.1478 2.9692 0.0977602
468.574 -23.7453 17.7737 2.96206 0.0961829
469.32 -24.1516 18.69 2.95236 0.0946827
470.065 -24.5456 19.6664 2.94282 0.0932236
470.81 -24.8011 20.6367 2.9342 0.0927776
471.556 -25.0088 21.6434 2.92586 0.0924941
472.301 -25.2622 22.6171 2.91825 0.0915572
473.046 -25.5233 23.6076 2.911 0.0903918
473.792 -25.7773 24.5508 2.90454 0.0891326
474.537 -26.0256 25.4685 2.89865 0.0878165
475.282 -26.2392 26.4892 2.89243 0.0866142
476.028 -26.4028 27.6327 2.88583 0.0855405
476.773 -26.4912 28.8978 2.87891 0.0846509
477.518 -26.4366 30.3677 2.87123 0.0841174
478.264 -26.3427 31.8774 2.86382 0.0834031
479.009 -26.362 33.3683 2.85715 0.0818926
479.754 -26.3145 34.9171 2.85064 0.0804168
480.5 -26.2809 36.3118 2.84525 0.0789414
481.245 -26.1866 37.7631 2.83991 0.0774969
481.99 -25.5848 39.4356 2.83336 0.0773136
482.736 -24.8138 41.1382 2.82679 0.0772356
483.481 -23.9836 43.0652 2.81984 0.0764919
484.226 -22.9989 45.0709 2.81287 0.0755832
484.972 -22.0473 46.7295 2.80728 0.0748964
485.717 -21.0938 48.1909 2.80244 0.0743293
486.462 -20.084 49.8177 2.79743 0.0732785
487.208 -18.983 51.6148 2.79226 0.071792
487.953 -17.5286 53.3259 2.78686 0.0707826
488.698 -15.5964 54.8244 2.78107 0.0705057
489.444 -13.6656 56.184 2.7757 0.0700786
490.189 -12.086 57.4332 2.77144 0.0692018
490.934 -10.2986 58.6095 2.76703 0.0683943
491.68 -7.64381 59.6607 2.76107 0.0680225
492.425 -4.87733 60.4683 2.7552 0.067654
493.17 -2.24332 61.2856 2.74984 0.0667114
493.916 0.477002 61.8782 2.74457 0.0657764
494.661 3.06845 62.1787 2.73973 0.065009
495.406 5.64508 62.2553 2.73502 0.0642827
496.152 8.67136 62.2986 2.72962 0.0629693
496.897 11.8808 62.1008 2.724 0.0614484
497.642 14.6226 61.2312 2.71885 0.0609315
498.388 16.9051 59.9211 2.71405 0.0611219
499.133 18.8435 58.5077 2.7096 0.0614649
499.878 20.4165 57.0566 2.70557 0.0619985
500.624 22.0592 55.8044 2.70162 0.0618476
501.369 24.085 54.9748 2.69778 0.0602171
502.115 26.0181 53.8798 2.69378 0.0587862
502.86 27.7541 52.0961 2.68891 0.058166
503.605 29.2741 50.2889 2.68419 0.0575458
504.35 30.3642 49.2723 2.68141 0.0566667
505.096 31.3834 48.2194 2.67866 0.0557999
505.841 32.3191 46.2858 2.67412 0.0555972
506.587 33.0863 44.3072 2.66945 0.0554604
507.332 33.6786 42.6705 2.66554 0.0552303
508.077 34.1619 41.1552 2.66188 0.054975
508.823 34.7121 39.5964 2.658 0.054339
509.568 35.2425 38.0227 2.65403 0.0535006
510.313 35.5504 36.4892 2.65011 0.0530019
511.059 35.6633 35.0172 2.64626 0.0528246
511.804 35.8473 33.3977 2.64186 0.0521863
512.549 36.1401 31.4973 2.63656 0.0507923
513.294 36.216 29.8716 2.63186 0.0498222
514.04 35.9739 28.91 2.62889 0.0501028
514.785 35.7072 27.9501 2.62581 0.0503777
515.531 35.3186 26.6896 2.62147 0.0506568
516.276 34.914 25.511 2.61719 0.0509235
517.021 35.0174 24.7385 2.61486 0.049783
517.767 35.11 23.9905 2.61261 0.0486131
518.512 35.1517 22.9261 2.60916 0.0470041
519.257 35.1376 21.835 2.60551 0.0453406
520.003 34.9212 21.1659 2.60294 0.0450376
520.748 34.6338 20.6809 2.60084 0.0453015
521.493 34.1003 20.1084 2.59781 0.0462579
522.239 33.4052 19.4896 2.59411 0.047716
522.984 32.9723 18.8947 2.59095 0.0481899
523.729 32.8401 18.3078 2.58851 0.0474202
524.475 32.6838 17.6911 2.58584 0.0465809
525.22 32.482 16.9859 2.58266 0.045568
525.965 32.2341 16.2946 2.57933 0.0446549
526.711 31.8143 15.5586 2.57518 0.0441651
527.456 31.4007 14.8754 2.57113 0.0436926
528.201 31.1213 14.4469 2.56853 0.0434825
528.947 30.8441 14.036 2.56595 0.0432743
529.692 30.5775 13.4351 2.56255 0.0421924
530.437 30.3049 12.8407 2.55909 0.0410336
531.183 29.8162 12.4433 2.55543 0.0415649
531.928 29.2835 12.117 2.55175 0.0425919
532.673 28.9624 11.7828 2.54891 0.0426128
533.419 28.757 11.4474 2.54658 0.0420561
534.164 28.5147 11.0301 2.54366 0.0411854
534.909 28.2329 10.5394 2.54013 0.0400072
535.655 27.9712 10.1652 2.53718 0.0392786
536.4 27.7499 9.96573 2.5352 0.0393101
537.145 27.5123 9.75916 2.53306 0.0393541
537.891 27.2114 9.51557 2.53032 0.0394429
538.636 26.9235 9.2824 2.52764 0.0395048
539.381 26.695 9.06165 2.52534 0.0393352
540.127 26.4704 8.84878 2.52306 0.0391672
540.872 26.2207 8.67911 2.52078 0.039382
541.617 25.9756 8.5167 2.51851 0.0396086
542.363 25.8781 8.27831 2.51687 0.0385646
543.108 25.8081 8.02758 2.51537 0.0372612
543.853 25.5613 7.767 2.51252 0.0366778
544.599 25.2434 7.51204 2.5091 0.036419
545.344 24.9906 7.32957 2.50645 0.0363647
546.089 24.7882 7.20091 2.50441 0.0364705
546.835 24.5785 7.04874 2.50216 0.0364046
547.58 24.3577 6.8651 2.49963 0.0361075
548.325 24.1087 6.69126 2.49685 0.0359984
549.071 23.7872 6.53146 2.49344 0.0363422
549.816 23.4931 6.37366 2.4902 0.0365466
550.561 23.2954 6.1946 2.48766 0.036041
551.307 23.102 6.02214 2.48515 0.0355363
552.052 22.9657 5.83953 2.48311 0.0346088
552.797 22.8297 5.6627 2.48108 0.0336958
553.543 22.6395 5.52136 2.47867 0.0333679
554.288 22.446 5.38905 2.47622 0.0331198
555.033 22.2421 5.31895 2.47394 0.0335474
555.779 22.0384 5.26937 2.47172 0.0341896
556.524 21.8694 5.14752 2.46946 0.0338783
557.269 21.7209 4.98474 2.46718 0.0329866
558.015 21.5578 4.88941 2.46506 0.0328835
558.76 21.3807 4.86239 2.4631 0.0336123
559.505 21.2348 4.80228 2.46129 0.0338063
560.251 21.1417 4.68159 2.45975 0.0330139
560.996 21.0437 4.56699 2.45818 0.0322939
561.741 20.9279 4.46694 2.45646 0.0318156
562.487 20.8129 4.37354 2.45477 0.0313941
563.232 20.6927 4.32915 2.45324 0.0315828
563.977 20.5745 4.28561 2.45173 0.0317683
564.723 20.3924 4.23678 2.44936 0.0322134
565.468 20.211 4.18862 2.44696 0.0326633
566.213 20.0878 4.09467 2.44504 0.0322104
566.959 19.9789 3.99237 2.44324 0.031553
567.704 19.8744 3.91173 2.4416 0.0311379
568.449 19.773 3.84212 2.44004 0.0308402
569.195 19.6532 3.7581 2.43813 0.0304261
569.94 19.5188 3.6632 2.43595 0.029917
570.685 19.3776 3.5563 2.43358 0.0292488
571.431 19.2253 3.43167 2.43094 0.0283501
572.176 19.082 3.35477 2.42863 0.0280627
572.921 18.9582 3.39382 2.42716 0.0293724
573.667 18.8327 3.41455 2.42557 0.0304379
574.412 18.6893 3.33166 2.42313 0.0300516
575.157 18.549 3.2517 2.42073 0.0296721
575.903 18.4047 3.1562 2.41814 0.0290487
576.648 18.2633 3.06442 2.41559 0.0284383
577.393 18.1795 3.01182 2.41413 0.028133
578.139 18.1051 2.96587 2.41285 0.0278762
578.884 18.0284 2.92523 2.41154 0.0277094
579.629 17.9515 2.887 2.41023 0.0275761
580.375 17.8456 2.85554 2.40846 0.0276974
581.12 17.7216 2.82867 2.40639 0.0279844
581.865 17.6212 2.81123 2.40475 0.0283085
582.611 17.5463 2.80429 2.40357 0.0286788
583.356 17.4692 2.79344 2.40233 0.0289953
584.101 17.3865 2.77484 2.40094 0.029207
584.847 17.3033 2.74198 2.39945 0.0291701
585.592 17.2137 2.65033 2.39752 0.0281176
586.337 17.1271 2.56383 2.39566 0.0271145
587.083 17.0774 2.51668 2.39466 0.026611
587.828 17.0279 2.47033 2.39366 0.0261123
588.573 16.9517 2.42966 2.3922 0.0258433
589.319 16.8744 2.39032 2.39071 0.0255961
590.064 16.7847 2.35629 2.389 0.0255018
590.809 16.693 2.32423 2.38725 0.025448
591.555 16.5984 2.30344 2.38548 0.0256178
592.3 16.5031 2.28845 2.3837 0.0259008
593.045 16.4169 2.27674 2.3821 0.0262013
593.791 16.3388 2.26797 2.38066 0.026518
594.536 16.2628 2.24023 2.37915 0.0264491
595.281 16.1893 2.1832 2.37752 0.0257772
596.027 16.1054 2.13241 2.3757 0.0252677
596.772 15.9899 2.09703 2.3733 0.0252182
597.517 15.8864 2.06267 2.37113 0.0251195
598.263 15.8558 2.0286 2.37044 0.0246491
599.008 15.8253 1.99495 2.36976 0.0241821
599.753 15.7445 1.9686 2.36806 0.0241126
600.499 15.664 1.94298 2.36635 0.0240512
601.244 15.5767 1.93148 2.36455 0.0243219
601.989 15.4896 1.92248 2.36275 0.0246464
602.735 15.4254 1.89782 2.36135 0.0245133
603.48 15.3705 1.86732 2.36011 0.0241986
604.225 15.316 1.8583 2.35899 0.0243516
604.971 15.2618 1.86461 2.35794 0.024843
605.716 15.2042 1.84349 2.35666 0.0247409
606.461 15.1422 1.78888 2.35511 0.023901
607.207 15.0841 1.75088 2.35372 0.0234033
607.952 15.0345 1.74781 2.35269 0.0236545
608.697 14.992 1.73681 2.35178 0.0236875
609.443 14.9818 1.6876 2.35141 0.0226769
610.188 14.9686 1.64061 2.351 0.0217271
610.933 14.8871 1.64492 2.34924 0.0222916
611.679 14.807 1.64877 2.34749 0.0228438
612.424 14.7408 1.63259 2.34596 0.022858
613.169 14.6769 1.61459 2.34446 0.0228136
613.915 14.64 1.62037 2.34372 0.0232046
614.66 14.6112 1.63318 2.3432 0.0237259
615.405 14.5671 1.60629 2.34212 0.0233656
616.151 14.5144 1.55726 2.3407 0.0225021
616.896 14.4507 1.52885 2.33912 0.0221844
617.641 14.3767 1.52051 2.33736 0.0224064
618.387 14.3081 1.50498 2.33568 0.0224222
619.132 14.2478 1.47717 2.33414 0.0220849
619.878 14.1981 1.45398 2.33288 0.0218054
620.623 14.1823 1.44457 2.33254 0.0217081
621.368 14.1613 1.43563 2.33207 0.0216467
622.113 14.0884 1.43069 2.33029 0.0219366
622.859 14.0168 1.42566 2.32852 0.0222192
623.604 13.9465 1.39997 2.32667 0.0219568
624.349 13.8775 1.37406 2.32484 0.0216744
625.095 13.8433 1.34604 2.3239 0.0211608
625.84 13.8165 1.31784 2.32316 0.0206007
626.586 13.7809 1.30509 2.32225 0.0204899
627.331 13.7414 1.29932 2.32127 0.0205821
628.076 13.6834 1.28589 2.31974 0.0205543
628.822 13.611 1.26658 2.31779 0.0204307
629.567 13.5539 1.25871 2.31628 0.0205443
630.312 13.5167 1.26615 2.3154 0.0209855
631.057 13.4864 1.26945 2.31467 0.0212807
631.803 13.4733 1.26266 2.31438 0.0212138
632.548 13.4554 1.25368 2.31393 0.0211086
633.294 13.4088 1.23193 2.31263 0.0207809
634.039 13.3628 1.21079 2.31134 0.0204619
634.784 13.3168 1.20292 2.3101 0.0205135
635.53 13.2713 1.19515 2.30887 0.0205637
636.275 13.2241 1.18537 2.30757 0.0205634
637.02 13.1772 1.17544 2.30627 0.0205556
637.766 13.146 1.15651 2.30537 0.0202107
638.511 13.1202 1.13466 2.30461 0.0197519
639.256 13.0915 1.12709 2.30384 0.0197185
640.002 13.0611 1.12858 2.30305 0.0199578
640.747 13.022 1.11833 2.30195 0.0198919
641.492 12.9737 1.09536 2.30051 0.0194905
642.238 12.9367 1.08116 2.29944 0.0192912
642.983 12.9212 1.08333 2.29908 0.0194799
643.728 12.9059 1.08463 2.29872 0.0196414
644.474 12.8917 1.0826 2.29838 0.0196984
645.219 12.8747 1.08029 2.29795 0.0197597
645.964 12.8171 1.07391 2.29627 0.0198851
646.71 12.7605 1.06757 2.29462 0.0200065
647.455 12.7141 1.05215 2.29322 0.0198014
648.2 12.6691 1.03639 2.29185 0.0195756
648.946 12.6472 1.01195 2.29115 0.0189703
649.691 12.6312 0.985485 2.29062 0.018272
650.436 12.6085 0.966577 2.28992 0.0178335
651.182 12.5827 0.951631 2.28914 0.017529
651.927 12.5368 0.949267 2.28778 0.0177036
652.672 12.4735 0.957643 2.28591 0.0182946
653.418 12.4227 0.961717 2.2844 0.0186991
654.163 12.39 0.95979 2.28343 0.0188329
654.908 12.3601 0.955663 2.28254 0.0188829
655.654 12.3379 0.945287 2.28186 0.0186962
656.399 12.3164 0.934125 2.2812 0.0184787
657.144 12.2995 0.916522 2.28066 0.0180301
657.89 12.2827 0.899115 2.28012 0.0175848
658.635 12.2169 0.894188 2.27803 0.0177565
659.38 12.1519 0.889402 2.27596 0.0179293
660.126 12.123 0.884482 2.27506 0.0179386
660.871 12.1004 0.879586 2.27437 0.0179201
661.616 12.0844 0.878007 2.27391 0.0179824
662.362 12.0711 0.87772 2.27355 0.0180761
663.107 12.0513 0.881663 2.27298 0.0183399
663.852 12.027 0.888522 2.27228 0.0187226
664.598 12.0008 0.880177 2.27144 0.0186024
665.343 11.9722 0.853607 2.27043 0.0178734
666.088 11.9401 0.836759 2.26935 0.0174835
666.834 11.9005 0.840138 2.26809 0.0178137
667.579 11.8677 0.842218 2.26705 0.0180717
668.324 11.8636 0.839121 2.26698 0.0180253
669.07 11.8593 0.835499 2.26689 0.0179615
669.815 11.8505 0.820194 2.2666 0.0175144
670.56 11.8416 0.804992 2.26631 0.0170694
671.306 11.7982 0.784931 2.2648 0.0165985
672.051 11.7521 0.764961 2.26318 0.0161347
672.796 11.7143 0.766712 2.26194 0.0163937
673.542 11.6791 0.774423 2.26081 0.0168533
674.287 11.6583 0.771839 2.26014 0.0168903
675.032 11.6453 0.763636 2.25972 0.016694
675.778 11.6344 0.762136 2.2594 0.0167262
676.523 11.6255 0.767108 2.25918 0.0169802
677.268 11.6103 0.767867 2.25872 0.0171108
678.014 11.5848 0.761597 2.25785 0.0170338
678.759 11.5538 0.754525 2.25678 0.0169502
679.504 11.5046 0.74478 2.25504 0.0168441
680.25 11.4607 0.735487 2.25348 0.0167297
680.995 11.4538 0.728211 2.25327 0.0165313
681.74 11.447 0.720974 2.25307 0.0163335
682.486 11.4404 0.722658 2.25291 0.0164598
683.231 11.4339 0.724623 2.25275 0.0165963
683.976 11.405 0.701307 2.25167 0.0158974
684.722 11.372 0.673651 2.25041 0.0150481
685.467 11.3468 0.66723 2.24952 0.0149464
686.212 11.3251 0.669632 2.2488 0.0151577
686.958 11.2922 0.674037 2.24766 0.0154888
687.703 11.2512 0.679772 2.24622 0.0159049
688.448 11.2189 0.681617 2.24508 0.0161419
689.194 11.1974 0.678683 2.24433 0.0161546
689.939 11.181 0.676172 2.24376 0.016162
690.684 11.1762 0.674614 2.24364 0.0161579
691.43 11.1662 0.672185 2.24332 0.0161416
692.175 11.1302 0.665381 2.24199 0.0160639
692.92 11.095 0.658491 2.24069 0.0159774
693.666 11.0707 0.645055 2.23976 0.0155933
694.411 11.0465 0.631873 2.23885 0.0152147
695.156 11.0268 0.622005 2.23811 0.0149443
695.902 11.0076 0.612634 2.23739 0.0146885
696.647 10.999 0.606581 2.2371 0.0145197
697.392 10.9936 0.60155 2.23694 0.0143774
698.138 10.9884 0.592207 2.23677 0.0140658
698.883 10.9833 0.58037 2.23659 0.0136557
699.628 10.9636 0.581044 2.23589 0.0137881
700.374 10.9294 0.593995 2.23466 0.0144581
701.119 10.8998 0.605038 2.2336 0.0150405
701.864 10.8775 0.613269 2.23281 0.015486
702.61 10.8583 0.617894 2.23214 0.0157779
703.355 10.8491 0.611076 2.2318 0.0155757
704.1 10.8416 0.605746 2.23155 0.0154248
704.846 10.8506 0.613824 2.232 0.0157424
705.591 10.8596 0.621987 2.23246 0.0160625
706.336 10.8282 0.603279 2.2312 0.0154733
707.082 10.7957 0.584104 2.22988 0.0148633
707.827 10.7607 0.562487 2.22845 0.0141573
708.572 10.7256 0.540937 2.22702 0.0134461
709.318 10.7026 0.535089 2.22612 0.0133229
710.063 10.6847 0.535803 2.22546 0.0134472
710.808 10.6825 0.54233 2.22545 0.0137515
711.554 10.6923 0.553434 2.22595 0.014198
712.299 10.6926 0.554899 2.22603 0.0142866
713.044 10.6804 0.543712 2.22555 0.0139052
713.79 10.6612 0.535687 2.2248 0.0136771
714.535 10.626 0.534738 2.22341 0.0137965
715.28 10.5909 0.534282 2.22202 0.0139361
716.026 10.5543 0.536385 2.22057 0.0141884
716.771 10.5193 0.538307 2.21918 0.0144285
717.516 10.5123 0.539738 2.21895 0.0145433
718.262 10.5054 0.541159 2.21872 0.0146576
719.007 10.5189 0.529224 2.2193 0.0141355
719.752 10.5347 0.515659 2.21997 0.0135391
720.498 10.5172 0.502549 2.21925 0.0130818
721.243 10.4901 0.48989 2.21813 0.0126738
721.988 10.4636 0.47909 2.21703 0.0123385
722.734 10.4376 0.4694 2.21595 0.0120454
723.479 10.4141 0.46806 2.21501 0.0120957
724.224 10.393 0.474492 2.21419 0.012469
724.97 10.3784 0.47615 2.21363 0.0126177
725.715 10.374 0.470177 2.21348 0.0124043
726.46 10.3687 0.469359 2.21331 0.0124141
727.206 10.3608 0.484197 2.21307 0.013104
727.951 10.352 0.498507 2.21281 0.0137756
728.696 10.3375 0.509424 2.21228 0.014324
729.442 10.3231 0.520173 2.21176 0.0148669
730.187 10.2863 0.505033 2.21016 0.014377
730.932 10.2498 0.489993 2.20858 0.0138839
731.678 10.2287 0.480293 2.20768 0.0135626
732.423 10.2104 0.471603 2.2069 0.0132732
733.168 10.2002 0.466054 2.20649 0.0130913
733.914 10.1931 0.461702 2.20622 0.0129504
734.659 10.1894 0.459587 2.2061 0.0128957
735.404 10.1879 0.459002 2.20608 0.0129001
736.15 10.1842 0.453909 2.20596 0.0127138
736.895 10.1778 0.443608 2.20569 0.0123066
737.641 10.1648 0.434177 2.20514 0.0119589
738.386 10.1386 0.4265 2.20401 0.0117304
739.131 10.1141 0.423468 2.20296 0.011701
739.876 10.0946 0.437988 2.20219 0.0124375
740.622 10.0766 0.45161 2.20149 0.0131325
741.367 10.0767 0.457739 2.20157 0.0134306
742.112 10.0768 0.46388 2.20165 0.0137291
742.858 10.0777 0.463276 2.20174 0.0137228
743.603 10.0787 0.46226 2.20183 0.0136977
744.349 10.0655 0.45276 2.20125 0.0133425
745.094 10.0491 0.441488 2.20053 0.0129169
745.839 10.0284 0.421236 2.19958 0.012098
746.584 10.0058 0.397308 2.19853 0.0111132
747.33 9.98392 0.391727 2.19757 0.0109522
748.075 9.96281 0.400304 2.19669 0.0114327
748.82 9.94859 0.402695 2.1961 0.0116106
749.566 9.94342 0.397037 2.19589 0.0113913
750.311 9.94276 0.393404 2.1959 0.0112498
751.057 9.95273 0.394489 2.19641 0.01129
751.802 9.95796 0.395644 2.1967 0.0113484
752.547 9.93974 0.397049 2.19592 0.0114931
753.293 9.92138 0.398052 2.19513 0.0116203
754.038 9.89571 0.391138 2.19398 0.0114068
754.783 9.87043 0.384389 2.19284 0.0111975
755.529 9.85595 0.377574 2.1922 0.0109491
756.274 9.84255 0.370838 2.1916 0.0106997
757.019 9.82908 0.370112 2.19102 0.0107289
757.765 9.81566 0.370976 2.19045 0.010832
758.51 9.80489 0.377995 2.19001 0.0112147
759.255 9.79543 0.38811 2.18965 0.011739
760.001 9.79151 0.384844 2.18951 0.0116199
760.746 9.79236 0.369882 2.18955 0.0109375
761.491 9.78239 0.365883 2.18911 0.0108018
762.237 9.7569 0.377665 2.188 0.0114559
762.982 9.73366 0.38285 2.18697 0.0117955
763.727 9.71574 0.372063 2.18613 0.0113629
764.473 9.69813 0.36293 2.18531 0.0110051
765.218 9.68161 0.361806 2.18457 0.0110232
765.963 9.6657 0.360481 2.18385 0.0110296
766.709 9.66591 0.351894 2.18388 0.0106388
767.454 9.66607 0.343304 2.18391 0.010248
768.199 9.66963 0.338506 2.18411 0.0100281
768.945 9.67357 0.3341 2.18433 0.00982595
769.69 9.66997 0.336723 2.18421 0.00998142
770.435 9.66419 0.341348 2.18399 0.0102391
771.181 9.64931 0.340034 2.18332 0.0102397
771.926 9.62977 0.335622 2.18242 0.010105
772.671 9.6069 0.333006 2.18135 0.0100654
773.417 9.58121 0.331938 2.18015 0.0101084
774.162 9.56604 0.333183 2.17946 0.0102325
774.907 9.56599 0.337885 2.17952 0.0104799
775.653 9.56581 0.337669 2.17955 0.0104889
776.398 9.56527 0.324689 2.17953 0.00987901
777.143 9.56484 0.31394 2.17953 0.00937687
777.889 9.56555 0.315342 2.17961 0.0094616
778.634 9.56615 0.316826 2.17968 0.00955056
779.379 9.56334 0.320718 2.1796 0.00976618
780.125 9.56051 0.324599 2.17952 0.00998142
780.87 9.53482 0.316603 2.17829 0.00968367
781.615 9.5073 0.307687 2.17696 0.00934304
782.361 9.48307 0.308554 2.17581 0.00947149
783.106 9.45997 0.311912 2.17473 0.00972029
783.851 9.45295 0.300906 2.17439 0.00921388
784.597 9.45379 0.28264 2.17442 0.00832594
785.342 9.45173 0.29073 2.17439 0.00874933
786.087 9.44683 0.321075 2.17427 0.0102825
786.833 9.44541 0.334141 2.17428 0.0109513
787.578 9.44948 0.323417 2.17449 0.010426
788.323 9.44856 0.31574 2.17447 0.0100662
789.069 9.43614 0.315344 2.17389 0.0100997
789.814 9.42081 0.315162 2.17317 0.0101521
790.559 9.39191 0.31593 2.17177 0.0102911
791.305 9.36451 0.3158 2.17044 0.0103814
792.05 9.35258 0.302534 2.16984 0.00976659
792.795 9.34064 0.289492 2.16925 0.00916039
793.541 9.34058 0.282671 2.16927 0.00883377
794.286 9.34129 0.276251 2.16933 0.00852522
795.031 9.34673 0.284141 2.16966 0.00892474
795.777 9.35319 0.295336 2.17006 0.00948708
796.522 9.35362 0.290258 2.1701 0.00924718
797.267 9.35137 0.278154 2.17 0.00866081
798.013 9.3312 0.276767 2.16902 0.00866021
798.758 9.29867 0.282832 2.16743 0.00906975
799.503 9.27648 0.284082 2.16634 0.00920928
800.249 9.26579 0.280072 2.16583 0.00904993
800.994 9.25317 0.279527 2.16522 0.00907198
801.739 9.23689 0.285409 2.16444 0.00943301
802.485 9.22391 0.285905 2.16382 0.00950991
803.23 9.22168 0.268483 2.16369 0.00863716
803.975 9.22051 0.253324 2.16363 0.00787703
804.721 9.2298 0.25612 2.16415 0.00801304
805.466 9.23917 0.258958 2.16468 0.00815065
806.211 9.23197 0.28153 2.16441 0.00934222
806.957 9.22427 0.304036 2.16411 0.0105343
807.702 9.2068 0.299915 2.16324 0.0103881
808.447 9.1882 0.292243 2.1623 0.0100606
809.193 9.17355 0.281966 2.16155 0.00958513
809.938 9.16014 0.271028 2.16086 0.00906948
810.683 9.14998 0.269268 2.16037 0.00902011
811.429 9.14161 0.272424 2.15998 0.0092216
812.174 9.13471 0.272641 2.15966 0.00926632
812.919 9.12912 0.270306 2.1594 0.00917446
813.665 9.12505 0.265539 2.15921 0.00895131
814.41 9.12308 0.257371 2.15912 0.00854481
815.155 9.12 0.251875 2.15898 0.00828022
815.901 9.11449 0.252453 2.15873 0.00833889
816.646 9.10695 0.253637 2.15838 0.00843445
817.391 9.09075 0.257352 2.15757 0.00868501
818.137 9.07432 0.260359 2.15675 0.00889998
818.882 9.05318 0.256366 2.15566 0.0087585
819.627 9.03239 0.252472 2.15459 0.00862008
820.373 9.02236 0.255287 2.1541 0.00880936
821.118 9.01275 0.258282 2.15363 0.00900756
821.863 9.01407 0.256607 2.15373 0.00892923
822.609 9.01725 0.254132 2.15393 0.00880357
823.354 9.02074 0.247839 2.15414 0.00847438
824.099 9.0243 0.240193 2.15434 0.00807345
824.845 9.02632 0.236427 2.15447 0.00788247
825.59 9.02746 0.23492 2.15457 0.00781356
826.335 9.02731 0.23556 2.15459 0.00786162
827.081 9.02599 0.23815 2.15456 0.00801602
827.826 9.01724 0.240048 2.15414 0.00815184
828.571 8.99821 0.24093 2.15316 0.0082591
829.317 8.9802 0.239957 2.15223 0.00826498
830.062 8.96411 0.234969 2.15139 0.0080506
830.807 8.94917 0.229573 2.15061 0.00781019
831.553 8.93819 0.222196 2.15004 0.00745233
832.298 8.92835 0.216505 2.14953 0.00718147
833.043 8.92912 0.226423 2.14963 0.00772788
833.789 8.9298 0.236369 2.14972 0.00827591
834.534 8.92718 0.231301 2.1496 0.00802196
835.279 8.92449 0.226019 2.14947 0.0077563
836.025 8.92644 0.226125 2.14961 0.00777039
836.77 8.92904 0.22698 2.14979 0.00782331
837.515 8.92161 0.233772 2.14944 0.0082208
838.261 8.91123 0.24217 2.14893 0.00871334
839.006 8.89816 0.242958 2.14826 0.00880163
839.751 8.88389 0.240067 2.14751 0.00869319
840.497 8.87032 0.239505 2.1468 0.00870921
841.242 8.85731 0.240678 2.14613 0.0088184
841.987 8.85055 0.249041 2.14581 0.00930509
842.733 8.85079 0.265881 2.1459 0.0102374
843.478 8.8472 0.26545 2.14574 0.0102362
844.223 8.83664 0.234478 2.14511 0.00858084
844.969 8.82727 0.213385 2.14458 0.0074587
845.714 8.82312 0.219266 2.14439 0.00780349
846.459 8.81821 0.224469 2.14417 0.00811319
847.205 8.80937 0.226158 2.14372 0.00823942
847.95 8.80106 0.228518 2.1433 0.00840169
848.695 8.80065 0.243054 2.14334 0.00921615
849.441 8.80005 0.257608 2.14338 0.0100321
850.186 8.78502 0.250964 2.14256 0.00971747
850.931 8.76949 0.243513 2.14172 0.00935751
851.677 8.76098 0.217268 2.14121 0.00793495
852.422 8.75298 0.188274 2.14073 0.00635392
853.167 8.7525 0.196325 2.14075 0.00681417
853.913 8.75425 0.216229 2.14093 0.0079283
854.658 8.75044 0.225033 2.14077 0.00843845
855.403 8.74393 0.228051 2.14044 0.00863386
856.149 8.73608 0.225114 2.14003 0.00850095
856.894 8.72721 0.217676 2.13955 0.00811875
857.639 8.72245 0.218302 2.13931 0.00817643
858.385 8.72228 0.228026 2.13936 0.00873164
859.13 8.72008 0.226949 2.13926 0.00868831
859.875 8.71436 0.207797 2.13892 0.00764198
860.621 8.70843 0.197459 2.1386 0.00708756
861.366 8.70254 0.209438 2.13833 0.00778336
862.112 8.69539 0.218291 2.13798 0.00830798
862.857 8.68328 0.213867 2.13731 0.00809903
863.602 8.67225 0.210153 2.13671 0.00792665
864.347 8.67077 0.212648 2.13667 0.0080818
865.093 8.66928 0.215139 2.13662 0.00823675
865.838 8.66838 0.203145 2.13657 0.00757336
866.583 8.66733 0.191175 2.13651 0.00691129
867.329 8.66983 0.196005 2.13669 0.00718923
868.074 8.67267 0.20256 2.1369 0.00756348
868.82 8.66656 0.203493 2.13658 0.00764058
869.565 8.65853 0.203175 2.13616 0.0076514
870.31 8.65195 0.203848 2.13581 0.00771495
871.056 8.64591 0.204874 2.1355 0.00779736
871.801 8.63818 0.202663 2.13509 0.00770015
872.546 8.62955 0.198697 2.13462 0.0075049
873.292 8.62152 0.194932 2.13418 0.00731907
874.037 8.61398 0.191331 2.13377 0.00714094
874.782 8.6108 0.189336 2.13362 0.00704451
875.528 8.61255 0.189128 2.13374 0.00703933
876.273 8.61219 0.190768 2.13376 0.00714387
877.018 8.60841 0.195376 2.13358 0.00742499
877.764 8.60481 0.197123 2.13341 0.00754281
878.509 8.60164 0.192193 2.13324 0.00727868
879.254 8.59827 0.18794 2.13307 0.00705322
880 8.59422 0.186085 2.13286 0.00696596
880.745 8.59117 0.183727 2.13271 0.00684764
881.49 8.59471 0.177932 2.13293 0.00651903
882.236 8.59715 0.17269 2.13308 0.00622453
882.981 8.57899 0.178785 2.13208 0.00661981
883.726 8.56111 0.184636 2.1311 0.00700267
884.472 8.54941 0.181979 2.13044 0.00688412
885.217 8.53804 0.179106 2.12981 0.00675187
885.962 8.5342 0.17339 2.1296 0.00643944
886.708 8.53127 0.167348 2.12945 0.00610593
887.453 8.53047 0.164349 2.12942 0.00594384
888.198 8.53017 0.162057 2.12943 0.00582158
888.944 8.53294 0.160964 2.12961 0.0057628
889.689 8.53684 0.160304 2.12986 0.00572687
890.434 8.53435 0.162885 2.12975 0.00589025
891.18 8.52852 0.167124 2.12945 0.00615599
891.925 8.52042 0.166962 2.12901 0.00617185
892.67 8.51072 0.163695 2.12847 0.00601065
893.416 8.50072 0.163551 2.12791 0.00603084
894.161 8.49041 0.166355 2.12734 0.00622318
894.906 8.48013 0.168142 2.12677 0.00635675
895.652 8.46986 0.168654 2.1262 0.00641619
896.397 8.46191 0.171869 2.12577 0.00662919
897.142 8.45787 0.179856 2.12557 0.00711395
897.888 8.45652 0.182478 2.12553 0.00727944
898.633 8.46185 0.172007 2.12584 0.00666501
899.378 8.46594 0.166489 2.1261 0.00634337
900.124 8.46584 0.178915 2.12614 0.00707908
900.869 8.46553 0.187073 2.12617 0.00756578
901.614 8.46472 0.171216 2.12611 0.00664936
902.36 8.46333 0.156514 2.12603 0.00580108
903.105 8.45831 0.154014 2.12575 0.00567299
903.85 8.45321 0.151567 2.12548 0.00554785
904.596 8.44227 0.150773 2.12486 0.0055299
905.341 8.43146 0.149987 2.12425 0.00551204
906.086 8.42589 0.148246 2.12394 0.00542832
906.832 8.4206 0.146473 2.12365 0.00534203
907.577 8.40938 0.148751 2.12302 0.0055051
908.322 8.39755 0.151459 2.12235 0.00569524
909.068 8.39497 0.150799 2.12222 0.00566957
909.813 8.39433 0.149439 2.1222 0.00559882
910.558 8.39386 0.144816 2.12219 0.00533448
911.304 8.39341 0.139187 2.12218 0.00501045
912.049 8.39284 0.144713 2.12218 0.00534723
912.794 8.39213 0.154938 2.12218 0.0059626
913.54 8.39065 0.158775 2.12212 0.00620118
914.285 8.38878 0.159089 2.12204 0.0062318
915.03 8.38557 0.155749 2.12187 0.00604822
915.776 8.3814 0.149878 2.12163 0.00571595
916.521 8.3744 0.147103 2.12124 0.00557206
917.266 8.36496 0.147028 2.1207 0.00559274
918.012 8.35501 0.148964 2.12013 0.00573423
918.757 8.34446 0.153044 2.11953 0.00600523
919.502 8.33626 0.157146 2.11908 0.00627394
920.248 8.33119 0.161357 2.1188 0.00654385
920.993 8.32436 0.161806 2.11842 0.00659217
921.738 8.31456 0.155984 2.11784 0.0062699
922.484 8.30825 0.155838 2.11749 0.00628114
923.229 8.30917 0.167658 2.11759 0.00699766
923.974 8.31084 0.172391 2.11772 0.00728672
924.72 8.3148 0.157648 2.11795 0.00640154
925.465 8.31694 0.14361 2.11808 0.00556288
926.21 8.31335 0.132521 2.11787 0.00491102
926.956 8.30997 0.122631 2.11767 0.00433001
927.701 8.30806 0.118039 2.11757 0.00406465
928.446 8.30519 0.116013 2.11742 0.00395485
929.192 8.2958 0.131119 2.1169 0.00488687
929.937 8.28661 0.144718 2.1164 0.00573036
930.682 8.2816 0.14532 2.11612 0.00578345
931.428 8.27668 0.145448 2.11584 0.00580766
932.173 8.27322 0.134985 2.11564 0.00518868
932.918 8.26965 0.12463 2.11543 0.00457553
933.664 8.26175 0.132341 2.11498 0.00506303
934.409 8.25383 0.139908 2.11454 0.00554303
935.154 8.24263 0.133587 2.11387 0.00518569
935.9 8.23141 0.126887 2.1132 0.00480391
936.645 8.23005 0.129095 2.11314 0.00494815
937.39 8.22949 0.13203 2.11313 0.00513541
938.136 8.23852 0.13295 2.11371 0.00518377
938.881 8.2489 0.133624 2.11436 0.00521486
939.626 8.25367 0.140753 2.11469 0.00564714
940.372 8.25741 0.149079 2.11495 0.00615325
941.117 8.24398 0.14456 2.11415 0.00591036
941.862 8.22705 0.137447 2.11312 0.00551409
942.608 8.22003 0.132131 2.11271 0.00520885
943.353 8.21563 0.127302 2.11245 0.00492827
944.098 8.20816 0.14415 2.11205 0.00597864
944.844 8.19913 0.167518 2.11156 0.00743408
945.589 8.20336 0.152356 2.11181 0.00650424
946.334 8.21175 0.122473 2.1123 0.00466786
947.08 8.20703 0.119855 2.11202 0.00452208
947.825 8.19706 0.128759 2.11145 0.00509062
948.57 8.19075 0.134487 2.11109 0.00545968
949.316 8.1862 0.138732 2.11084 0.00573529
950.061 8.18442 0.147152 2.11077 0.00626292
950.806 8.18399 0.157806 2.11078 0.0069256
951.552 8.18066 0.149449 2.11058 0.00642517
952.297 8.17537 0.130253 2.11025 0.00526019
953.042 8.16881 0.138215 2.10988 0.00576873
953.788 8.16101 0.162924 2.10946 0.007314
954.533 8.16414 0.147392 2.10965 0.00635678
955.278 8.17323 0.103775 2.11016 0.0036602
956.024 8.16423 0.0983816 2.10961 0.00334659
956.769 8.14314 0.12044 2.10836 0.00474725
957.514 8.135 0.124895 2.10789 0.00504295
958.26 8.13691 0.116301 2.10801 0.00451386
959.005 8.13963 0.109302 2.10819 0.00408275
959.75 8.14304 0.103594 2.10842 0.00373098
960.496 8.14027 0.118398 2.10829 0.00465871
961.241 8.1312 0.150324 2.1078 0.00666044
961.986 8.13061 0.163676 2.10781 0.00749687
962.732 8.13844 0.16091 2.10831 0.00731644
963.477 8.14075 0.157872 2.10846 0.00713042
964.222 8.13796 0.154647 2.10831 0.00694261
964.968 8.1386 0.143857 2.10835 0.00627918
965.713 8.14214 0.12585 2.10855 0.00516371
966.458 8.13732 0.121856 2.10827 0.00493027
967.204 8.12491 0.131049 2.10753 0.00552756
967.949 8.10982 0.13978 2.10663 0.00610318
968.694 8.09235 0.14797 2.10557 0.00665223
969.44 8.08666 0.146492 2.10524 0.0065768
970.185 8.09197 0.135944 2.10557 0.00591426
970.93 8.08428 0.131039 2.1051 0.00562702
971.676 8.06473 0.131538 2.10389 0.00569754
972.421 8.05366 0.127245 2.10321 0.00545254
973.166 8.05008 0.118596 2.10299 0.00492021
973.912 8.04996 0.115161 2.103 0.00471041
974.657 8.05306 0.116421 2.10321 0.00479123
975.402 8.05581 0.116927 2.10341 0.00482507
976.148 8.05824 0.116761 2.10358 0.00481707
976.893 8.05783 0.116506 2.10357 0.00480783
977.638 8.05503 0.116178 2.10341 0.0047976
978.384 8.05368 0.114227 2.10334 0.004683
979.129 8.05349 0.110971 2.10335 0.00448445
979.874 8.05515 0.111268 2.10347 0.00450681
980.62 8.05824 0.114284 2.10369 0.00469801
981.365 8.04672 0.117571 2.10299 0.00492855
982.11 8.02534 0.120842 2.10166 0.0051744
982.856 8.01334 0.124884 2.10093 0.00545558
983.601 8.00724 0.129477 2.10057 0.0057629
984.346 7.99749 0.127612 2.09996 0.00566679
985.092 7.98567 0.12204 2.09922 0.0053375
985.837 7.98178 0.112972 2.09898 0.00477179
986.583 7.982 0.101931 2.09899 0.00407366
987.328 7.98161 0.102484 2.09899 0.00411527
988.073 7.98093 0.108686 2.09897 0.00451742
988.818 7.98431 0.117094 2.09922 0.00505402
989.564 7.98938 0.126582 2.09957 0.00565602
990.309 7.99293 0.134302 2.09983 0.00614715
991.055 7.99588 0.141389 2.10005 0.00659855
991.8 7.99527 0.134444 2.10002 0.00616376
992.545 7.9934 0.123131 2.0999 0.00545301
993.291 7.99391 0.122552 2.09995 0.0054211
994.036 7.99504 0.124741 2.10004 0.00556431
994.781 7.99529 0.123333 2.10007 0.00548008
995.527 7.99536 0.121193 2.10009 0.00534949
996.272 7.9922 0.116647 2.0999 0.00507077
997.017 7.98856 0.111787 2.09968 0.00477244
997.763 7.97923 0.106627 2.09909 0.00446268
998.508 7.96944 0.101565 2.09848 0.0041588
999.253 7.9742 0.12685 2.09884 0.00577249
999.999 7.97866 0.154066 2.09919 0.00750736
