255.408 0.627621 2.38853 1.26835 0.612922
256.154 0.666148 2.46392 1.28974 0.611972
256.899 0.705211 2.53874 1.31034 0.610495
257.644 0.679347 2.47712 1.29394 0.610335
258.39 0.644246 2.39447 1.2713 0.60975
259.135 0.643724 2.49862 1.2952 0.620611
259.88 0.658109 2.6691 1.33512 0.632441
260.626 0.679055 2.70188 1.344 0.630375
261.371 0.702999 2.64574 1.33346 0.6206
262.116 0.730656 2.62337 1.33085 0.612662
262.862 0.762168 2.63795 1.33665 0.607118
263.607 0.784062 2.6463 1.34025 0.603178
264.353 0.787695 2.64292 1.33978 0.602141
265.098 0.792119 2.65249 1.34213 0.602043
265.843 0.799719 2.71013 1.35484 0.605212
266.589 0.807933 2.75704 1.36521 0.60717
267.334 0.819317 2.68132 1.3503 0.598824
268.079 0.831264 2.60585 1.33555 0.589828
268.825 0.79762 2.74599 1.36196 0.608557
269.57 0.763684 2.89938 1.39153 0.626308
270.315 0.818562 2.85625 1.38615 0.612226
271.061 0.893181 2.76987 1.37401 0.590932
271.806 0.928818 2.74225 1.37126 0.581717
272.551 0.946384 2.7414 1.37245 0.578219
273.297 0.969302 2.75691 1.37725 0.575015
274.042 0.996628 2.78562 1.38487 0.572032
274.787 1.00387 2.80426 1.38893 0.572109
275.533 0.983133 2.80912 1.38825 0.576466
276.278 0.982991 2.79803 1.38607 0.575681
277.023 1.03435 2.74736 1.38042 0.561949
277.769 1.07864 2.71796 1.37855 0.551263
278.514 1.08481 2.80354 1.3948 0.557064
279.259 1.09218 2.88631 1.41045 0.561903
280.005 1.11724 2.83266 1.40252 0.553442
280.75 1.14249 2.77933 1.39483 0.54476
281.495 1.16886 2.72075 1.38649 0.535232
282.241 1.19559 2.66182 1.37834 0.525369
282.986 1.20663 2.66804 1.38039 0.524007
283.731 1.21257 2.69544 1.38568 0.52541
284.477 1.23483 2.66043 1.38152 0.51845
285.222 1.26736 2.58773 1.37198 0.506108
285.967 1.29444 2.56786 1.37118 0.499604
286.713 1.31555 2.60307 1.37911 0.499452
287.458 1.33224 2.62066 1.38359 0.498344
288.203 1.34065 2.60629 1.38196 0.495621
288.949 1.35447 2.58799 1.38023 0.491619
289.694 1.38745 2.55584 1.37815 0.483131
290.439 1.41987 2.52718 1.37672 0.475091
291.185 1.4468 2.53324 1.38035 0.471444
291.93 1.47365 2.53926 1.38394 0.467851
292.675 1.50355 2.44311 1.37211 0.453403
293.421 1.53454 2.34266 1.36024 0.437772
294.166 1.54116 2.30716 1.35567 0.432767
294.911 1.5423 2.28596 1.35263 0.430166
295.657 1.55984 2.23989 1.34788 0.422167
296.402 1.58514 2.18266 1.34262 0.411583
297.147 1.61671 2.13555 1.33982 0.401263
297.893 1.65324 2.09673 1.33903 0.391303
298.638 1.66633 2.05967 1.33565 0.384778
299.383 1.64668 2.0246 1.32831 0.382866
300.129 1.63128 1.97867 1.32 0.37881
300.874 1.62682 1.9054 1.30951 0.36928
301.619 1.62326 1.83656 1.29986 0.359891
302.365 1.62167 1.7933 1.29396 0.353735
303.11 1.62029 1.74964 1.2881 0.347357
303.855 1.61935 1.67643 1.27864 0.336186
304.601 1.61902 1.60326 1.26951 0.324579
305.346 1.57947 1.54071 1.25534 0.319113
306.091 1.53471 1.47903 1.24015 0.31403
306.837 1.49909 1.39411 1.22354 0.30321
307.582 1.46735 1.3008 1.20662 0.289585
308.327 1.42448 1.25883 1.19346 0.286464
309.073 1.37386 1.24986 1.18237 0.29065
309.818 1.33522 1.2067 1.16938 0.286495
310.563 1.31054 1.12561 1.15474 0.272379
311.309 1.2811 1.06269 1.14123 0.262066
312.054 1.24121 1.03538 1.12928 0.260441
312.799 1.19468 1.00424 1.11514 0.258547
313.545 1.12268 0.958727 1.09294 0.255916
314.29 1.05183 0.91178 1.07008 0.252389
315.035 1.00012 0.855442 1.05039 0.243747
315.781 0.948494 0.798438 1.03027 0.234234
316.526 0.892681 0.748206 1.00932 0.226347
317.271 0.836523 0.697836 0.987752 0.217796
318.017 0.767802 0.647955 0.961882 0.209979
318.762 0.695723 0.59755 0.934043 0.201518
319.507 0.621018 0.559405 0.905587 0.196525
320.253 0.544655 0.527196 0.876023 0.193162
320.998 0.473129 0.49666 0.847171 0.189424
321.743 0.405892 0.467623 0.81897 0.185331
322.489 0.339554 0.440293 0.790234 0.181338
323.234 0.274802 0.415849 0.761358 0.177905
323.979 0.209591 0.392843 0.73133 0.174718
324.725 0.143789 0.374592 0.700346 0.173327
325.47 0.0773293 0.356707 0.667831 0.171906
326.215 0.0089246 0.342972 0.633433 0.172451
326.961 -0.0599777 0.329024 0.597238 0.172816
327.706 -0.128885 0.323334 0.560326 0.17748
328.451 -0.198308 0.317625 0.521431 0.182443
329.197 -0.262124 0.316805 0.484624 0.189847
329.942 -0.325355 0.316809 0.446699 0.198153
330.687 -0.387645 0.318043 0.407907 0.207664
331.433 -0.449824 0.319771 0.367591 0.21814
332.178 -0.509982 0.326526 0.327764 0.232516
332.923 -0.568793 0.336917 0.287969 0.250332
333.669 -0.626264 0.346981 0.247616 0.268962
334.414 -0.681998 0.356609 0.207021 0.288242
335.159 -0.735324 0.366556 0.166975 0.308596
335.905 -0.782998 0.377053 0.130437 0.329348
336.65 -0.829533 0.387118 0.0936864 0.350726
337.395 -0.870048 0.39482 0.0605118 0.369485
338.141 -0.91078 0.402599 0.0262964 0.389419
338.886 -0.952631 0.410648 -0.0097777 0.411118
339.631 -0.994666 0.418771 -0.0469743 0.434219
340.377 -1.03982 0.426698 -0.0883867 0.459762
341.122 -1.08548 0.434676 -0.131541 0.487223
341.867 -1.12733 0.44119 -0.172609 0.513116
342.613 -1.16819 0.447313 -0.213962 0.539653
343.358 -1.20099 0.450254 -0.249048 0.55986
344.103 -1.22927 0.45139 -0.280765 0.576426
344.849 -1.26285 0.451301 -0.320237 0.595274
345.594 -1.30166 0.449997 -0.368098 0.616748
346.339 -1.34185 0.450373 -0.418359 0.642487
347.085 -1.38429 0.453651 -0.471415 0.675217
347.83 -1.4271 0.457015 -0.526781 0.710551
348.575 -1.4707 0.460583 -0.585094 0.749263
349.321 -1.51361 0.462749 -0.645685 0.788065
350.066 -1.5485 0.451717 -0.708207 0.801902
350.811 -1.5835 0.440615 -0.773737 0.816177
351.557 -1.61924 0.444363 -0.828875 0.856678
352.302 -1.65512 0.448715 -0.885266 0.900947
353.047 -1.6976 0.444874 -0.964494 0.940884
353.793 -1.7416 0.439307 -1.05271 0.982387
354.538 -1.79275 0.438272 -1.15424 1.0458
355.283 -1.84723 0.439281 -1.26575 1.12491
356.029 -1.89283 0.439257 -1.36549 1.19598
356.774 -1.93135 0.438393 -1.45513 1.2593
357.519 -1.96731 0.435123 -1.54711 1.31712
358.265 -1.99969 0.428547 -1.64101 1.36374
359.01 -2.03314 0.423022 -1.74026 1.41871
359.755 -2.06915 0.420185 -1.84555 1.49139
360.501 -2.10788 0.418729 -1.9605 1.58139
361.246 -2.16154 0.425286 -2.10404 1.74741
361.991 -2.21554 0.431789 -2.25264 1.9366
362.737 -2.27132 0.437533 -2.41248 2.15588
363.482 -2.32747 0.443268 -2.57518 2.40821
364.227 -2.37221 0.445596 -2.71507 2.62739
364.973 -2.41559 0.447459 -2.85275 2.86331
365.718 -2.45374 0.441559 -3.01921 3.06715
366.463 -2.49019 0.432947 -3.20508 3.27296
367.209 -2.52753 0.434368 -3.32838 3.54615
367.954 -2.56549 0.442279 -3.39312 3.87446
368.699 -2.61061 0.447186 -3.4844 4.28877
369.445 -2.66371 0.448738 -3.59822 4.82704
370.19 -2.7179 0.450097 -3.66773 5.45376
370.935 -2.77392 0.451048 -3.6686 6.18964
371.681 -2.8273 0.452234 -3.56211 6.973
372.426 -2.8694 0.454266 -3.36496 7.63381
373.171 -2.91063 0.455926 -3.07485 8.30759
373.917 -2.93794 0.452312 -2.90041 8.80337
374.662 -2.96533 0.448681 -2.66993 9.31662
375.407 -3.00067 0.445784 -2.24627 9.96625
376.153 -3.0367 0.442922 -1.69262 10.6099
376.898 -3.09023 0.446418 -0.535675 11.2933
377.643 -3.14843 0.45157 0.932533 11.6949
378.389 -3.20928 0.457246 2.53297 11.6892
379.134 -3.27166 0.463228 4.06158 11.2533
379.879 -3.32481 0.469588 5.15169 10.5931
380.625 -3.36964 0.47628 5.87117 9.90264
381.37 -3.4122 0.480529 6.42884 9.23718
382.116 -3.45113 0.480946 6.87157 8.65093
382.861 -3.48602 0.479977 7.20142 8.12868
383.606 -3.50899 0.475013 7.44267 7.8144
384.352 -3.53512 0.471254 7.65009 7.43731
385.097 -3.58356 0.47623 7.76365 6.70781
385.842 -3.63223 0.48125 7.79034 6.04661
386.587 -3.6951 0.482351 7.79472 5.29491
387.333 -3.7585 0.483414 7.71613 4.63697
388.078 -3.81906 0.490435 7.54105 4.10874
388.824 -3.8794 0.498561 7.34341 3.66425
389.569 -3.93498 0.501542 7.18691 3.3026
390.314 -3.98884 0.502486 7.04147 2.99172
391.06 -4.0297 0.500675 6.94177 2.77483
391.805 -4.06121 0.496871 6.87445 2.61464
392.55 -4.09504 0.496811 6.78227 2.46539
393.296 -4.13174 0.501411 6.66473 2.32861
394.041 -4.17085 0.506826 6.54232 2.19668
394.786 -4.21512 0.514015 6.40636 2.06354
395.532 -4.26252 0.519207 6.276 1.92904
396.277 -4.32377 0.514909 6.1454 1.7492
397.022 -4.38531 0.511168 6.01618 1.5909
397.768 -4.44586 0.521106 5.86562 1.48149
398.513 -4.50675 0.531146 5.725 1.38383
399.258 -4.55625 0.531667 5.63102 1.29828
400.004 -4.60477 0.531208 5.54418 1.21989
400.749 -4.6446 0.534067 5.47091 1.16612
401.494 -4.68194 0.537923 5.40325 1.12097
402.24 -4.71604 0.542847 5.34194 1.08444
402.985 -4.74834 0.548392 5.28489 1.05307
403.73 -4.78827 0.548192 5.22513 1.00586
404.476 -4.83581 0.542257 5.16243 0.945235
405.221 -4.88691 0.540254 5.09268 0.891028
405.966 -4.94402 0.545099 5.01153 0.844667
406.712 -5.00477 0.55092 4.92932 0.800317
407.457 -5.07688 0.559884 4.83597 0.754794
408.202 -5.14747 0.568069 4.75093 0.71374
408.948 -5.2003 0.568232 4.69466 0.679266
409.693 -5.25338 0.568391 4.6404 0.647023
410.438 -5.30485 0.572523 4.58763 0.621707
411.184 -5.35649 0.576836 4.53682 0.59806
411.929 -5.39875 0.583278 4.4954 0.582441
412.674 -5.43917 0.590195 4.45681 0.568848
413.42 -5.47858 0.591564 4.42293 0.551655
414.165 -5.51761 0.590467 4.39141 0.533401
414.91 -5.56752 0.592311 4.35085 0.513781
415.656 -5.62615 0.596505 4.3042 0.493631
416.401 -5.68715 0.598092 4.25876 0.471993
417.146 -5.75128 0.596091 4.21424 0.448212
417.892 -5.81821 0.598135 4.16836 0.427879
418.637 -5.89155 0.610231 4.11746 0.413408
419.382 -5.96318 0.621438 4.07046 0.399789
420.128 -6.02346 0.627141 4.03373 0.386845
420.873 -6.08385 0.6329 3.99837 0.374614
421.618 -6.1349 0.638952 3.96929 0.365443
422.364 -6.18616 0.645051 3.94104 0.356643
423.109 -6.23007 0.642738 3.91928 0.345608
423.854 -6.27317 0.639312 3.89867 0.334649
424.6 -6.31933 0.645049 3.87517 0.327928
425.345 -6.36663 0.65388 3.85118 0.322671
426.09 -6.42389 0.657312 3.82441 0.313229
426.836 -6.48754 0.657356 3.79633 0.3016
427.581 -6.5528 0.66086 3.76792 0.29178
428.326 -6.61981 0.668138 3.7392 0.283723
429.072 -6.69159 0.674639 3.70981 0.275016
429.817 -6.77211 0.679607 3.67848 0.264912
430.562 -6.85127 0.686207 3.64873 0.256186
431.308 -6.92385 0.698747 3.62167 0.250862
432.053 -6.9952 0.71124 3.59605 0.245896
432.798 -7.04747 0.72168 3.57777 0.242816
433.544 -7.09996 0.732202 3.55991 0.239812
434.289 -7.15526 0.728155 3.54336 0.232084
435.034 -7.21096 0.723193 3.52718 0.224353
435.78 -7.26584 0.725965 3.51079 0.219289
436.525 -7.3207 0.730591 3.49463 0.21494
437.27 -7.37711 0.734869 3.47847 0.21049
438.016 -7.43441 0.738993 3.46251 0.20607
438.761 -7.50088 0.745675 3.4443 0.201629
439.506 -7.5753 0.754582 3.4244 0.197215
440.252 -7.65141 0.763609 3.40474 0.192865
440.997 -7.72981 0.772773 3.38517 0.188537
441.742 -7.80906 0.781583 3.36609 0.184239
442.488 -7.88983 0.789267 3.34738 0.179756
443.233 -7.97102 0.797131 3.32919 0.175474
443.978 -8.05221 0.805691 3.31155 0.17152
444.724 -8.13382 0.814339 3.29439 0.167717
445.469 -8.18555 0.821463 3.28373 0.165727
446.214 -8.2375 0.828638 3.27325 0.16378
446.96 -8.29923 0.826366 3.26171 0.159476
447.705 -8.36271 0.822622 3.2502 0.154948
448.45 -8.43075 0.8215 3.23795 0.150797
449.196 -8.50069 0.821325 3.22561 0.146865
449.941 -8.57076 0.829202 3.21311 0.144457
450.686 -8.64104 0.84255 3.20061 0.143028
451.432 -8.71634 0.853953 3.18772 0.141051
452.177 -8.79742 0.863081 3.17437 0.138482
452.922 -8.88162 0.87182 3.16094 0.135792
453.668 -8.9717 0.879668 3.14706 0.132795
454.413 -9.05945 0.88846 3.1339 0.130156
455.158 -9.13575 0.900845 3.12257 0.128612
455.904 -9.21275 0.913646 3.11142 0.127132
456.649 -9.29422 0.930882 3.09977 0.126093
457.394 -9.37617 0.948311 3.08836 0.12507
458.14 -9.44942 0.947581 3.07908 0.122097
458.885 -9.52237 0.945419 3.07008 0.119058
459.63 -9.58743 0.937169 3.06246 0.115666
460.376 -9.65066 0.927263 3.05524 0.112246
461.121 -9.72477 0.935827 3.04624 0.110738
461.866 -9.80476 0.954076 3.03644 0.110184
462.612 -9.87372 0.967086 3.02828 0.109399
463.357 -9.93266 0.975299 3.02155 0.10842
464.102 -10.0085 0.981046 3.01319 0.106658
464.848 -10.1108 0.982899 3.00234 0.103734
465.593 -10.2071 0.987383 2.99234 0.101377
466.338 -10.2841 0.999501 2.9843 0.10041
467.084 -10.3612 1.01074 2.97646 0.0993744
467.829 -10.4358 1.01501 2.9692 0.0977602
468.574 -10.5108 1.01931 2.96206 0.0961829
469.32 -10.613 1.03161 2.95236 0.0946827
470.065 -10.7162 1.04414 2.94282 0.0932236
470.81 -10.8094 1.06507 2.9342 0.0927776
471.556 -10.9015 1.08765 2.92586 0.0924941
472.301 -10.9895 1.10133 2.91825 0.0915572
473.046 -11.0763 1.11159 2.911 0.0903918
473.792 -11.1561 1.11829 2.90454 0.0891326
474.537 -11.2309 1.12248 2.89865 0.0878165
475.282 -11.3107 1.12909 2.89243 0.0866142
476.028 -11.3963 1.13867 2.88583 0.0855405
476.773 -11.4872 1.15188 2.87891 0.0846509
477.518 -11.5887 1.17284 2.87123 0.0841174
478.264 -11.6897 1.19103 2.86382 0.0834031
479.009 -11.7861 1.19607 2.85715 0.0818926
479.754 -11.8824 1.20091 2.85064 0.0804168
480.5 -11.9651 1.20128 2.84525 0.0789414
481.245 -12.0481 1.20164 2.83991 0.0774969
481.99 -12.1458 1.22539 2.83336 0.0773136
482.736 -12.2453 1.25155 2.82679 0.0772356
483.481 -12.3558 1.26996 2.81984 0.0764919
484.226 -12.47 1.28636 2.81287 0.0755832
484.972 -12.5637 1.30052 2.80728 0.0748964
485.717 -12.6464 1.3135 2.80244 0.0743293
486.462 -12.7358 1.31943 2.79743 0.0732785
487.208 -12.8315 1.31862 2.79226 0.071792
487.953 -12.9309 1.32697 2.78686 0.0707826
488.698 -13.0358 1.35044 2.78107 0.0705057
489.444 -13.1359 1.36969 2.7757 0.0700786
490.189 -13.2197 1.37535 2.77144 0.0692018
490.934 -13.3076 1.38315 2.76703 0.0683943
491.68 -13.4244 1.40765 2.76107 0.0680225
492.425 -13.5421 1.43248 2.7552 0.067654
493.17 -13.6555 1.44362 2.74984 0.0667114
493.916 -13.7696 1.45459 2.74457 0.0657764
494.661 -13.876 1.46667 2.73973 0.065009
495.406 -13.9817 1.47907 2.73502 0.0642827
496.152 -14.108 1.48296 2.72962 0.0629693
496.897 -14.2436 1.48332 2.724 0.0614484
497.642 -14.3654 1.50348 2.71885 0.0609315
498.388 -14.4771 1.53855 2.71405 0.0611219
499.133 -14.5815 1.57603 2.7096 0.0614649
499.878 -14.6762 1.6164 2.70557 0.0619985
500.624 -14.7754 1.64047 2.70162 0.0618476
501.369 -14.884 1.62708 2.69778 0.0602171
502.115 -14.9972 1.61919 2.69378 0.0587862
502.86 -15.1296 1.6383 2.68891 0.058166
503.605 -15.261 1.65675 2.68419 0.0575458
504.35 -15.3438 1.65376 2.68141 0.0566667
505.096 -15.4271 1.65072 2.67866 0.0557999
505.841 -15.5569 1.67989 2.67412 0.0555972
506.587 -15.6925 1.71283 2.66945 0.0554604
507.332 -15.8094 1.73782 2.66554 0.0552303
508.077 -15.9212 1.76062 2.66188 0.054975
508.823 -16.0449 1.77422 2.658 0.054339
509.568 -16.1757 1.78257 2.65403 0.0535006
510.313 -16.3044 1.80116 2.65011 0.0530019
511.059 -16.4308 1.83002 2.64626 0.0528246
511.804 -16.5817 1.84944 2.64186 0.0521863
512.549 -16.7742 1.85227 2.63656 0.0507923
513.294 -16.9468 1.86349 2.63186 0.0498222
514.04 -17.0497 1.90217 2.62889 0.0501028
514.785 -17.1584 1.94285 2.62581 0.0503777
515.531 -17.3147 1.99794 2.62147 0.0506568
516.276 -17.4724 2.05396 2.61719 0.0509235
517.021 -17.5745 2.03644 2.61486 0.049783
517.767 -17.6754 2.01628 2.61261 0.0486131
518.512 -17.8294 1.99107 2.60916 0.0470041
519.257 -17.9951 1.96437 2.60551 0.0453406
520.003 -18.1047 1.98018 2.60294 0.0450376
520.748 -18.1901 2.01459 2.60084 0.0453015
521.493 -18.3071 2.08956 2.59781 0.0462579
522.239 -18.4486 2.19669 2.59411 0.047716
522.984 -18.5803 2.25748 2.59095 0.0481899
523.729 -18.6994 2.2557 2.58851 0.0474202
524.475 -18.8309 2.25331 2.58584 0.0465809
525.22 -18.991 2.24954 2.58266 0.045568
525.965 -19.1595 2.25169 2.57933 0.0446549
526.711 -19.3654 2.28511 2.57518 0.0441651
527.456 -19.5714 2.31891 2.57113 0.0436926
528.201 -19.7057 2.34583 2.56853 0.0434825
528.947 -19.8409 2.37308 2.56595 0.0432743
529.692 -20.0345 2.36785 2.56255 0.0421924
530.437 -20.2369 2.35852 2.55909 0.0410336
531.183 -20.4285 2.44365 2.55543 0.0415649
531.928 -20.6175 2.56031 2.55175 0.0425919
532.673 -20.7786 2.60958 2.54891 0.0426128
533.419 -20.9237 2.61802 2.54658 0.0420561
534.164 -21.112 2.61845 2.54366 0.0411854
534.909 -21.3459 2.61033 2.54013 0.0400072
535.655 -21.5419 2.61847 2.53718 0.0392786
536.4 -21.6665 2.65641 2.5352 0.0393101
537.145 -21.8031 2.69908 2.53306 0.0393541
537.891 -21.9799 2.7573 2.53032 0.0394429
538.636 -22.1563 2.81422 2.52764 0.0395048
539.381 -22.3151 2.8495 2.52534 0.0393352
540.127 -22.4752 2.88526 2.52306 0.0391672
540.872 -22.6302 2.94853 2.52078 0.039382
541.617 -22.786 3.01394 2.51851 0.0396086
542.363 -22.9275 2.97614 2.51687 0.0385646
543.108 -23.0664 2.91517 2.51537 0.0372612
543.853 -23.2907 2.93484 2.51252 0.0366778
544.599 -23.5562 2.99231 2.5091 0.036419
545.344 -23.7636 3.04957 2.50645 0.0363647
546.089 -23.9232 3.10654 2.50441 0.0364705
546.835 -24.1062 3.15636 2.50216 0.0364046
547.58 -24.3219 3.19588 2.49963 0.0361075
548.325 -24.5574 3.25838 2.49685 0.0359984
549.071 -24.8398 3.37883 2.49344 0.0363422
549.816 -25.1187 3.48769 2.4902 0.0365466
550.561 -25.3618 3.5163 2.48766 0.036041
551.307 -25.6072 3.54442 2.48515 0.0355363
552.052 -25.8274 3.5193 2.48311 0.0346088
552.797 -26.0498 3.49348 2.48108 0.0336958
553.543 -26.2966 3.53502 2.47867 0.0333679
554.288 -26.5491 3.58643 2.47622 0.0331198
555.033 -26.7688 3.70303 2.47394 0.0335474
555.779 -26.9781 3.84354 2.47172 0.0341896
556.524 -27.228 3.8895 2.46946 0.0338783
557.269 -27.5056 3.87442 2.46718 0.0329866
558.015 -27.7443 3.93936 2.46506 0.0328835
558.76 -27.9384 4.0935 2.4631 0.0336123
559.505 -28.1381 4.18546 2.46129 0.0338063
560.251 -28.348 4.15503 2.45975 0.0330139
560.996 -28.5623 4.13291 2.45818 0.0322939
561.741 -28.7886 4.14438 2.45646 0.0318156
562.487 -29.0134 4.16151 2.45477 0.0313941
563.232 -29.1964 4.24734 2.45324 0.0315828
563.977 -29.3805 4.33441 2.45173 0.0317683
564.723 -29.6641 4.49423 2.44936 0.0322134
565.468 -29.9564 4.6622 2.44696 0.0326633
566.213 -30.2344 4.69353 2.44504 0.0322104
566.959 -30.5114 4.69146 2.44324 0.031553
567.704 -30.7605 4.71436 2.4416 0.0311379
568.449 -30.997 4.74988 2.44004 0.0308402
569.195 -31.2921 4.78629 2.43813 0.0304261
569.94 -31.6398 4.82361 2.43595 0.029917
570.685 -32.0326 4.8469 2.43358 0.0292488
571.431 -32.4919 4.84831 2.43094 0.0283501
572.176 -32.8779 4.92777 2.42863 0.0280627
572.921 -33.0445 5.22295 2.42716 0.0293724
573.667 -33.245 5.49345 2.42557 0.0304379
574.412 -33.678 5.5827 2.42313 0.0300516
575.157 -34.1184 5.67422 2.42073 0.0296721
575.903 -34.6198 5.73707 2.41814 0.0290487
576.648 -35.1311 5.80131 2.41559 0.0284383
577.393 -35.4297 5.84709 2.41413 0.028133
578.139 -35.697 5.89043 2.41285 0.0278762
578.884 -35.9663 5.95351 2.41154 0.0277094
579.629 -36.2381 6.02469 2.41023 0.0275761
580.375 -36.5876 6.18414 2.40846 0.0276974
581.12 -36.9923 6.40752 2.40639 0.0279844
581.865 -37.3138 6.61247 2.40475 0.0283085
582.611 -37.5346 6.79251 2.40357 0.0286788
583.356 -37.7773 6.97168 2.40233 0.0289953
584.101 -38.0647 7.14646 2.40094 0.029207
584.847 -38.4019 7.28045 2.39945 0.0291701
585.592 -38.945 7.22899 2.39752 0.0281176
586.337 -39.4828 7.17622 2.39566 0.0271145
587.083 -39.7773 7.15451 2.39466 0.026611
587.828 -40.0747 7.13198 2.39366 0.0261123
588.573 -40.4703 7.2119 2.3922 0.0258433
589.319 -40.8793 7.30208 2.39071 0.0255961
590.064 -41.3384 7.45781 2.389 0.0255018
590.809 -41.8164 7.63505 2.38725 0.025448
591.555 -42.2853 7.88268 2.38548 0.0256178
592.3 -42.7513 8.17259 2.3837 0.0259008
593.045 -43.1744 8.45759 2.3821 0.0262013
593.791 -43.5562 8.73726 2.38066 0.026518
594.536 -44.0171 8.9215 2.37915 0.0264491
595.281 -44.6081 8.94376 2.37752 0.0257772
596.027 -45.2528 9.04195 2.3757 0.0252677
596.772 -46.0407 9.37936 2.3733 0.0252182
597.517 -46.7893 9.68439 2.37113 0.0251195
598.263 -47.1037 9.63315 2.37044 0.0246491
599.008 -47.4208 9.58047 2.36976 0.0241821
599.753 -48.043 9.8334 2.36806 0.0241126
600.499 -48.6828 10.101 2.36635 0.0240512
601.244 -49.3154 10.5229 2.36455 0.0243219
601.989 -49.9532 10.987 2.36275 0.0246464
602.735 -50.5369 11.2112 2.36135 0.0245133
603.48 -51.1043 11.3354 2.36011 0.0241986
604.225 -51.5432 11.6343 2.35899 0.0243516
604.971 -51.8819 12.0675 2.35794 0.024843
605.716 -52.4509 12.3119 2.35666 0.0247409
606.461 -53.3281 12.3052 2.35511 0.023901
607.207 -54.0786 12.4086 2.35372 0.0234033
607.952 -54.5012 12.7756 2.35269 0.0236545
608.697 -54.9278 13.0211 2.35178 0.0236875
609.443 -55.3615 12.6332 2.35141 0.0226769
610.188 -55.8055 12.2758 2.351 0.0217271
610.933 -56.5471 13.0007 2.34924 0.0222916
611.679 -57.2941 13.7543 2.34749 0.0228438
612.424 -58.0975 14.2023 2.34596 0.022858
613.169 -58.922 14.6294 2.34446 0.0228136
613.915 -59.2152 15.0773 2.34372 0.0232046
614.66 -59.3392 15.532 2.3432 0.0237259
615.405 -60.0698 15.6955 2.34212 0.0233656
616.151 -61.1815 15.6817 2.3407 0.0225021
616.896 -62.2486 16.049 2.33912 0.0221844
617.641 -63.2601 16.8356 2.33736 0.0224064
618.387 -64.3273 17.5035 2.33568 0.0224222
619.132 -65.489 17.9188 2.33414 0.0220849
619.878 -66.4758 18.2711 2.33288 0.0218054
620.623 -66.7647 18.356 2.33254 0.0217081
621.368 -67.1327 18.5253 2.33207 0.0216467
622.113 -68.2833 19.5586 2.33029 0.0219366
622.859 -69.4513 20.6454 2.32852 0.0222192
623.604 -71.0105 21.4302 2.32667 0.0219568
624.349 -72.6408 22.243 2.32484 0.0216744
625.095 -73.7287 22.3729 2.3239 0.0211608
625.84 -74.7085 22.3426 2.32316 0.0206007
626.586 -75.5866 22.8054 2.32225 0.0204899
627.331 -76.4204 23.5151 2.32127 0.0205821
628.076 -77.8559 24.5135 2.31974 0.0205543
628.822 -79.8293 25.7993 2.31779 0.0204307
629.567 -81.2491 27.0727 2.31628 0.0205443
630.312 -81.8039 28.2498 2.3154 0.0209855
631.057 -82.2995 29.1704 2.31467 0.0212807
631.803 -82.676 29.3693 2.31438 0.0212138
632.548 -83.2427 29.6621 2.31393 0.0211086
633.294 -84.9401 30.5161 2.31263 0.0207809
634.039 -86.6888 31.4164 2.31134 0.0204619
634.784 -88.066 32.7432 2.3101 0.0205135
635.53 -89.4648 34.1348 2.30887 0.0205637
636.275 -91.037 35.6277 2.30757 0.0205634
637.02 -92.6608 37.2059 2.30627 0.0205556
637.766 -94.2531 37.9234 2.30537 0.0202107
638.511 -95.8669 38.3277 2.30461 0.0197519
639.256 -96.9807 39.3524 2.30384 0.0197185
640.002 -97.7389 40.8113 2.30305 0.0199578
640.747 -99.3793 42.3727 2.30195 0.0198919
641.492 -102.107 44.0949 2.30051 0.0194905
642.238 -104.069 45.6163 2.29944 0.0192912
642.983 -104.309 46.5506 2.29908 0.0194799
643.728 -104.582 47.4506 2.29872 0.0196414
644.474 -105.02 48.1823 2.29838 0.0196984
645.219 -105.581 49.0984 2.29795 0.0197597
645.964 -107.916 52.6185 2.29627 0.0198851
646.71 -110.24 56.415 2.29462 0.0200065
647.455 -112.956 59.414 2.29322 0.0198014
648.2 -115.778 62.5576 2.29185 0.0195756
648.946 -118.617 63.439 2.29115 0.0189703
649.691 -121.546 63.6783 2.29062 0.018272
650.436 -124.179 64.8881 2.28992 0.0178335
651.182 -126.691 66.6769 2.28914 0.017529
651.927 -128.912 71.4646 2.28778 0.0177036
652.672 -130.458 79.3454 2.28591 0.0182946
653.418 -131.579 86.1022 2.2844 0.0186991
654.163 -132.643 90.514 2.28343 0.0188329
654.908 -133.843 94.6693 2.28254 0.0188829
655.654 -135.786 97.6564 2.28186 0.0186962
656.399 -137.889 100.657 2.2812 0.0184787
657.144 -141.088 102.833 2.28066 0.0180301
657.89 -144.421 105.104 2.28012 0.0175848
658.635 -146.51 117.844 2.27803 0.0177565
659.38 -147.363 132.089 2.27596 0.0179293
660.126 -147.74 138.754 2.27506 0.0179386
660.871 -148.022 144.145 2.27437 0.0179201
661.616 -147.509 147.86 2.27391 0.0179824
662.362 -146.655 150.879 2.27355 0.0180761
663.107 -144.167 155.426 2.27298 0.0183399
663.852 -140.261 160.931 2.27228 0.0187226
664.598 -139.967 168.315 2.27144 0.0186024
665.343 -144.538 178.987 2.27043 0.0178734
666.088 -145.518 190.789 2.26935 0.0174835
666.834 -137.511 202.566 2.26809 0.0178137
667.579 -129.799 211.992 2.26705 0.0180717
668.324 -129.82 213.118 2.26698 0.0180253
669.07 -129.961 214.448 2.26689 0.0179615
669.815 -132.9 220.225 2.2666 0.0175144
670.56 -135.949 226.314 2.26631 0.0170694
671.306 -130.265 247.359 2.2648 0.0165985
672.051 -119.886 271.225 2.26318 0.0161347
672.796 -101.719 282.121 2.26194 0.0163937
673.542 -81.7157 286.642 2.26081 0.0168533
674.287 -71.3998 291.575 2.26014 0.0168903
675.032 -66.2107 297.754 2.25972 0.016694
675.778 -60.7283 299.488 2.2594 0.0167262
676.523 -55.4296 296.849 2.25918 0.0169802
677.268 -47.1244 297.305 2.25872 0.0171108
678.014 -32.94 302.243 2.25785 0.0170338
678.759 -14.4344 306.264 2.25678 0.0169502
679.504 16.6064 307.325 2.25504 0.0168441
680.25 44.285 303.268 2.25348 0.0167297
680.995 49.0996 305.417 2.25327 0.0165313
681.74 54.0598 307.455 2.25307 0.0163335
682.486 56.111 304.205 2.25291 0.0164598
683.231 57.9761 300.826 2.25275 0.0165963
683.976 81.3655 303.143 2.25167 0.0158974
684.722 110.416 301.988 2.25041 0.0150481
685.467 124.161 291.395 2.24952 0.0149464
686.212 130.103 278.611 2.2488 0.0151577
686.958 137.082 259.448 2.24766 0.0154888
687.703 142.727 236.895 2.24622 0.0159049
688.448 146.323 220.96 2.24508 0.0161419
689.194 149.611 211.546 2.24433 0.0161546
689.939 151.649 204.658 2.24376 0.016162
690.684 152.145 203.132 2.24364 0.0161579
691.43 153.359 199.292 2.24332 0.0161416
692.175 157.185 184.174 2.24199 0.0160639
692.92 159.431 170.148 2.24069 0.0159774
693.666 163.418 160.631 2.23976 0.0155933
694.411 166.471 151.228 2.23885 0.0152147
695.156 168.018 143.807 2.23811 0.0149443
695.902 169.015 136.797 2.23739 0.0146885
696.647 169.859 133.788 2.2371 0.0145197
697.392 170.703 131.969 2.23694 0.0143774
698.138 172.933 129.617 2.23677 0.0140658
698.883 175.92 126.845 2.23659 0.0136557
699.628 172.688 121.356 2.23589 0.0137881
700.374 164.016 113.956 2.23466 0.0144581
701.119 157.142 108.222 2.2336 0.0150405
701.864 152.317 104.364 2.23281 0.015486
702.61 148.907 101.008 2.23214 0.0157779
703.355 149.223 98.5592 2.2318 0.0155757
704.1 149.395 96.6925 2.23155 0.0154248
704.846 148.747 100 2.232 0.0157424
705.591 147.962 103.34 2.23246 0.0160625
706.336 148.165 94.7451 2.2312 0.0154733
707.082 147.669 86.2772 2.22988 0.0148633
707.827 146.651 77.5277 2.22845 0.0141573
708.572 145.009 69.335 2.22702 0.0134461
709.318 142.577 65.5696 2.22612 0.0133229
710.063 140.041 63.602 2.22546 0.0134472
710.808 138.965 64.486 2.22545 0.0137515
711.554 138.862 67.5454 2.22595 0.014198
712.299 138.747 68.0484 2.22603 0.0142866
713.044 138.672 65.1938 2.22555 0.0139052
713.79 137.172 61.9406 2.2248 0.0136771
714.535 132.744 57.9427 2.22341 0.0137965
715.28 128.489 54.3864 2.22202 0.0139361
716.026 124.018 51.2949 2.22057 0.0141884
716.771 119.998 48.6017 2.21918 0.0144285
717.516 119.183 48.3475 2.21895 0.0145433
718.262 118.381 48.0953 2.21872 0.0146576
719.007 120.915 48.1122 2.2193 0.0141355
719.752 123.936 48.0974 2.21997 0.0135391
720.498 123.057 45.2854 2.21925 0.0130818
721.243 120.978 41.9148 2.21813 0.0126738
721.988 118.807 38.998 2.21703 0.0123385
722.734 116.623 36.4115 2.21595 0.0120454
723.479 114.261 35.0167 2.21501 0.0120957
724.224 111.793 34.6215 2.21419 0.012469
724.97 110.302 34.1073 2.21363 0.0126177
725.715 110.258 33.4044 2.21348 0.0124043
726.46 109.852 33.1698 2.21331 0.0124141
727.206 108.356 34.3115 2.21307 0.013104
727.951 106.812 35.3024 2.21281 0.0137756
728.696 104.955 35.6219 2.21228 0.014324
729.442 103.153 35.8942 2.21176 0.0148669
730.187 100.852 32.8141 2.21016 0.014377
730.932 98.5787 29.9903 2.20858 0.0138839
731.678 97.3423 28.4182 2.20768 0.0135626
732.423 96.286 27.0973 2.2069 0.0132732
733.168 95.749 26.3657 2.20649 0.0130913
733.914 95.4089 25.8521 2.20622 0.0129504
734.659 95.2483 25.6374 2.2061 0.0128957
735.404 95.2117 25.6244 2.20608 0.0129001
736.15 95.1588 25.18 2.20596 0.0127138
736.895 95.0725 24.24 2.20569 0.0123066
737.641 94.4258 23.16 2.20514 0.0119589
738.386 92.7219 21.8479 2.20401 0.0117304
739.131 91.0457 20.9918 2.20296 0.011701
739.876 89.2997 21.5562 2.20219 0.0124375
740.622 87.7192 22.0549 2.20149 0.0131325
741.367 87.5967 22.5412 2.20157 0.0134306
742.112 87.4674 23.0261 2.20165 0.0137291
742.858 87.5942 23.0811 2.20174 0.0137228
743.603 87.7374 23.11 2.20183 0.0136977
744.349 87.1718 22.1475 2.20125 0.0133425
745.094 86.4363 21.0037 2.20053 0.0129169
745.839 85.6338 19.1977 2.19958 0.012098
746.584 84.7434 17.1754 2.19853 0.0111132
747.33 83.5021 16.4203 2.19757 0.0109522
748.075 82.0584 16.5868 2.19669 0.0114327
748.82 81.1888 16.5014 2.1961 0.0116106
749.566 81.0318 16.1097 2.19589 0.0113913
750.311 81.1054 15.9273 2.1959 0.0112498
751.057 81.7359 16.2348 2.19641 0.01129
751.802 82.0793 16.459 2.1967 0.0113484
752.547 80.9861 16.2369 2.19592 0.0114931
753.293 79.9163 15.9936 2.19513 0.0116203
754.038 78.5933 15.1704 2.19398 0.0114068
754.783 77.3186 14.4027 2.19284 0.0111975
755.529 76.6649 13.8349 2.1922 0.0109491
756.274 76.0736 13.3026 2.1916 0.0106997
757.019 75.3954 13.105 2.19102 0.0107289
757.765 74.7073 12.9963 2.19045 0.010832
758.51 74.0792 13.247 2.19001 0.0112147
759.255 73.4781 13.6676 2.18965 0.011739
760.001 73.3616 13.4797 2.18951 0.0116199
760.746 73.656 12.7603 2.18955 0.0109375
761.491 73.2349 12.4544 2.18911 0.0108018
762.237 71.8288 12.7364 2.188 0.0114559
762.982 70.6597 12.7087 2.18697 0.0117955
763.727 69.9776 11.9944 2.18613 0.0113629
764.473 69.2934 11.3832 2.18531 0.0110051
765.218 68.574 11.1705 2.18457 0.0110232
765.963 67.8965 10.961 2.18385 0.0110296
766.709 68.031 10.6041 2.18388 0.0106388
767.454 68.1605 10.2446 2.18391 0.010248
768.199 68.4043 10.0906 2.18411 0.0100281
768.945 68.6621 9.95637 2.18433 0.00982595
769.69 68.5016 10.0691 2.18421 0.00998142
770.435 68.2211 10.2497 2.18399 0.0102391
771.181 67.5923 10.066 2.18332 0.0102397
771.926 66.7966 9.70414 2.18242 0.010105
772.671 65.8544 9.40124 2.18135 0.0100654
773.417 64.801 9.14966 2.18015 0.0101084
774.162 64.1871 9.09291 2.17946 0.0102325
774.907 64.171 9.31049 2.17952 0.0104799
775.653 64.193 9.32407 2.17955 0.0104889
776.398 64.3113 8.80621 2.17953 0.00987901
777.143 64.4095 8.37954 2.17953 0.00937687
777.889 64.4558 8.46671 2.17961 0.0094616
778.634 64.4968 8.55661 2.17968 0.00955056
779.379 64.3751 8.71856 2.1796 0.00976618
780.125 64.2527 8.87899 2.17952 0.00998142
780.87 63.2937 8.36373 2.17829 0.00968367
781.615 62.2882 7.82139 2.17696 0.00934304
782.361 61.3641 7.70303 2.17581 0.00947149
783.106 60.4875 7.68906 2.17473 0.00972029
783.851 60.3226 7.24856 2.17439 0.00921388
784.597 60.491 6.58677 2.17442 0.00832594
785.342 60.3897 6.89713 2.17439 0.00874933
786.087 60.0273 8.01548 2.17427 0.0102825
786.833 59.8996 8.50769 2.17428 0.0109513
787.578 60.1553 8.16074 2.17449 0.010426
788.323 60.2008 7.88739 2.17447 0.0100662
789.069 59.7664 7.8034 2.17389 0.0100997
789.814 59.2296 7.70825 2.17317 0.0101521
790.559 58.2118 7.5573 2.17177 0.0102911
791.305 57.2794 7.39021 2.17044 0.0103814
792.05 56.9734 6.8785 2.16984 0.00976659
792.795 56.6624 6.38341 2.16925 0.00916039
793.541 56.7176 6.16749 2.16927 0.00883377
794.286 56.7958 5.96841 2.16933 0.00852522
795.031 56.9616 6.28119 2.16966 0.00892474
795.777 57.1416 6.71653 2.17006 0.00948708
796.522 57.2062 6.56032 2.1701 0.00924718
797.267 57.2156 6.14686 2.17 0.00866081
798.013 56.5553 6.01079 2.16902 0.00866021
798.758 55.462 6.06259 2.16743 0.00906975
799.503 54.7559 6.00611 2.16634 0.00920928
800.249 54.4528 5.83974 2.16583 0.00904993
800.994 54.0752 5.77617 2.16522 0.00907198
801.739 53.5572 5.89563 2.16444 0.00943301
802.485 53.1732 5.86211 2.16382 0.00950991
803.23 53.2012 5.33112 2.16369 0.00863716
803.975 53.2448 4.87342 2.16363 0.00787703
804.721 53.539 5.00844 2.16415 0.00801304
805.466 53.8377 5.14739 2.16468 0.00815065
806.211 53.5315 5.83102 2.16441 0.00934222
806.957 53.1976 6.4983 2.16411 0.0105343
807.702 52.7053 6.29425 2.16324 0.0103881
808.447 52.2035 5.98432 2.1623 0.0100606
809.193 51.8345 5.6243 2.16155 0.00958513
809.938 51.5054 5.25801 2.16086 0.00906948
810.683 51.2339 5.17683 2.16037 0.00902011
811.429 50.9959 5.24494 2.15998 0.0092216
812.174 50.8137 5.23415 2.15966 0.00926632
812.919 50.6796 5.15612 2.1594 0.00917446
813.665 50.5988 5.0157 2.15921 0.00895131
814.41 50.5893 4.78737 2.15912 0.00854481
815.155 50.5375 4.63106 2.15898 0.00828022
815.901 50.3955 4.63837 2.15873 0.00833889
816.646 50.1945 4.65527 2.15838 0.00843445
817.391 49.7458 4.71117 2.15757 0.00868501
818.137 49.2991 4.74478 2.15675 0.00889998
818.882 48.7569 4.5727 2.15566 0.0087585
819.627 48.2324 4.40948 2.15459 0.00862008
820.373 47.9741 4.45969 2.1541 0.00880936
821.118 47.7282 4.51493 2.15363 0.00900756
821.863 47.7815 4.48507 2.15373 0.00892923
822.609 47.8858 4.44034 2.15393 0.00880357
823.354 48.0109 4.29645 2.15414 0.00847438
824.099 48.1417 4.11602 2.15434 0.00807345
824.845 48.2199 4.03183 2.15447 0.00788247
825.59 48.2682 4.00428 2.15457 0.00781356
826.335 48.2763 4.02958 2.15459 0.00786162
827.081 48.2477 4.10287 2.15456 0.00801602
827.826 48.0256 4.13509 2.15414 0.00815184
828.571 47.5418 4.10927 2.15316 0.0082591
829.317 47.097 4.03956 2.15223 0.00826498
830.062 46.7178 3.87606 2.15139 0.0080506
830.807 46.3723 3.70918 2.15061 0.00781019
831.553 46.1324 3.50687 2.15004 0.00745233
832.298 45.9169 3.35148 2.14953 0.00718147
833.043 45.9241 3.60328 2.14963 0.00772788
833.789 45.9269 3.85584 2.14972 0.00827591
834.534 45.8885 3.73266 2.1496 0.00802196
835.279 45.8486 3.60438 2.14947 0.0077563
836.025 45.9081 3.61941 2.14961 0.00777039
836.77 45.9818 3.65449 2.14979 0.00782331
837.515 45.7943 3.80831 2.14944 0.0082208
838.261 45.5314 3.99061 2.14893 0.00871334
839.006 45.2271 3.97991 2.14826 0.00880163
839.751 44.9078 3.87892 2.14751 0.00869319
840.497 44.6018 3.83612 2.1468 0.00870921
841.242 44.3071 3.83551 2.14613 0.0088184
841.987 44.1392 4.0168 2.14581 0.00930509
842.733 44.1052 4.41146 2.1459 0.0102374
843.478 44.0349 4.39751 2.14574 0.0102362
844.223 43.8919 3.66664 2.14511 0.00858084
844.969 43.7386 3.17128 2.14458 0.0074587
845.714 43.6422 3.3019 2.14439 0.00780349
846.459 43.5301 3.41462 2.14417 0.00811319
847.205 43.3382 3.43833 2.14372 0.00823942
847.95 43.1575 3.47778 2.1433 0.00840169
848.695 43.1223 3.80617 2.14334 0.00921615
849.441 43.0787 4.13381 2.14338 0.0100321
850.186 42.776 3.95158 2.14256 0.00971747
850.931 42.467 3.7542 2.14172 0.00935751
851.677 42.3537 3.17191 2.14121 0.00793495
852.422 42.2443 2.53671 2.14073 0.00635392
853.167 42.2304 2.71491 2.14075 0.00681417
853.913 42.2397 3.15272 2.14093 0.0079283
854.658 42.1484 3.3396 2.14077 0.00843845
855.403 42.0115 3.3953 2.14044 0.00863386
856.149 41.8603 3.32083 2.14003 0.00850095
856.894 41.6978 3.1498 2.13955 0.00811875
857.639 41.6054 3.15862 2.13931 0.00817643
858.385 41.5899 3.36849 2.13936 0.00873164
859.13 41.5551 3.34647 2.13926 0.00868831
859.875 41.4839 2.93789 2.13892 0.00764198
860.621 41.3877 2.71577 2.1386 0.00708756
861.366 41.2519 2.96001 2.13833 0.00778336
862.112 41.095 3.13464 2.13798 0.00830798
862.857 40.8632 3.02434 2.13731 0.00809903
863.602 40.6538 2.93228 2.13671 0.00792665
864.347 40.6276 2.98524 2.13667 0.0080818
865.093 40.6011 3.03799 2.13662 0.00823675
865.838 40.6139 2.79755 2.13657 0.00757336
866.583 40.6216 2.55723 2.13651 0.00691129
867.329 40.6732 2.66451 2.13669 0.00718923
868.074 40.7282 2.80808 2.1369 0.00756348
868.82 40.6106 2.82091 2.13658 0.00764058
869.565 40.4568 2.80479 2.13616 0.0076514
870.31 40.3312 2.81128 2.13581 0.00771495
871.056 40.2165 2.82574 2.1355 0.00779736
871.801 40.0742 2.77241 2.13509 0.00770015
872.546 39.9175 2.68321 2.13462 0.0075049
873.292 39.7732 2.59993 2.13418 0.00731907
874.037 39.6388 2.52148 2.13377 0.00714094
874.782 39.5875 2.48182 2.13362 0.00704451
875.528 39.6301 2.48481 2.13374 0.00703933
876.273 39.6285 2.5208 2.13376 0.00714387
877.018 39.555 2.60938 2.13358 0.00742499
877.764 39.4896 2.64193 2.13341 0.00754281
878.509 39.4436 2.54497 2.13324 0.00727868
879.254 39.3924 2.46118 2.13307 0.00705322
880 39.3242 2.42323 2.13286 0.00696596
880.745 39.2764 2.37719 2.13271 0.00684764
881.49 39.3611 2.27392 2.13293 0.00651903
882.236 39.4234 2.1793 2.13308 0.00622453
882.981 39.0714 2.27671 2.13208 0.00661981
883.726 38.729 2.36705 2.1311 0.00700267
884.472 38.5192 2.30412 2.13044 0.00688412
885.217 38.3173 2.23849 2.12981 0.00675187
885.962 38.2604 2.13064 2.1296 0.00643944
886.708 38.2204 2.01826 2.12945 0.00610593
887.453 38.2163 1.96521 2.12942 0.00594384
888.198 38.2206 1.92588 2.12943 0.00582158
888.944 38.2805 1.91225 2.12961 0.0057628
889.689 38.3613 1.90789 2.12986 0.00572687
890.434 38.319 1.95702 2.12975 0.00589025
891.18 38.2125 2.03287 2.12945 0.00615599
891.925 38.0692 2.02374 2.12901 0.00617185
892.67 37.9012 1.95567 2.12847 0.00601065
893.416 37.7249 1.94512 2.12791 0.00603084
894.161 37.5409 1.98777 2.12734 0.00622318
894.906 37.3598 2.01144 2.12677 0.00635675
895.652 37.1815 2.01191 2.1262 0.00641619
896.397 37.0425 2.06309 2.12577 0.00662919
897.142 36.9672 2.20314 2.12557 0.00711395
897.888 36.9463 2.25119 2.12553 0.00727944
898.633 37.0607 2.07557 2.12584 0.00666501
899.378 37.1467 1.98542 2.1261 0.00634337
900.124 37.136 2.21053 2.12614 0.00707908
900.869 37.1255 2.35911 2.12617 0.00756578
901.614 37.1388 2.07834 2.12611 0.00664936
902.36 37.1371 1.8174 2.12603 0.00580108
903.105 37.0566 1.77085 2.12575 0.00567299
903.85 36.9748 1.72542 2.12548 0.00554785
904.596 36.7884 1.70387 2.12486 0.0055299
905.341 36.6056 1.68282 2.12425 0.00551204
906.086 36.5162 1.65023 2.12394 0.00542832
906.832 36.432 1.61756 2.12365 0.00534203
907.577 36.2419 1.64973 2.12302 0.0055051
908.322 36.0422 1.6881 2.12235 0.00569524
909.068 36.0047 1.67732 2.12222 0.00566957
909.813 36.001 1.65639 2.1222 0.00559882
910.558 36.0031 1.57988 2.12219 0.00533448
911.304 36.0061 1.48619 2.12218 0.00501045
912.049 35.9976 1.58291 2.12218 0.00534723
912.794 35.9817 1.75964 2.12218 0.0059626
913.54 35.9583 1.82646 2.12212 0.00620118
914.285 35.932 1.83274 2.12204 0.0062318
915.03 35.8867 1.77544 2.12187 0.00604822
915.776 35.8273 1.67447 2.12163 0.00571595
916.521 35.717 1.6238 2.12124 0.00557206
917.266 35.564 1.61676 2.1207 0.00559274
918.012 35.4013 1.64282 2.12013 0.00573423
918.757 35.2278 1.7034 2.11953 0.00600523
919.502 35.094 1.76577 2.11908 0.00627394
920.248 35.0118 1.83246 2.1188 0.00654385
920.993 34.9048 1.83532 2.11842 0.00659217
921.738 34.7564 1.73327 2.11784 0.0062699
922.484 34.6597 1.72736 2.11749 0.00628114
923.229 34.6675 1.922 2.11759 0.00699766
923.974 34.6944 2.00311 2.11772 0.00728672
924.72 34.7798 1.77085 2.11795 0.00640154
925.465 34.8328 1.54694 2.11808 0.00556288
926.21 34.7885 1.36605 2.11787 0.00491102
926.956 34.7453 1.20544 2.11767 0.00433001
927.701 34.7224 1.13212 2.11757 0.00406465
928.446 34.6823 1.1 2.11742 0.00395485
929.192 34.5264 1.34037 2.1169 0.00488687
929.937 34.3734 1.55368 2.1164 0.00573036
930.682 34.298 1.56141 2.11612 0.00578345
931.428 34.2246 1.56158 2.11584 0.00580766
932.173 34.1831 1.39506 2.11564 0.00518868
932.918 34.1386 1.23075 2.11543 0.00457553
933.664 34.0135 1.34945 2.11498 0.00506303
934.409 33.8884 1.46462 2.11454 0.00554303
935.154 33.7231 1.35972 2.11387 0.00518569
935.9 33.5584 1.2504 2.1132 0.00480391
936.645 33.5407 1.28575 2.11314 0.00494815
937.39 33.5348 1.33282 2.11313 0.00513541
938.136 33.6787 1.35561 2.11371 0.00518377
938.881 33.8448 1.37583 2.11436 0.00521486
939.626 33.9188 1.49345 2.11469 0.00564714
940.372 33.9751 1.62976 2.11495 0.00615325
941.117 33.7734 1.54938 2.11415 0.00591036
941.862 33.5212 1.42748 2.11312 0.00551409
942.608 33.4217 1.34256 2.11271 0.00520885
943.353 33.3621 1.2675 2.11245 0.00492827
944.098 33.2398 1.52162 2.11205 0.00597864
944.844 33.085 1.87026 2.11156 0.00743408
945.589 33.1685 1.64658 2.11181 0.00650424
946.334 33.3239 1.19917 2.1123 0.00466786
947.08 33.2579 1.1583 2.11202 0.00452208
947.825 33.105 1.28949 2.11145 0.00509062
948.57 33.01 1.37375 2.11109 0.00545968
949.316 32.9424 1.43635 2.11084 0.00573529
950.061 32.9131 1.56364 2.11077 0.00626292
950.806 32.9012 1.72548 2.11078 0.0069256
951.552 32.8634 1.59896 2.11058 0.00642517
952.297 32.8034 1.30901 2.11025 0.00526019
953.042 32.7039 1.42514 2.10988 0.00576873
953.788 32.5703 1.78743 2.10946 0.007314
954.533 32.6353 1.56187 2.10965 0.00635678
955.278 32.8032 0.918704 2.11016 0.0036602
956.024 32.6753 0.836276 2.10961 0.00334659
956.769 32.3569 1.1542 2.10836 0.00474725
957.514 32.2391 1.21633 2.10789 0.00504295
958.26 32.2762 1.09357 2.10801 0.00451386
959.005 32.3238 0.994165 2.10819 0.00408275
959.75 32.3805 0.913604 2.10842 0.00373098
960.496 32.3365 1.13149 2.10829 0.00465871
961.241 32.1848 1.59379 2.1078 0.00666044
961.986 32.1675 1.78968 2.10781 0.00749687
962.732 32.2886 1.75899 2.10831 0.00731644
963.477 32.3294 1.71864 2.10846 0.00713042
964.222 32.2955 1.67061 2.10831 0.00694261
964.968 32.3183 1.51482 2.10835 0.00627918
965.713 32.3877 1.2546 2.10855 0.00516371
966.458 32.3235 1.19456 2.10827 0.00493027
967.204 32.1399 1.32253 2.10753 0.00552756
967.949 31.9188 1.43965 2.10663 0.00610318
968.694 31.6655 1.54466 2.10557 0.00665223
969.44 31.5896 1.52064 2.10524 0.0065768
970.185 31.6772 1.37636 2.10557 0.00591426
970.93 31.5749 1.3028 2.1051 0.00562702
971.676 31.3025 1.29816 2.10389 0.00569754
972.421 31.1542 1.2325 2.10321 0.00545254
973.166 31.1131 1.11155 2.10299 0.00492021
973.912 31.117 1.06527 2.103 0.00471041
974.657 31.1631 1.08603 2.10321 0.00479123
975.402 31.2048 1.09614 2.10341 0.00482507
976.148 31.2425 1.09671 2.10358 0.00481707
976.893 31.2405 1.09446 2.10357 0.00480783
977.638 31.2051 1.08987 2.10341 0.0047976
978.384 31.191 1.06342 2.10334 0.004683
979.129 31.1935 1.01936 2.10335 0.00448445
979.874 31.2202 1.02587 2.10347 0.00450681
980.62 31.2654 1.07121 2.10369 0.00469801
981.365 31.1064 1.11229 2.10299 0.00492855
982.11 30.8124 1.1467 2.10166 0.0051744
982.856 30.6493 1.19627 2.10093 0.00545558
983.601 30.5669 1.25634 2.10057 0.0057629
984.346 30.4395 1.22633 2.09996 0.00566679
985.092 30.2873 1.14567 2.09922 0.0053375
985.837 30.2434 1.02359 2.09898 0.00477179
986.583 30.2546 0.87737 2.09899 0.00407366
987.328 30.2525 0.885951 2.09899 0.00411527
988.073 30.244 0.969979 2.09897 0.00451742
988.818 30.2882 1.08565 2.09922 0.00505402
989.564 30.354 1.21741 2.09957 0.00565602
990.309 30.3999 1.3251 2.09983 0.00614715
991.055 30.4378 1.42428 2.10005 0.00659855
991.8 30.4379 1.33153 2.10002 0.00616376
992.545 30.4233 1.17904 2.0999 0.00545301
993.291 30.4337 1.17292 2.09995 0.0054211
994.036 30.451 1.20459 2.10004 0.00556431
994.781 30.4584 1.18711 2.10007 0.00548008
995.527 30.4638 1.15959 2.10009 0.00534949
996.272 30.4271 1.09771 2.0999 0.00507077
997.017 30.3838 1.03155 2.09968 0.00477244
997.763 30.2641 0.958934 2.09909 0.00446268
998.508 30.1388 0.888225 2.09848 0.0041588
999.253 30.1919 1.22939 2.09884 0.00577249
999.999 30.2341 1.59801 2.09919 0.00750736
