255.408 0.58936 2.03859 1.26835 0.612922
256.154 0.614336 2.1003 1.28974 0.611972
256.899 0.63934 2.16156 1.31034 0.610495
257.644 0.622931 2.11457 1.29394 0.610335
258.39 0.60029 2.05048 1.2713 0.60975
259.135 0.593567 2.13233 1.2952 0.620611
259.88 0.593943 2.26491 1.33512 0.632441
260.626 0.607333 2.29288 1.344 0.630375
261.371 0.628729 2.25365 1.33346 0.6206
262.116 0.650957 2.2402 1.33085 0.612662
262.862 0.673759 2.25527 1.33665 0.607118
263.607 0.689654 2.26498 1.34025 0.603178
264.353 0.692422 2.26444 1.33978 0.602141
265.098 0.694883 2.27388 1.34213 0.602043
265.843 0.69627 2.32039 1.35484 0.605212
266.589 0.698821 2.35866 1.36521 0.60717
267.334 0.712976 2.30337 1.3503 0.598824
268.079 0.727638 2.24776 1.33555 0.589828
268.825 0.691051 2.35499 1.36196 0.608557
269.57 0.653478 2.47114 1.39153 0.626308
270.315 0.698165 2.44454 1.38615 0.612226
271.061 0.76198 2.3863 1.37401 0.590932
271.806 0.791622 2.36979 1.37126 0.581717
272.551 0.805195 2.37242 1.37245 0.578219
273.297 0.821537 2.3882 1.37725 0.575015
274.042 0.840116 2.41464 1.38487 0.572032
274.787 0.84403 2.43154 1.38893 0.572109
275.533 0.827539 2.43528 1.38825 0.576466
276.278 0.828397 2.4285 1.38607 0.575681
277.023 0.872945 2.39552 1.38042 0.561949
277.769 0.910398 2.37839 1.37855 0.551263
278.514 0.907154 2.44764 1.3948 0.557064
279.259 0.904931 2.51453 1.41045 0.561903
280.005 0.929809 2.47712 1.40252 0.553442
280.75 0.955013 2.43968 1.39483 0.54476
281.495 0.981832 2.39792 1.38649 0.535232
282.241 1.0092 2.35558 1.37834 0.525369
282.986 1.01757 2.36328 1.38039 0.524007
283.731 1.01972 2.38731 1.38568 0.52541
284.477 1.04135 2.36334 1.38152 0.51845
285.222 1.07535 2.31001 1.37198 0.506108
285.967 1.09961 2.29838 1.37118 0.499604
286.713 1.11319 2.33057 1.37911 0.499452
287.458 1.12508 2.3481 1.38359 0.498344
288.203 1.13383 2.33894 1.38196 0.495621
288.949 1.14744 2.32714 1.38023 0.491619
289.694 1.17825 2.30614 1.37815 0.483131
290.439 1.20841 2.28785 1.37672 0.475091
291.185 1.23021 2.29731 1.38035 0.471444
291.93 1.252 2.30678 1.38394 0.467851
292.675 1.28849 2.23245 1.37211 0.453403
293.421 1.32666 2.15382 1.36024 0.437772
294.166 1.33695 2.12605 1.35567 0.432767
294.911 1.34094 2.10952 1.35263 0.430166
295.657 1.3617 2.07383 1.34788 0.422167
296.402 1.39046 2.02933 1.34262 0.411583
297.147 1.42355 1.99388 1.33982 0.401263
297.893 1.46011 1.96593 1.33903 0.391303
298.638 1.47646 1.93649 1.33565 0.384778
299.383 1.46426 1.90472 1.32831 0.382866
300.129 1.45685 1.86391 1.32 0.37881
300.874 1.46193 1.80031 1.30951 0.36928
301.619 1.4671 1.74026 1.29986 0.359891
302.365 1.47102 1.70263 1.29396 0.353735
303.11 1.4751 1.66449 1.2881 0.347357
303.855 1.48264 1.59987 1.27864 0.336186
304.601 1.49053 1.53491 1.26951 0.324579
305.346 1.46179 1.47512 1.25534 0.319113
306.091 1.42779 1.41556 1.24015 0.31403
306.837 1.40368 1.3357 1.22354 0.30321
307.582 1.38319 1.24823 1.20662 0.289585
308.327 1.34769 1.20664 1.19346 0.286464
309.073 1.30229 1.1948 1.18237 0.29065
309.818 1.27034 1.15271 1.16938 0.286495
310.563 1.25357 1.07671 1.15474 0.272379
311.309 1.23073 1.01695 1.14123 0.262066
312.054 1.19569 0.989468 1.12928 0.260441
312.799 1.15459 0.958171 1.11514 0.258547
313.545 1.09048 0.91241 1.09294 0.255916
314.29 1.02719 0.86576 1.07008 0.252389
315.035 0.981716 0.811546 1.05039 0.243747
315.781 0.935978 0.756879 1.03027 0.234234
316.526 0.885783 0.708547 1.00932 0.226347
317.271 0.834982 0.660296 0.987752 0.217796
318.017 0.772209 0.612455 0.961882 0.209979
318.762 0.706062 0.564416 0.934043 0.201518
319.507 0.637097 0.528103 0.905587 0.196525
320.253 0.566443 0.497646 0.876023 0.193162
320.998 0.500218 0.469098 0.847171 0.189424
321.743 0.437922 0.442228 0.81897 0.185331
322.489 0.37643 0.417175 0.790234 0.181338
323.234 0.3164 0.394996 0.761358 0.177905
323.979 0.255961 0.37434 0.73133 0.174718
324.725 0.19504 0.358243 0.700346 0.173327
325.47 0.133555 0.342652 0.667831 0.171906
326.215 0.0703849 0.331041 0.633433 0.172451
326.961 0.00680916 0.319377 0.597238 0.172816
327.706 -0.0565723 0.315381 0.560326 0.17748
328.451 -0.120363 0.311465 0.521431 0.182443
329.197 -0.178889 0.311973 0.484624 0.189847
329.942 -0.236825 0.313271 0.446699 0.198153
330.687 -0.293849 0.315713 0.407907 0.207664
331.433 -0.350745 0.318642 0.367591 0.21814
332.178 -0.40568 0.326132 0.327764 0.232516
332.923 -0.459307 0.336929 0.287969 0.250332
333.669 -0.511734 0.347433 0.247616 0.268962
334.414 -0.562614 0.357535 0.207021 0.288242
335.159 -0.611326 0.36791 0.166975 0.308596
335.905 -0.654912 0.378682 0.130437 0.329348
336.65 -0.69751 0.389075 0.0936864 0.350726
337.395 -0.734723 0.397189 0.0605118 0.369485
338.141 -0.772171 0.405421 0.0262964 0.389419
338.886 -0.810678 0.413983 -0.0097777 0.411118
339.631 -0.849399 0.422676 -0.0469743 0.434219
340.377 -0.891045 0.431361 -0.0883867 0.459762
341.122 -0.933218 0.440195 -0.131541 0.487223
341.867 -0.972004 0.447634 -0.172609 0.513116
342.613 -1.00996 0.454761 -0.213962 0.539653
343.358 -1.04067 0.458706 -0.249048 0.55986
344.103 -1.06732 0.460843 -0.280765 0.576426
344.849 -1.09898 0.462118 -0.320237 0.595274
345.594 -1.13565 0.462567 -0.368098 0.616748
346.339 -1.17363 0.464737 -0.418359 0.642487
347.085 -1.21366 0.469856 -0.471415 0.675217
347.83 -1.25415 0.47524 -0.526781 0.710551
348.575 -1.29548 0.481052 -0.585094 0.749263
349.321 -1.33634 0.485712 -0.645685 0.788065
350.066 -1.37066 0.477518 -0.708207 0.801902
350.811 -1.40529 0.46935 -0.773737 0.816177
351.557 -1.43962 0.475536 -0.828875 0.856678
352.302 -1.47407 0.482535 -0.885266 0.900947
353.047 -1.51564 0.482549 -0.964494 0.940884
353.793 -1.559 0.481403 -1.05271 0.982387
354.538 -1.60889 0.48587 -1.15424 1.0458
355.283 -1.66173 0.493391 -1.26575 1.12491
356.029 -1.70605 0.499412 -1.36549 1.19598
356.774 -1.74354 0.504082 -1.45513 1.2593
357.519 -1.77882 0.506435 -1.54711 1.31712
358.265 -1.81115 0.505393 -1.64101 1.36374
359.01 -1.84417 0.505851 -1.74026 1.41871
359.755 -1.8789 0.509619 -1.84555 1.49139
360.501 -1.91556 0.515481 -1.9605 1.58139
361.246 -1.96374 0.531897 -2.10404 1.74741
361.991 -2.01136 0.548377 -2.25264 1.9366
362.737 -2.0599 0.564467 -2.41248 2.15588
363.482 -2.10801 0.580452 -2.57518 2.40821
364.227 -2.14641 0.590988 -2.71507 2.62739
364.973 -2.18338 0.600707 -2.85275 2.86331
365.718 -2.21718 0.602724 -3.01921 3.06715
366.463 -2.24985 0.602098 -3.20508 3.27296
367.209 -2.28109 0.609921 -3.32838 3.54615
367.954 -2.31146 0.623067 -3.39312 3.87446
368.699 -2.34814 0.634884 -3.4844 4.28877
369.445 -2.39179 0.645211 -3.59822 4.82704
370.19 -2.43612 0.655351 -3.66773 5.45376
370.935 -2.48181 0.665267 -3.6686 6.18964
371.681 -2.52515 0.674707 -3.56211 6.973
372.426 -2.55916 0.682719 -3.36496 7.63381
373.171 -2.59246 0.690165 -3.07485 8.30759
373.917 -2.61548 0.690974 -2.90041 8.80337
374.662 -2.63853 0.691734 -2.66993 9.31662
375.407 -2.66776 0.694339 -2.24627 9.96625
376.153 -2.69747 0.697015 -1.69262 10.6099
376.898 -2.73999 0.707484 -0.535675 11.2933
377.643 -2.78585 0.719866 0.932533 11.6949
378.389 -2.83364 0.732928 2.53297 11.6892
379.134 -2.8825 0.74632 4.06158 11.2533
379.879 -2.92398 0.758442 5.15169 10.5931
380.625 -2.95884 0.76944 5.87117 9.90264
381.37 -2.99227 0.778099 6.42884 9.23718
382.116 -3.02342 0.783145 6.87157 8.65093
382.861 -3.05161 0.786447 7.20142 8.12868
383.606 -3.07107 0.784804 7.44267 7.8144
384.352 -3.09282 0.784548 7.65009 7.43731
385.097 -3.13064 0.794381 7.76365 6.70781
385.842 -3.16859 0.804208 7.79034 6.04661
386.587 -3.2181 0.813007 7.79472 5.29491
387.333 -3.26796 0.82178 7.71613 4.63697
388.078 -3.31467 0.834669 7.54105 4.10874
388.824 -3.36101 0.848296 7.34341 3.66425
389.569 -3.40436 0.857192 7.18691 3.3026
390.314 -3.44664 0.864214 7.04147 2.99172
391.06 -3.4793 0.867201 6.94177 2.77483
391.805 -3.50505 0.867281 6.87445 2.61464
392.55 -3.53204 0.870538 6.78227 2.46539
393.296 -3.56056 0.877742 6.66473 2.32861
394.041 -3.59079 0.885872 6.54232 2.19668
394.786 -3.62473 0.896044 6.40636 2.06354
395.532 -3.66131 0.90508 6.276 1.92904
396.277 -3.70976 0.908778 6.1454 1.7492
397.022 -3.7583 0.912907 6.01618 1.5909
397.768 -3.80411 0.927253 5.86562 1.48149
398.513 -3.85011 0.941653 5.725 1.38383
399.258 -3.88877 0.947191 5.63102 1.29828
400.004 -3.92682 0.951814 5.54418 1.21989
400.749 -3.9578 0.957698 5.47091 1.16612
401.494 -3.98676 0.963954 5.40325 1.12097
402.24 -4.01313 0.970534 5.34194 1.08444
402.985 -4.03805 0.977302 5.28489 1.05307
403.73 -4.06952 0.980757 5.22513 1.00586
404.476 -4.10749 0.980909 5.16243 0.945235
405.221 -4.14757 0.98448 5.09268 0.891028
405.966 -4.19121 0.993985 5.01153 0.844667
406.712 -4.23741 1.00467 4.92932 0.800317
407.457 -4.29163 1.01921 4.83597 0.754794
408.202 -4.34475 1.03289 4.75093 0.71374
408.948 -4.38567 1.03812 4.69466 0.679266
409.693 -4.42675 1.04335 4.6404 0.647023
410.438 -4.46607 1.05127 4.58763 0.621707
411.184 -4.50547 1.05932 4.53682 0.59806
411.929 -4.53761 1.06763 4.4954 0.582441
412.674 -4.56832 1.07601 4.45681 0.568848
413.42 -4.59902 1.0801 4.42293 0.551655
414.165 -4.62978 1.0823 4.39141 0.533401
414.91 -4.66819 1.0881 4.35085 0.513781
415.656 -4.71271 1.09676 4.3042 0.493631
416.401 -4.75929 1.10378 4.25876 0.471993
417.146 -4.80863 1.10854 4.21424 0.448212
417.892 -4.85945 1.11662 4.16836 0.427879
418.637 -4.91357 1.1329 4.11746 0.413408
419.382 -4.9665 1.14823 4.07046 0.399789
420.128 -5.01183 1.15796 4.03373 0.386845
420.873 -5.05719 1.1677 3.99837 0.374614
421.618 -5.09568 1.17637 3.96929 0.365443
422.364 -5.13431 1.18507 3.94104 0.356643
423.109 -5.1687 1.18663 3.91928 0.345608
423.854 -5.20264 1.18725 3.89867 0.334649
424.6 -5.2376 1.19491 3.87517 0.327928
425.345 -5.27298 1.20493 3.85118 0.322671
426.09 -5.3163 1.21231 3.82441 0.313229
426.836 -5.36466 1.21803 3.79633 0.3016
427.581 -5.41372 1.22643 3.76792 0.29178
428.326 -5.4635 1.23775 3.7392 0.283723
429.072 -5.5168 1.24909 3.70981 0.275016
429.817 -5.57654 1.26043 3.67848 0.264912
430.562 -5.63503 1.27271 3.64873 0.256186
431.308 -5.68796 1.28835 3.62167 0.250862
432.053 -5.73999 1.30373 3.59605 0.245896
432.798 -5.77861 1.31511 3.57777 0.242816
433.544 -5.81738 1.32652 3.55991 0.239812
434.289 -5.86005 1.32787 3.54336 0.232084
435.034 -5.90311 1.3286 3.52718 0.224353
435.78 -5.94457 1.3347 3.51079 0.219289
436.525 -5.98578 1.34209 3.49463 0.21494
437.27 -6.02813 1.3494 3.47847 0.21049
438.016 -6.07113 1.35668 3.46251 0.20607
438.761 -6.12029 1.36692 3.4443 0.201629
439.506 -6.17477 1.37972 3.4244 0.197215
440.252 -6.23039 1.39278 3.40474 0.192865
440.997 -6.28757 1.40618 3.38517 0.188537
441.742 -6.34535 1.41939 3.36609 0.184239
442.488 -6.40429 1.43195 3.34738 0.179756
443.233 -6.46347 1.44465 3.32919 0.175474
443.978 -6.5225 1.4578 3.31155 0.17152
444.724 -6.58177 1.47101 3.29439 0.167717
445.469 -6.62034 1.47929 3.28373 0.165727
446.214 -6.65906 1.4876 3.27325 0.16378
446.96 -6.70581 1.49055 3.26171 0.159476
447.705 -6.75396 1.49266 3.2502 0.154948
448.45 -6.80493 1.49717 3.23795 0.150797
449.196 -6.85709 1.50254 3.22561 0.146865
449.941 -6.90829 1.5135 3.21311 0.144457
450.686 -6.95893 1.52823 3.20061 0.143028
451.432 -7.01327 1.54221 3.18772 0.141051
452.177 -7.07187 1.55529 3.17437 0.138482
452.922 -7.13263 1.56846 3.16094 0.135792
453.668 -7.1975 1.58172 3.14706 0.132795
454.413 -7.2606 1.59529 3.1339 0.130156
455.158 -7.31534 1.60983 3.12257 0.128612
455.904 -7.37049 1.6247 3.11142 0.127132
456.649 -7.42812 1.6431 3.09977 0.126093
457.394 -7.48602 1.66164 3.08836 0.12507
458.14 -7.54024 1.66666 3.07908 0.122097
458.885 -7.59441 1.67064 3.07008 0.119058
459.63 -7.64398 1.66947 3.06246 0.115666
460.376 -7.69251 1.66694 3.05524 0.112246
461.121 -7.7461 1.6783 3.04624 0.110738
461.866 -7.80244 1.69691 3.03644 0.110184
462.612 -7.85196 1.71055 3.02828 0.109399
463.357 -7.89531 1.71965 3.02155 0.10842
464.102 -7.9504 1.72917 3.01319 0.106658
464.848 -8.02378 1.73932 3.00234 0.103734
465.593 -8.09265 1.75046 2.99234 0.101377
466.338 -8.14765 1.7643 2.9843 0.10041
467.084 -8.20276 1.77751 2.97646 0.0993744
467.829 -8.25708 1.78571 2.9692 0.0977602
468.574 -8.31165 1.79395 2.96206 0.0961829
469.32 -8.38336 1.81087 2.95236 0.0946827
470.065 -8.45566 1.82802 2.94282 0.0932236
470.81 -8.52023 1.84947 2.9342 0.0927776
471.556 -8.58375 1.8718 2.92586 0.0924941
472.301 -8.64568 1.88767 2.91825 0.0915572
473.046 -8.70719 1.90108 2.911 0.0903918
473.792 -8.76446 1.91123 2.90454 0.0891326
474.537 -8.8188 1.91908 2.89865 0.0878165
475.282 -8.87605 1.92911 2.89243 0.0866142
476.028 -8.93679 1.94178 2.88583 0.0855405
476.773 -9.0005 1.95744 2.87891 0.0846509
477.518 -9.07022 1.97942 2.87123 0.0841174
478.264 -9.13991 1.99947 2.86382 0.0834031
479.009 -9.20815 2.01031 2.85715 0.0818926
479.754 -9.27629 2.02096 2.85064 0.0804168
480.5 -9.33602 2.02702 2.84525 0.0789414
481.245 -9.39604 2.0331 2.83991 0.0774969
481.99 -9.46266 2.05612 2.83336 0.0773136
482.736 -9.53018 2.08087 2.82679 0.0772356
483.481 -9.6057 2.10185 2.81984 0.0764919
484.226 -9.68377 2.1219 2.81287 0.0755832
484.972 -9.74886 2.13799 2.80728 0.0748964
485.717 -9.80699 2.15196 2.80244 0.0743293
486.462 -9.87021 2.16215 2.79743 0.0732785
487.208 -9.93831 2.16874 2.79226 0.071792
487.953 -10.0076 2.18162 2.78686 0.0707826
488.698 -10.0786 2.2048 2.78107 0.0705057
489.444 -10.147 2.22465 2.7757 0.0700786
490.189 -10.2066 2.23382 2.77144 0.0692018
490.934 -10.2685 2.24482 2.76703 0.0683943
491.68 -10.3468 2.26985 2.76107 0.0680225
492.425 -10.4256 2.29511 2.7552 0.067654
493.17 -10.5032 2.31111 2.74984 0.0667114
493.916 -10.5813 2.32704 2.74457 0.0657764
494.661 -10.6543 2.34273 2.73973 0.065009
495.406 -10.7267 2.35848 2.73502 0.0642827
496.152 -10.813 2.37127 2.72962 0.0629693
496.897 -10.9055 2.38291 2.724 0.0614484
497.642 -10.987 2.40531 2.71885 0.0609315
498.388 -11.0603 2.43575 2.71405 0.0611219
499.133 -11.1287 2.46675 2.7096 0.0614649
499.878 -11.1908 2.49833 2.70557 0.0619985
500.624 -11.2575 2.52021 2.70162 0.0618476
501.369 -11.3344 2.51987 2.69778 0.0602171
502.115 -11.4135 2.52348 2.69378 0.0587862
502.86 -11.5012 2.54601 2.68891 0.058166
503.605 -11.5883 2.56794 2.68419 0.0575458
504.35 -11.648 2.57101 2.68141 0.0566667
505.096 -11.7079 2.57407 2.67866 0.0557999
505.841 -11.7927 2.6023 2.67412 0.0555972
506.587 -11.8805 2.6334 2.66945 0.0554604
507.332 -11.9577 2.6574 2.66554 0.0552303
508.077 -12.032 2.67941 2.66188 0.054975
508.823 -12.1146 2.69709 2.658 0.054339
509.568 -12.202 2.71236 2.65403 0.0535006
510.313 -12.2869 2.73356 2.65011 0.0530019
511.059 -12.3693 2.76067 2.64626 0.0528246
511.804 -12.4674 2.78475 2.64186 0.0521863
512.549 -12.5923 2.80349 2.63656 0.0507923
513.294 -12.7041 2.82501 2.63186 0.0498222
514.04 -12.7707 2.85501 2.62889 0.0501028
514.785 -12.8407 2.88679 2.62581 0.0503777
515.531 -12.9375 2.93242 2.62147 0.0506568
516.276 -13.0349 2.97856 2.61719 0.0509235
517.021 -13.1074 2.97466 2.61486 0.049783
517.767 -13.1794 2.96905 2.61261 0.0486131
518.512 -13.2834 2.96641 2.60916 0.0470041
519.257 -13.3945 2.96427 2.60551 0.0453406
520.003 -13.4675 2.98094 2.60294 0.0450376
520.748 -13.5241 3.00584 2.60084 0.0453015
521.493 -13.5949 3.05809 2.59781 0.0462579
522.239 -13.6765 3.13177 2.59411 0.047716
522.984 -13.7576 3.17693 2.59095 0.0481899
523.729 -13.838 3.18395 2.58851 0.0474202
524.475 -13.9258 3.19196 2.58584 0.0465809
525.22 -14.0303 3.20226 2.58266 0.045568
525.965 -14.1389 3.21693 2.57933 0.0446549
526.711 -14.2656 3.25379 2.57518 0.0441651
527.456 -14.3921 3.29074 2.57113 0.0436926
528.201 -14.4778 3.31582 2.56853 0.0434825
528.947 -14.5639 3.34112 2.56595 0.0432743
529.692 -14.6871 3.35403 2.56255 0.0421924
530.437 -14.8155 3.36556 2.55909 0.0410336
531.183 -14.9272 3.42979 2.55543 0.0415649
531.928 -15.034 3.51134 2.55175 0.0425919
532.673 -15.1321 3.55137 2.54891 0.0426128
533.419 -15.2253 3.56646 2.54658 0.0420561
534.164 -15.3437 3.58159 2.54366 0.0411854
534.909 -15.4885 3.59677 2.54013 0.0400072
535.655 -15.61 3.61703 2.53718 0.0392786
536.4 -15.6882 3.64632 2.5352 0.0393101
537.145 -15.7727 3.67947 2.53306 0.0393541
537.891 -15.8778 3.72539 2.53032 0.0394429
538.636 -15.9828 3.77037 2.52764 0.0395048
539.381 -16.0802 3.80137 2.52534 0.0393352
540.127 -16.1782 3.83266 2.52306 0.0391672
540.872 -16.2704 3.87852 2.52078 0.039382
541.617 -16.3629 3.92548 2.51851 0.0396086
542.363 -16.458 3.91407 2.51687 0.0385646
543.108 -16.5541 3.8897 2.51537 0.0372612
543.853 -16.6886 3.91848 2.51252 0.0366778
544.599 -16.8414 3.97208 2.5091 0.036419
545.344 -16.9623 4.01935 2.50645 0.0363647
546.089 -17.0571 4.06137 2.50441 0.0364705
546.835 -17.1653 4.10177 2.50216 0.0364046
547.58 -17.2921 4.13978 2.49963 0.0361075
548.325 -17.427 4.19202 2.49685 0.0359984
549.071 -17.5809 4.27973 2.49344 0.0363422
549.816 -17.7337 4.36037 2.4902 0.0365466
550.561 -17.8751 4.39445 2.48766 0.036041
551.307 -18.0175 4.4284 2.48515 0.0355363
552.052 -18.1516 4.43171 2.48311 0.0346088
552.797 -18.2868 4.43493 2.48108 0.0336958
553.543 -18.4278 4.47595 2.47867 0.0333679
554.288 -18.5705 4.52254 2.47622 0.0331198
555.033 -18.6895 4.59962 2.47394 0.0335474
555.779 -18.8007 4.68771 2.47172 0.0341896
556.524 -18.942 4.73042 2.46946 0.0338783
557.269 -19.1031 4.74421 2.46718 0.0329866
558.015 -19.2362 4.79534 2.46506 0.0328835
558.76 -19.3378 4.88765 2.4631 0.0336123
559.505 -19.4482 4.94834 2.46129 0.0338063
560.251 -19.5752 4.94744 2.45975 0.0330139
560.996 -19.7036 4.95125 2.45818 0.0322939
561.741 -19.8346 4.97325 2.45646 0.0318156
562.487 -19.9643 4.99795 2.45477 0.0313941
563.232 -20.0662 5.05324 2.45324 0.0315828
563.977 -20.1686 5.10909 2.45173 0.0317683
564.723 -20.3141 5.21039 2.44936 0.0322134
565.468 -20.463 5.31593 2.44696 0.0326633
566.213 -20.617 5.35165 2.44504 0.0322104
566.959 -20.7732 5.37065 2.44324 0.031553
567.704 -20.913 5.39944 2.4416 0.0311379
568.449 -21.0453 5.43323 2.44004 0.0308402
569.195 -21.2061 5.47267 2.43813 0.0304261
569.94 -21.3921 5.51718 2.43595 0.029917
570.685 -21.6007 5.55884 2.43358 0.0292488
571.431 -21.8426 5.59593 2.43094 0.0283501
572.176 -22.0412 5.66384 2.42863 0.0280627
572.921 -22.115 5.81481 2.42716 0.0293724
573.667 -22.2078 5.95641 2.42557 0.0304379
574.412 -22.4268 6.03103 2.42313 0.0300516
575.157 -22.6483 6.10694 2.42073 0.0296721
575.903 -22.8998 6.17419 2.41814 0.0290487
576.648 -23.1545 6.24266 2.41559 0.0284383
577.393 -23.3111 6.28422 2.41413 0.028133
578.139 -23.4533 6.32186 2.41285 0.0278762
578.884 -23.5945 6.36861 2.41154 0.0277094
579.629 -23.736 6.41911 2.41023 0.0275761
580.375 -23.9054 6.51622 2.40846 0.0276974
581.12 -24.0944 6.64624 2.40639 0.0279844
581.865 -24.2468 6.76024 2.40475 0.0283085
582.611 -24.3558 6.85434 2.40357 0.0286788
583.356 -24.4749 6.9494 2.40233 0.0289953
584.101 -24.6144 7.04551 2.40094 0.029207
584.847 -24.7791 7.12671 2.39945 0.0291701
585.592 -25.049 7.14088 2.39752 0.0281176
586.337 -25.3154 7.15455 2.39566 0.0271145
587.083 -25.4717 7.16324 2.39466 0.026611
587.828 -25.6291 7.17187 2.39366 0.0261123
588.573 -25.8211 7.23287 2.3922 0.0258433
589.319 -26.0175 7.29909 2.39071 0.0255961
590.064 -26.2299 7.39706 2.389 0.0255018
590.809 -26.4481 7.505 2.38725 0.025448
591.555 -26.6563 7.64137 2.38548 0.0256178
592.3 -26.8597 7.79425 2.3837 0.0259008
593.045 -27.045 7.94066 2.3821 0.0262013
593.791 -27.2132 8.08079 2.38066 0.026518
594.536 -27.4208 8.18568 2.37915 0.0264491
595.281 -27.6928 8.23187 2.37752 0.0257772
596.027 -27.9801 8.31297 2.3757 0.0252677
596.772 -28.3074 8.50052 2.3733 0.0252182
597.517 -28.6187 8.67005 2.37113 0.0251195
598.263 -28.7786 8.66672 2.37044 0.0246491
599.008 -28.9396 8.66312 2.36976 0.0241821
599.753 -29.2008 8.80151 2.36806 0.0241126
600.499 -29.4668 8.94549 2.36635 0.0240512
601.244 -29.7188 9.14769 2.36455 0.0243219
601.989 -29.9695 9.36414 2.36275 0.0246464
602.735 -30.2133 9.48286 2.36135 0.0245133
603.48 -30.456 9.56153 2.36011 0.0241986
604.225 -30.6386 9.69826 2.35899 0.0243516
604.971 -30.7755 9.87896 2.35794 0.024843
605.716 -31.0101 10.0005 2.35666 0.0247409
606.461 -31.3727 10.0449 2.35511 0.023901
607.207 -31.6796 10.1231 2.35372 0.0234033
607.952 -31.85 10.279 2.35269 0.0236545
608.697 -32.0285 10.3896 2.35178 0.0236875
609.443 -32.2444 10.2698 2.35141 0.0226769
610.188 -32.4627 10.1626 2.351 0.0217271
610.933 -32.7259 10.4636 2.34924 0.0222916
611.679 -32.9896 10.7708 2.34749 0.0228438
612.424 -33.2889 10.9688 2.34596 0.022858
613.169 -33.5951 11.158 2.34446 0.0228136
613.915 -33.7145 11.3267 2.34372 0.0232046
614.66 -33.7756 11.4892 2.3432 0.0237259
615.405 -34.0606 11.5779 2.34212 0.0233656
616.151 -34.4823 11.623 2.3407 0.0225021
616.896 -34.8676 11.7952 2.33912 0.0221844
617.641 -35.2125 12.1021 2.33736 0.0224064
618.387 -35.579 12.367 2.33568 0.0224222
619.132 -35.9838 12.5493 2.33414 0.0220849
619.878 -36.3313 12.7021 2.33288 0.0218054
620.623 -36.4647 12.7406 2.33254 0.0217081
621.368 -36.62 12.809 2.33207 0.0216467
622.113 -36.9905 13.1795 2.33029 0.0219366
622.859 -37.3634 13.5597 2.32852 0.0222192
623.604 -37.8636 13.852 2.32667 0.0219568
624.349 -38.3779 14.1485 2.32484 0.0216744
625.095 -38.7459 14.2216 2.3239 0.0211608
625.84 -39.0846 14.2444 2.32316 0.0206007
626.586 -39.3765 14.4079 2.32225 0.0204899
627.331 -39.6473 14.6393 2.32127 0.0205821
628.076 -40.081 14.9658 2.31974 0.0205543
628.822 -40.6535 15.378 2.31779 0.0204307
629.567 -41.0681 15.7629 2.31628 0.0205443
630.312 -41.2498 16.0972 2.3154 0.0209855
631.057 -41.4225 16.3584 2.31467 0.0212807
631.803 -41.5755 16.4228 2.31438 0.0212138
632.548 -41.778 16.5151 2.31393 0.0211086
633.294 -42.2704 16.7712 2.31263 0.0207809
634.039 -42.7695 17.0348 2.31134 0.0204619
634.784 -43.1636 17.3965 2.3101 0.0205135
635.53 -43.5609 17.7668 2.30887 0.0205637
636.275 -43.9987 18.1549 2.30757 0.0205634
637.02 -44.4462 18.5544 2.30627 0.0205556
637.766 -44.8858 18.7402 2.30537 0.0202107
638.511 -45.3272 18.8502 2.30461 0.0197519
639.256 -45.6468 19.1008 2.30384 0.0197185
640.002 -45.884 19.4468 2.30305 0.0199578
640.747 -46.323 19.8095 2.30195 0.0198919
641.492 -46.9987 20.1951 2.30051 0.0194905
642.238 -47.4972 20.5284 2.29944 0.0192912
642.983 -47.6226 20.7391 2.29908 0.0194799
643.728 -47.7562 20.9417 2.29872 0.0196414
644.474 -47.9246 21.1066 2.29838 0.0196984
645.219 -48.1215 21.3085 2.29795 0.0197597
645.964 -48.7191 22.0252 2.29627 0.0198851
646.71 -49.3201 22.767 2.29462 0.0200065
647.455 -49.981 23.3162 2.29322 0.0198014
648.2 -50.6566 23.8672 2.29185 0.0195756
648.946 -51.2747 23.9858 2.29115 0.0189703
649.691 -51.8852 23.9878 2.29062 0.018272
650.436 -52.4528 24.1689 2.28992 0.0178335
651.182 -53.002 24.4477 2.28914 0.017529
651.927 -53.5612 25.2226 2.28778 0.0177036
652.672 -54.1103 26.4742 2.28591 0.0182946
653.418 -54.5975 27.5075 2.2844 0.0186991
654.163 -55.0123 28.1555 2.28343 0.0188329
654.908 -55.4455 28.7417 2.28254 0.0188829
655.654 -55.9385 29.1142 2.28186 0.0186962
656.399 -56.4511 29.4705 2.2812 0.0184787
657.144 -57.0699 29.6584 2.28066 0.0180301
657.89 -57.6993 29.8485 2.28012 0.0175848
658.635 -58.6322 31.3782 2.27803 0.0177565
659.38 -59.5596 33.0063 2.27596 0.0179293
660.126 -60.0709 33.7426 2.27506 0.0179386
660.871 -60.513 34.3271 2.27437 0.0179201
661.616 -60.7854 34.7761 2.27391 0.0179824
662.362 -60.9896 35.1725 2.27355 0.0180761
663.107 -61.1415 35.8173 2.27298 0.0183399
663.852 -61.2467 36.6461 2.27228 0.0187226
664.598 -61.8396 37.385 2.27144 0.0186024
665.343 -63.0734 38.0182 2.27043 0.0178734
666.088 -64.0736 38.9135 2.26935 0.0174835
666.834 -64.4717 40.371 2.26809 0.0178137
667.579 -64.814 41.6237 2.26705 0.0180717
668.324 -65.0192 41.7581 2.26698 0.0180253
669.07 -65.2479 41.8951 2.26689 0.0179615
669.815 -65.9839 42.0735 2.2666 0.0175144
670.56 -66.7325 42.2518 2.26631 0.0170694
671.306 -68.1472 43.7798 2.2648 0.0165985
672.051 -69.6615 45.5393 2.26318 0.0161347
672.796 -70.1099 47.3206 2.26194 0.0163937
673.542 -70.1963 49.1224 2.26081 0.0168533
674.287 -70.5972 50.1558 2.26014 0.0168903
675.032 -71.2012 50.7535 2.25972 0.016694
675.778 -71.4437 51.3294 2.2594 0.0167262
676.523 -71.3227 51.8758 2.25918 0.0169802
677.268 -71.4762 52.7173 2.25872 0.0171108
678.014 -72.0982 54.0864 2.25785 0.0170338
678.759 -72.8099 55.8307 2.25678 0.0169502
679.504 -73.7962 58.7605 2.25504 0.0168441
680.25 -74.6809 61.5805 2.25348 0.0167297
680.995 -75.2534 62.0461 2.25327 0.0165313
681.74 -75.8329 62.5185 2.25307 0.0163335
682.486 -75.8011 63.0185 2.25291 0.0164598
683.231 -75.7449 63.5211 2.25275 0.0165963
683.976 -77.5752 65.5518 2.25167 0.0158974
684.722 -79.8676 68.0345 2.25041 0.0150481
685.467 -80.5158 70.1058 2.24952 0.0149464
686.212 -80.3907 71.9771 2.2488 0.0151577
686.958 -79.9898 74.8582 2.24766 0.0154888
687.703 -79.2381 78.5487 2.24622 0.0159049
688.448 -78.7239 81.5897 2.24508 0.0161419
689.194 -78.7123 83.7565 2.24433 0.0161546
689.939 -78.7035 85.4783 2.24376 0.016162
690.684 -78.8151 86.0618 2.24364 0.0161579
691.43 -78.8981 87.1924 2.24332 0.0161416
692.175 -78.7414 91.1648 2.24199 0.0160639
692.92 -78.4205 95.2544 2.24069 0.0159774
693.666 -79.0709 98.5896 2.23976 0.0155933
694.411 -79.6504 102.084 2.23885 0.0152147
695.156 -79.9729 105.072 2.23811 0.0149443
695.902 -80.2078 108.089 2.23739 0.0146885
696.647 -80.5614 109.656 2.2371 0.0145197
697.392 -80.9651 110.768 2.23694 0.0143774
698.138 -81.9682 112.138 2.23677 0.0140658
698.883 -83.3549 113.686 2.23659 0.0136557
699.628 -82.0315 116.557 2.23589 0.0137881
700.374 -77.6876 120.511 2.23466 0.0144581
701.119 -73.623 123.72 2.2336 0.0150405
701.864 -70.4008 125.987 2.23281 0.015486
702.61 -67.8184 128.088 2.23214 0.0157779
703.355 -67.6758 130.157 2.2318 0.0155757
704.1 -67.5176 131.87 2.23155 0.0154248
704.846 -67.5293 129.918 2.232 0.0157424
705.591 -67.5126 128.001 2.23246 0.0160625
706.336 -66.2674 134.306 2.2312 0.0154733
707.082 -64.4704 141.237 2.22988 0.0148633
707.827 -62.0064 149.334 2.22845 0.0141573
708.572 -58.6773 157.981 2.22702 0.0134461
709.318 -54.8738 162.292 2.22612 0.0133229
710.063 -51.0233 164.491 2.22546 0.0134472
710.808 -49.7656 163.528 2.22545 0.0137515
711.554 -50.4912 160.299 2.22595 0.014198
712.299 -50.3376 160.139 2.22603 0.0142866
713.044 -49.0135 163.986 2.22555 0.0139052
713.79 -45.6002 167.992 2.2248 0.0136771
714.535 -37.3607 171.686 2.22341 0.0137965
715.28 -28.597 174.442 2.22202 0.0139361
716.026 -18.9552 175.676 2.22057 0.0141884
716.771 -9.64971 175.878 2.21918 0.0144285
717.516 -7.69924 175.629 2.21895 0.0145433
718.262 -5.76579 175.34 2.21872 0.0146576
719.007 -9.19035 178.703 2.2193 0.0141355
719.752 -13.5214 182.476 2.21997 0.0135391
720.498 -8.4206 186.526 2.21925 0.0130818
721.243 0.0501814 190.082 2.21813 0.0126738
721.988 8.88307 192.419 2.21703 0.0123385
722.734 17.9269 193.676 2.21595 0.0120454
723.479 25.4945 191.844 2.21501 0.0120957
724.224 31.1258 187.505 2.21419 0.012469
724.97 35.2209 185.152 2.21363 0.0126177
725.715 37.4861 186.238 2.21348 0.0124043
726.46 39.2549 185.735 2.21331 0.0124141
727.206 39.3277 180.639 2.21307 0.013104
727.951 39.6053 175.802 2.21281 0.0137756
728.696 41.5823 171.149 2.21228 0.014324
729.442 43.3393 166.666 2.21176 0.0148669
730.187 53.5241 163.821 2.21016 0.014377
730.932 63.2705 159.794 2.20858 0.0138839
731.678 68.9236 157.112 2.20768 0.0135626
732.423 73.747 154.492 2.2069 0.0132732
733.168 76.5839 152.987 2.20649 0.0130913
733.914 78.6845 151.93 2.20622 0.0129504
734.659 79.8124 151.303 2.2061 0.0128957
735.404 80.2845 150.998 2.20608 0.0129001
736.15 82.0909 150.726 2.20596 0.0127138
736.895 85.4817 150.396 2.20569 0.0123066
737.641 89.4213 148.174 2.20514 0.0119589
738.386 93.9697 142.259 2.20401 0.0117304
739.131 96.6703 136.273 2.20296 0.011701
739.876 94.4627 130.665 2.20219 0.0124375
740.622 92.418 125.822 2.20149 0.0131325
741.367 91.1801 125.477 2.20157 0.0134306
742.112 89.9598 125.121 2.20165 0.0137291
742.858 90.1458 125.283 2.20174 0.0137228
743.603 90.4175 125.478 2.20183 0.0136977
744.349 93.1718 122.992 2.20125 0.0133425
745.094 96.2801 119.751 2.20053 0.0129169
745.839 101.207 115.548 2.19958 0.012098
746.584 106.583 110.484 2.19853 0.0111132
747.33 107.539 105.57 2.19757 0.0109522
748.075 105.364 101.312 2.19669 0.0114327
748.82 104.589 98.4836 2.1961 0.0116106
749.566 105.59 97.2352 2.19589 0.0113913
750.311 106.328 96.9042 2.1959 0.0112498
751.057 106.492 98.805 2.19641 0.01129
751.802 106.477 99.7916 2.1967 0.0113484
752.547 105.693 96.1929 2.19592 0.0114931
753.293 104.905 92.7104 2.19513 0.0116203
754.038 105.113 87.7611 2.19398 0.0114068
754.783 105.048 83.0708 2.19284 0.0111975
755.529 105.392 80.2702 2.1922 0.0109491
756.274 105.687 77.6851 2.1916 0.0106997
757.019 104.988 75.5103 2.19102 0.0107289
757.765 104.036 73.5154 2.19045 0.010832
758.51 102.382 72.3506 2.19001 0.0112147
759.255 100.431 71.5867 2.18965 0.011739
760.001 100.662 70.7894 2.18951 0.0116199
760.746 102.768 69.8888 2.18955 0.0109375
761.491 102.659 68.2116 2.18911 0.0108018
762.237 99.475 65.6515 2.188 0.0114559
762.982 97.3711 63.1178 2.18697 0.0117955
763.727 97.4496 60.2963 2.18613 0.0113629
764.473 97.2617 57.6834 2.18531 0.0110051
765.218 96.2418 55.8126 2.18457 0.0110232
765.963 95.2789 54.0622 2.18385 0.0110296
766.709 96.1466 53.4236 2.18388 0.0106388
767.454 97.0076 52.7614 2.18391 0.010248
768.199 97.7487 52.6995 2.18411 0.0100281
768.945 98.487 52.6995 2.18433 0.00982595
769.69 97.9574 52.487 2.18421 0.00998142
770.435 97.076 52.2142 2.18399 0.0102391
771.181 96.1017 50.6479 2.18332 0.0102397
771.926 95.059 48.4937 2.18242 0.010105
772.671 93.6003 46.2858 2.18135 0.0100654
773.417 91.8209 44.0868 2.18015 0.0101084
774.162 90.6421 42.9671 2.17946 0.0102325
774.907 90.2824 43.2497 2.17952 0.0104799
775.653 90.2851 43.1774 2.17955 0.0104889
776.398 91.2171 42.1697 2.17953 0.00987901
777.143 91.9768 41.3061 2.17953 0.00937687
777.889 91.9231 41.4184 2.17961 0.0094616
778.634 91.8551 41.5287 2.17968 0.00955056
779.379 91.3588 41.5641 2.1796 0.00976618
780.125 90.8667 41.5961 2.17952 0.00998142
780.87 89.5786 39.1681 2.17829 0.00968367
781.615 88.1921 36.6914 2.17696 0.00934304
782.361 86.4363 35.2341 2.17581 0.00947149
783.106 84.6659 34.0902 2.17473 0.00972029
783.851 84.7981 32.9247 2.17439 0.00921388
784.597 85.8335 31.6751 2.17442 0.00832594
785.342 85.2508 32.0943 2.17439 0.00874933
786.087 83.2678 33.8254 2.17427 0.0102825
786.833 82.4476 34.5492 2.17428 0.0109513
787.578 83.2995 34.0572 2.17449 0.010426
788.323 83.6577 33.4734 2.17447 0.0100662
789.069 82.863 32.745 2.17389 0.0100997
789.814 81.8808 31.9017 2.17317 0.0101521
790.559 80.0242 30.4863 2.17177 0.0102911
791.305 78.3592 29.1744 2.17044 0.0103814
792.05 78.22 27.8235 2.16984 0.00976659
792.795 78.0377 26.506 2.16925 0.00916039
793.541 78.304 26.0614 2.16927 0.00883377
794.286 78.5979 25.6684 2.16933 0.00852522
795.031 78.6068 26.3498 2.16966 0.00892474
795.777 78.5291 27.2792 2.17006 0.00948708
796.522 78.7616 26.9593 2.1701 0.00924718
797.267 79.115 26.089 2.17 0.00866081
798.013 77.9157 25.1745 2.16902 0.00866021
798.758 75.7375 24.2855 2.16743 0.00906975
799.503 74.4096 23.5409 2.16634 0.00920928
800.249 73.9356 22.9243 2.16583 0.00904993
800.994 73.2414 22.4514 2.16522 0.00907198
801.739 72.151 22.2229 2.16444 0.00943301
802.485 71.4323 21.8177 2.16382 0.00950991
803.23 71.8386 20.7943 2.16369 0.00863716
803.975 72.2131 19.9131 2.16363 0.00787703
804.721 72.6358 20.3195 2.16415 0.00801304
805.466 73.0635 20.7382 2.16468 0.00815065
806.211 71.9639 21.7352 2.16441 0.00934222
806.957 70.8337 22.6625 2.16411 0.0105343
807.702 70.0547 21.8805 2.16324 0.0103881
808.447 69.3307 20.9136 2.1623 0.0100606
809.193 68.8759 19.9595 2.16155 0.00958513
809.938 68.4903 19.0295 2.16086 0.00906948
810.683 68.0212 18.6601 2.16037 0.00902011
811.429 67.5198 18.5851 2.15998 0.0092216
812.174 67.1704 18.4052 2.15966 0.00926632
812.919 66.9496 18.1366 2.1594 0.00917446
813.665 66.8618 17.7906 2.15921 0.00895131
814.41 66.9533 17.331 2.15912 0.00854481
815.155 66.9238 16.9757 2.15898 0.00828022
815.901 66.6354 16.8618 2.15873 0.00833889
816.646 66.2374 16.7322 2.15838 0.00843445
817.391 65.3794 16.5324 2.15757 0.00868501
818.137 64.5446 16.2998 2.15675 0.00889998
818.882 63.6612 15.6616 2.15566 0.0087585
819.627 62.8068 15.0609 2.15459 0.00862008
820.373 62.3065 14.9772 2.1541 0.00880936
821.118 61.8279 14.9104 2.15363 0.00900756
821.863 61.9096 14.8508 2.15373 0.00892923
822.609 62.0865 14.7915 2.15393 0.00880357
823.354 62.3494 14.5712 2.15414 0.00847438
824.099 62.6405 14.2897 2.15434 0.00807345
824.845 62.7914 14.1479 2.15447 0.00788247
825.59 62.862 14.0893 2.15457 0.00781356
826.335 62.8367 14.1025 2.15459 0.00786162
827.081 62.7241 14.1806 2.15456 0.00801602
827.826 62.2983 14.0925 2.15414 0.00815184
828.571 61.4539 13.7806 2.15316 0.0082591
829.317 60.7025 13.4191 2.15223 0.00826498
830.062 60.1089 12.9354 2.15139 0.0080506
830.807 59.5746 12.4677 2.15061 0.00781019
831.553 59.2339 11.9919 2.15004 0.00745233
832.298 58.9132 11.6093 2.14953 0.00718147
833.043 58.7937 12.0073 2.14963 0.00772788
833.789 58.6661 12.4031 2.14972 0.00827591
834.534 58.6315 12.1524 2.1496 0.00802196
835.279 58.5957 11.8932 2.14947 0.0077563
836.025 58.6652 11.9157 2.14961 0.00777039
836.77 58.75 11.9776 2.14979 0.00782331
837.515 58.3493 12.1275 2.14944 0.0082208
838.261 57.8143 12.2923 2.14893 0.00871334
839.006 57.2944 12.1215 2.14826 0.00880163
839.751 56.7891 11.7994 2.14751 0.00869319
840.497 56.2839 11.5816 2.1468 0.00870921
841.242 55.783 11.44 2.14613 0.0088184
841.987 55.4193 11.6442 2.14581 0.00930509
842.733 55.1896 12.2437 2.1459 0.0102374
843.478 55.0623 12.1689 2.14574 0.0102362
844.223 55.0922 10.912 2.14511 0.00858084
844.969 55.0059 10.0321 2.14458 0.0074587
845.714 54.7824 10.186 2.14439 0.00780349
846.459 54.5409 10.3049 2.14417 0.00811319
847.205 54.2042 10.2521 2.14372 0.00823942
847.95 53.8814 10.2294 2.1433 0.00840169
848.695 53.6892 10.7188 2.14334 0.00921615
849.441 53.4831 11.2014 2.14338 0.0100321
850.186 53.051 10.7831 2.14256 0.00971747
850.931 52.6141 10.3429 2.14172 0.00935751
851.677 52.6134 9.36591 2.14121 0.00793495
852.422 52.6264 8.30636 2.14073 0.00635392
853.167 52.5288 8.5653 2.14075 0.00681417
853.913 52.3838 9.24001 2.14093 0.0079283
854.658 52.1612 9.4848 2.14077 0.00843845
855.403 51.9106 9.50846 2.14044 0.00863386
856.149 51.6804 9.32449 2.14003 0.00850095
856.894 51.463 8.98765 2.13955 0.00811875
857.639 51.2986 8.9544 2.13931 0.00817643
858.385 51.1915 9.25775 2.13936 0.00873164
859.13 51.1271 9.19459 2.13926 0.00868831
859.875 51.1246 8.52065 2.13892 0.00764198
860.621 51.024 8.12959 2.1386 0.00708756
861.366 50.7235 8.45088 2.13833 0.00778336
862.112 50.4121 8.65676 2.13798 0.00830798
862.857 50.0713 8.40185 2.13731 0.00809903
863.602 49.7599 8.1835 2.13671 0.00792665
864.347 49.6881 8.241 2.13667 0.0080818
865.093 49.6162 8.29806 2.13662 0.00823675
865.838 49.6876 7.91793 2.13657 0.00757336
866.583 49.7499 7.53642 2.13651 0.00691129
867.329 49.7826 7.69955 2.13669 0.00718923
868.074 49.8102 7.91898 2.1369 0.00756348
868.82 49.6105 7.89024 2.13658 0.00764058
869.565 49.3644 7.80785 2.13616 0.0076514
870.31 49.1556 7.76821 2.13581 0.00771495
871.056 48.9617 7.74402 2.1355 0.00779736
871.801 48.7449 7.61024 2.13509 0.00770015
872.546 48.5161 7.41938 2.13462 0.0075049
873.292 48.3046 7.24185 2.13418 0.00731907
874.037 48.1069 7.07517 2.13377 0.00714094
874.782 48.0246 6.98873 2.13362 0.00704451
875.528 48.0725 6.99034 2.13374 0.00703933
876.273 48.0458 7.03038 2.13376 0.00714387
877.018 47.8982 7.13113 2.13358 0.00742499
877.764 47.7771 7.14987 2.13341 0.00754281
878.509 47.7177 6.97993 2.13324 0.00727868
879.254 47.647 6.8288 2.13307 0.00705322
880 47.5396 6.7424 2.13286 0.00696596
880.745 47.4647 6.64921 2.13271 0.00684764
881.49 47.601 6.50269 2.13293 0.00651903
882.236 47.7018 6.36357 2.13308 0.00622453
882.981 47.1395 6.41295 2.13208 0.00661981
883.726 46.5966 6.45447 2.1311 0.00700267
884.472 46.2874 6.30113 2.13044 0.00688412
885.217 45.9911 6.14689 2.12981 0.00675187
885.962 45.9178 5.96407 2.1296 0.00643944
886.708 45.8702 5.77878 2.12945 0.00610593
887.453 45.8619 5.68877 2.12942 0.00594384
888.198 45.863 5.62085 2.12943 0.00582158
888.944 45.9401 5.60273 2.12961 0.0057628
889.689 46.046 5.60271 2.12986 0.00572687
890.434 45.9596 5.65471 2.12975 0.00589025
891.18 45.7735 5.73197 2.12945 0.00615599
891.925 45.5525 5.67712 2.12901 0.00617185
892.67 45.3085 5.53168 2.12847 0.00601065
893.416 45.0409 5.46912 2.12791 0.00603084
894.161 44.7521 5.48277 2.12734 0.00622318
894.906 44.4723 5.4698 2.12677 0.00635675
895.652 44.2024 5.42435 2.1262 0.00641619
896.397 43.9795 5.46021 2.12577 0.00662919
897.142 43.831 5.63644 2.12557 0.00711395
897.888 43.7793 5.69131 2.12553 0.00727944
898.633 43.9666 5.45242 2.12584 0.00666501
899.378 44.0958 5.33023 2.1261 0.00634337
900.124 44.0235 5.64159 2.12614 0.00707908
900.869 43.9666 5.8426 2.12617 0.00756578
901.614 44.0295 5.43309 2.12611 0.00664936
902.36 44.0657 5.04893 2.12603 0.00580108
903.105 43.947 4.95746 2.12575 0.00567299
903.85 43.8262 4.8677 2.12548 0.00554785
904.596 43.5517 4.79301 2.12486 0.0055299
905.341 43.283 4.72036 2.12425 0.00551204
906.086 43.1499 4.6489 2.12394 0.00542832
906.832 43.0244 4.57861 2.12365 0.00534203
907.577 42.7375 4.5817 2.12302 0.0055051
908.322 42.4368 4.59213 2.12235 0.00569524
909.068 42.3746 4.562 2.12222 0.00566957
909.813 42.3619 4.5236 2.1222 0.00559882
910.558 42.367 4.40787 2.12219 0.00533448
911.304 42.3762 4.26818 2.12218 0.00501045
912.049 42.3366 4.39508 2.12218 0.00534723
912.794 42.2726 4.63305 2.12218 0.0059626
913.54 42.2171 4.71477 2.12212 0.00620118
914.285 42.1683 4.71091 2.12204 0.0062318
915.03 42.1037 4.61461 2.12187 0.00604822
915.776 42.027 4.45495 2.12163 0.00571595
916.521 41.8702 4.35758 2.12124 0.00557206
917.266 41.6468 4.31457 2.1207 0.00559274
918.012 41.405 4.31649 2.12013 0.00573423
918.757 41.1433 4.36487 2.11953 0.00600523
919.502 40.9372 4.42218 2.11908 0.00627394
920.248 40.8024 4.49383 2.1188 0.00654385
920.993 40.644 4.47309 2.11842 0.00659217
921.738 40.4457 4.30115 2.11784 0.0062699
922.484 40.3035 4.27061 2.11749 0.00628114
923.229 40.2737 4.53285 2.11759 0.00699766
923.974 40.2882 4.64162 2.11772 0.00728672
924.72 40.4331 4.32845 2.11795 0.00640154
925.465 40.5315 4.0212 2.11808 0.00556288
926.21 40.4881 3.75823 2.11787 0.00491102
926.956 40.4429 3.52376 2.11767 0.00433001
927.701 40.4122 3.41286 2.11757 0.00406465
928.446 40.3518 3.35638 2.11742 0.00395485
929.192 40.0927 3.6576 2.1169 0.00488687
929.937 39.8422 3.92084 2.1164 0.00573036
930.682 39.7286 3.91375 2.11612 0.00578345
931.428 39.6192 3.89677 2.11584 0.00580766
932.173 39.5776 3.65718 2.11564 0.00518868
932.918 39.5311 3.42051 2.11543 0.00457553
933.664 39.3348 3.55855 2.11498 0.00506303
934.409 39.1393 3.69135 2.11454 0.00554303
935.154 38.9209 3.51982 2.11387 0.00518569
935.9 38.7041 3.34325 2.1132 0.00480391
936.645 38.6666 3.38294 2.11314 0.00494815
937.39 38.6435 3.44005 2.11313 0.00513541
938.136 38.8263 3.48477 2.11371 0.00518377
938.881 39.0396 3.52915 2.11436 0.00521486
939.626 39.1148 3.69279 2.11469 0.00564714
940.372 39.1632 3.87921 2.11495 0.00615325
941.117 38.8931 3.73643 2.11415 0.00591036
941.862 38.5611 3.53179 2.11312 0.00551409
942.608 38.43 3.39854 2.11271 0.00520885
943.353 38.3514 3.28423 2.11245 0.00492827
944.098 38.1453 3.60378 2.11205 0.00597864
944.844 37.8829 4.04398 2.11156 0.00743408
945.589 38.0169 3.75058 2.11181 0.00650424
946.334 38.2756 3.166 2.1123 0.00466786
947.08 38.184 3.09748 2.11202 0.00452208
947.825 37.9543 3.24842 2.11145 0.00509062
948.57 37.8086 3.34365 2.11109 0.00545968
949.316 37.7025 3.41331 2.11084 0.00573529
950.061 37.6393 3.5739 2.11077 0.00626292
950.806 37.5947 3.78245 2.11078 0.0069256
951.552 37.553 3.60401 2.11058 0.00642517
952.297 37.5021 3.20577 2.11025 0.00526019
953.042 37.3477 3.34267 2.10988 0.00576873
953.788 37.1173 3.80081 2.10946 0.007314
954.533 37.2246 3.50534 2.10965 0.00635678
955.278 37.5178 2.66735 2.11016 0.0036602
956.024 37.3495 2.53827 2.10961 0.00334659
956.769 36.8831 2.91763 2.10836 0.00474725
957.514 36.7128 2.98117 2.10789 0.00504295
958.26 36.7688 2.81894 2.10801 0.00451386
959.005 36.8355 2.68868 2.10819 0.00408275
959.75 36.9122 2.5843 2.10842 0.00373098
960.496 36.8218 2.86227 2.10829 0.00465871
961.241 36.5604 3.4482 2.1078 0.00666044
961.986 36.5069 3.6985 2.10781 0.00749687
962.732 36.6625 3.66817 2.10831 0.00731644
963.477 36.7139 3.61533 2.10846 0.00713042
964.222 36.6681 3.5434 2.10831 0.00694261
964.968 36.7095 3.3369 2.10835 0.00627918
965.713 36.8238 2.99852 2.10855 0.00516371
966.458 36.739 2.90781 2.10827 0.00493027
967.204 36.4765 3.05038 2.10753 0.00552756
967.949 36.1669 3.174 2.10663 0.00610318
968.694 35.8178 3.27776 2.10557 0.00665223
969.44 35.7152 3.23359 2.10524 0.0065768
970.185 35.8386 3.0513 2.10557 0.00591426
970.93 35.7069 2.94008 2.1051 0.00562702
971.676 35.3469 2.90038 2.10389 0.00569754
972.421 35.1553 2.79542 2.10321 0.00545254
973.166 35.1083 2.63057 2.10299 0.00492021
973.912 35.1117 2.5672 2.103 0.00471041
974.657 35.1628 2.59498 2.10321 0.00479123
975.402 35.2092 2.60852 2.10341 0.00482507
976.148 35.2515 2.60929 2.10358 0.00481707
976.893 35.2428 2.60233 2.10357 0.00480783
977.638 35.1911 2.58893 2.10341 0.0047976
978.384 35.169 2.5495 2.10334 0.004683
979.129 35.1704 2.48906 2.10335 0.00448445
979.874 35.1978 2.49641 2.10347 0.00450681
980.62 35.2453 2.5558 2.10369 0.00469801
981.365 35.0296 2.58898 2.10299 0.00492855
982.11 34.6416 2.60012 2.10166 0.0051744
982.856 34.4213 2.64391 2.10093 0.00545558
983.601 34.3038 2.70911 2.10057 0.0057629
984.346 34.1378 2.65454 2.09996 0.00566679
985.092 33.9452 2.53317 2.09922 0.0053375
985.837 33.895 2.36969 2.09898 0.00477179
986.583 33.9172 2.18072 2.09899 0.00407366
987.328 33.9079 2.18818 2.09899 0.00411527
988.073 33.8834 2.2913 2.09897 0.00451742
988.818 33.9233 2.43962 2.09922 0.00505402
989.564 33.9889 2.61044 2.09957 0.00565602
990.309 34.0312 2.74865 2.09983 0.00614715
991.055 34.0642 2.87521 2.10005 0.00659855
991.8 34.0677 2.75358 2.10002 0.00616376
992.545 34.058 2.55451 2.0999 0.00545301
993.291 34.066 2.54431 2.09995 0.0054211
994.036 34.0793 2.58289 2.10004 0.00556431
994.781 34.0848 2.55798 2.10007 0.00548008
995.527 34.0885 2.52011 2.10009 0.00534949
996.272 34.0419 2.43466 2.0999 0.00507077
997.017 33.9872 2.34329 2.09968 0.00477244
997.763 33.8361 2.23701 2.09909 0.00446268
998.508 33.6778 2.13301 2.09848 0.0041588
999.253 33.7089 2.56706 2.09884 0.00577249
999.999 33.7223 3.03446 2.09919 0.00750736
