255.408 1.25287 1.28079 1.26428 0.595645
256.154 1.29432 1.2979 1.28505 0.594519
256.899 1.33531 1.31365 1.30504 0.592889
257.644 1.30427 1.29867 1.28912 0.592889
258.39 1.26209 1.27773 1.26711 0.592535
259.135 1.29795 1.31952 1.29044 0.602858
259.88 1.36378 1.37931 1.32931 0.613958
260.626 1.38328 1.38386 1.33792 0.611866
261.371 1.37232 1.35489 1.32759 0.60248
262.116 1.37488 1.33704 1.32498 0.594798
262.862 1.39162 1.3316 1.33056 0.589362
263.607 1.40259 1.3272 1.33401 0.585504
264.353 1.40288 1.32477 1.33355 0.584502
265.098 1.40785 1.32677 1.33583 0.584385
265.843 1.43036 1.34491 1.3482 0.587342
266.589 1.44945 1.35863 1.35828 0.589144
267.334 1.42777 1.32802 1.34373 0.581184
268.079 1.40689 1.29671 1.32933 0.572589
268.825 1.4424 1.35839 1.35514 0.590521
269.57 1.48468 1.42276 1.38399 0.607458
270.315 1.48799 1.38904 1.37864 0.593852
271.061 1.484 1.3343 1.36666 0.573309
271.806 1.4872 1.31301 1.36391 0.564393
272.551 1.49307 1.30697 1.36503 0.560989
273.297 1.50607 1.30482 1.36966 0.557839
274.042 1.52472 1.30568 1.37703 0.554877
274.787 1.53328 1.30959 1.38097 0.554916
275.533 1.52805 1.31795 1.38035 0.559148
276.278 1.5245 1.31429 1.37822 0.558406
277.023 1.52561 1.28074 1.37263 0.545135
277.769 1.53148 1.25688 1.37072 0.534786
278.514 1.5604 1.28355 1.38653 0.540272
279.259 1.58905 1.30808 1.40174 0.54483
280.005 1.58033 1.2829 1.39398 0.536694
280.75 1.57216 1.25765 1.38646 0.52834
281.495 1.56317 1.2302 1.37829 0.519169
282.241 1.55466 1.2024 1.3703 0.509668
282.986 1.56032 1.20124 1.37227 0.50833
283.731 1.57049 1.20869 1.37742 0.509648
284.477 1.56777 1.19041 1.37333 0.50293
285.222 1.55797 1.15636 1.36398 0.491033
285.967 1.56172 1.14191 1.36315 0.484729
286.713 1.57885 1.14796 1.37084 0.48452
287.458 1.58946 1.14921 1.37517 0.483411
288.203 1.58836 1.14203 1.37358 0.480782
288.949 1.58802 1.13203 1.37187 0.476913
289.694 1.59045 1.11215 1.36978 0.468695
290.439 1.59381 1.09374 1.36834 0.460906
291.185 1.60459 1.08865 1.37184 0.457341
291.93 1.61526 1.0836 1.37529 0.45383
292.675 1.60068 1.04336 1.36371 0.439899
293.421 1.58646 1.00097 1.35209 0.424813
294.166 1.58022 0.986925 1.34762 0.419988
294.911 1.57558 0.979175 1.34465 0.417483
295.657 1.57092 0.958671 1.33998 0.409752
296.402 1.56673 0.93234 1.33481 0.399512
297.147 1.56748 0.908251 1.33203 0.389513
297.893 1.57216 0.8862 1.33121 0.37985
298.638 1.56895 0.869958 1.32788 0.373536
299.383 1.55436 0.861336 1.32075 0.371724
300.129 1.539 0.847616 1.31265 0.367834
300.874 1.52217 0.821077 1.30241 0.358641
301.619 1.50694 0.795598 1.29299 0.349576
302.365 1.49782 0.779254 1.28722 0.343629
303.11 1.48885 0.762564 1.28149 0.337465
303.855 1.47467 0.734003 1.27224 0.326662
304.601 1.4612 0.704955 1.26331 0.31543
305.346 1.43412 0.686694 1.24951 0.310188
306.091 1.40491 0.669068 1.23472 0.305321
306.837 1.37546 0.639343 1.21852 0.294879
307.582 1.34658 0.604329 1.202 0.281705
308.327 1.32112 0.592693 1.18918 0.278728
309.073 1.29715 0.596725 1.17841 0.28285
309.818 1.27283 0.583323 1.16575 0.278864
310.563 1.24905 0.549795 1.15143 0.265187
311.309 1.22606 0.524668 1.13823 0.255201
312.054 1.20322 0.517411 1.12659 0.253667
312.799 1.17637 0.509009 1.11281 0.251879
313.545 1.13455 0.496743 1.09116 0.249405
314.29 1.0923 0.482891 1.06887 0.246057
315.035 1.05801 0.460806 1.04964 0.237707
315.781 1.0234 0.437483 1.02998 0.228503
316.526 0.9871 0.417437 1.00951 0.220883
317.271 0.950185 0.396517 0.98843 0.212612
318.017 0.905781 0.376416 0.963144 0.205066
318.762 0.858625 0.355344 0.935923 0.196891
319.507 0.810337 0.340762 0.908099 0.1921
320.253 0.760602 0.329176 0.879184 0.188902
320.998 0.712933 0.317465 0.85095 0.185332
321.743 0.667144 0.305649 0.82334 0.181409
322.489 0.621169 0.294258 0.795195 0.177582
323.234 0.575588 0.284079 0.7669 0.174301
323.979 0.528882 0.274413 0.737466 0.171261
324.725 0.481199 0.267659 0.707083 0.169982
325.47 0.432018 0.260854 0.675183 0.168677
326.215 0.380652 0.256911 0.641424 0.169304
326.961 0.327663 0.25259 0.60588 0.169761
327.706 0.274122 0.254416 0.569623 0.174447
328.451 0.218842 0.256293 0.531395 0.179436
329.197 0.167217 0.261655 0.495206 0.186828
329.942 0.114962 0.267835 0.457898 0.195122
330.687 0.0624245 0.275193 0.419719 0.204614
331.433 0.00882762 0.283247 0.380018 0.215076
332.178 -0.0436378 0.295878 0.340789 0.229396
332.923 -0.0955823 0.312176 0.301584 0.247131
333.669 -0.147395 0.328659 0.261812 0.265695
334.414 -0.198674 0.345147 0.221782 0.284927
335.159 -0.248592 0.36224 0.182281 0.305243
335.905 -0.293786 0.379655 0.146235 0.325961
336.65 -0.338657 0.397044 0.109968 0.347324
337.395 -0.37851 0.411576 0.077215 0.366097
338.141 -0.41916 0.42665 0.0434256 0.38606
338.886 -0.461543 0.442661 0.00779174 0.407809
339.631 -0.504756 0.459274 -0.0289595 0.430982
340.377 -0.55208 0.476821 -0.0698929 0.456638
341.122 -0.600754 0.495116 -0.112559 0.484249
341.867 -0.646283 0.511527 -0.153181 0.510321
342.613 -0.6915 0.527773 -0.194097 0.537071
343.358 -0.728818 0.538882 -0.228844 0.557497
344.103 -0.761745 0.54703 -0.260284 0.574287
344.849 -0.801685 0.555193 -0.299442 0.593441
345.594 -0.848892 0.563407 -0.346961 0.615324
346.339 -0.898176 0.574272 -0.396863 0.641524
347.085 -0.950379 0.589715 -0.449511 0.674782
347.83 -1.00399 0.60588 -0.504466 0.710727
348.575 -1.05957 0.623084 -0.562358 0.750154
349.321 -1.11569 0.638795 -0.622563 0.789774
350.066 -1.1661 0.634623 -0.685068 0.804455
350.811 -1.21756 0.630166 -0.750648 0.819644
351.557 -1.2663 0.646574 -0.805487 0.861083
352.302 -1.31579 0.66438 -0.861553 0.906405
353.047 -1.37843 0.673067 -0.940703 0.947797
353.793 -1.44524 0.679979 -1.02896 0.99102
354.538 -1.52281 0.696555 -1.1304 1.05672
355.283 -1.60672 0.718283 -1.24175 1.13871
356.029 -1.67899 0.735866 -1.34141 1.21261
356.774 -1.74164 0.749868 -1.43107 1.27867
357.519 -1.80222 0.759258 -1.52327 1.33937
358.265 -1.85927 0.76181 -1.61777 1.38889
359.01 -1.91866 0.766616 -1.71763 1.4472
359.755 -1.98238 0.777299 -1.82333 1.52395
360.501 -2.05151 0.791936 -1.93855 1.61893
361.246 -2.14538 0.82858 -2.08097 1.79303
361.991 -2.24225 0.866963 -2.22769 1.99192
362.737 -2.34544 0.906591 -2.38462 2.22316
363.482 -2.45223 0.948297 -2.54272 2.48982
364.227 -2.54085 0.97841 -2.67799 2.72249
364.973 -2.62906 1.00788 -2.80959 2.97342
365.718 -2.71309 1.01868 -2.97209 3.19359
366.463 -2.79708 1.02269 -3.15442 3.41807
367.209 -2.87854 1.04941 -3.26699 3.71046
367.954 -2.95884 1.09217 -3.31352 4.05766
368.699 -3.05937 1.13464 -3.37962 4.4973
369.445 -3.18406 1.17693 -3.45606 5.06959
370.19 -3.31561 1.22173 -3.47272 5.73187
370.935 -3.45659 1.2694 -3.39904 6.50153
371.681 -3.59532 1.31803 -3.19846 7.30628
372.426 -3.70715 1.36122 -2.91041 7.96739
373.171 -3.81987 1.40444 -2.51898 8.62295
373.917 -3.901 1.42069 -2.26779 9.10615
374.662 -3.98396 1.43733 -1.95385 9.59466
375.407 -4.09144 1.4647 -1.41966 10.1843
376.153 -4.20366 1.49384 -0.755122 10.7354
376.898 -4.36677 1.56363 0.506803 11.2045
377.643 -4.5489 1.64886 1.99386 11.3275
378.389 -4.74624 1.74528 3.49737 11.04
379.134 -4.95644 1.8521 4.82876 10.3846
379.879 -5.1405 1.95428 5.71056 9.62068
380.625 -5.29854 2.0508 6.25452 8.90234
381.37 -5.45632 2.13933 6.66142 8.23981
382.116 -5.61101 2.21059 6.98046 7.66969
382.861 -5.75615 2.27189 7.21097 7.1743
383.606 -5.86269 2.29551 7.3885 6.87372
384.352 -5.98268 2.33113 7.53123 6.52366
385.097 -6.18611 2.4534 7.56175 5.87716
385.842 -6.39723 2.5845 7.52912 5.29826
386.587 -6.6936 2.74095 7.47639 4.64155
387.333 -7.00771 2.91258 7.36422 4.07117
388.078 -7.3049 3.12332 7.17981 3.61795
388.824 -7.60945 3.35861 6.98265 3.2369
389.569 -7.91684 3.56841 6.82747 2.92481
390.314 -8.23496 3.77718 6.68544 2.65567
391.06 -8.49684 3.93161 6.58848 2.46707
391.805 -8.71648 4.04197 6.52279 2.32716
392.55 -8.94174 4.19341 6.43559 2.19751
393.296 -9.17075 4.39923 6.32632 2.07941
394.041 -9.41768 4.63595 6.21289 1.96534
394.786 -9.69754 4.93033 6.0873 1.85013
395.532 -10.0188 5.25116 5.96666 1.73306
396.277 -10.5218 5.61843 5.84469 1.5747
397.022 -11.0538 6.03403 5.72462 1.43509
397.768 -11.4928 6.60998 5.58636 1.33951
398.513 -11.9386 7.25446 5.45715 1.25395
399.258 -12.3834 7.76293 5.37034 1.17815
400.004 -12.8439 8.30121 5.29012 1.10851
400.749 -13.1922 8.81446 5.22262 1.06086
401.494 -13.5049 9.34428 5.16031 1.02085
402.24 -13.7684 9.87602 5.1039 0.988525
402.985 -13.9982 10.4201 5.0514 0.960779
403.73 -14.3863 11.0706 4.99618 0.918565
404.476 -14.953 11.8621 4.93806 0.864042
405.221 -15.4886 12.8534 4.87357 0.815376
405.966 -15.9122 14.1613 4.7987 0.773927
406.712 -16.271 15.7232 4.72281 0.734229
407.457 -16.4815 17.8234 4.63661 0.693472
408.202 -16.4612 20.1234 4.558 0.656621
408.948 -16.4567 22.0134 4.50587 0.625454
409.693 -16.2563 24.0796 4.45558 0.59627
410.438 -15.6539 26.1897 4.40671 0.57341
411.184 -14.7364 28.378 4.35962 0.552037
411.929 -13.5973 30.1217 4.32125 0.537968
412.674 -12.2409 31.711 4.28548 0.525728
413.42 -10.9188 33.3437 4.25402 0.510108
414.165 -9.47148 34.9803 4.22472 0.493471
414.91 -7.15217 36.7635 4.18705 0.475621
415.656 -3.9383 38.346 4.1437 0.457301
416.401 -0.292091 39.5392 4.10144 0.437565
417.146 3.77756 40.256 4.05999 0.415808
417.892 8.08254 39.8354 4.01729 0.397229
418.637 12.2238 37.84 3.96993 0.3841
419.382 15.5152 35.3213 3.92616 0.371719
420.128 17.8036 33.0884 3.89193 0.359891
420.873 19.5786 30.7195 3.85896 0.348704
421.618 20.6678 28.6755 3.83184 0.340322
422.364 21.463 26.6804 3.80548 0.332274
423.109 22.2055 25.1392 3.78514 0.322103
423.854 22.8007 23.6638 3.76588 0.31199
424.6 22.9592 22.0727 3.74393 0.305836
425.345 22.9085 20.5497 3.72153 0.301046
426.09 22.9307 18.8866 3.6965 0.29236
426.836 22.9026 17.2044 3.67024 0.281629
427.581 22.6599 15.6552 3.64366 0.272581
428.326 22.2499 14.2546 3.6168 0.265173
429.072 21.7868 12.93 3.58928 0.257154
429.817 21.2676 11.6239 3.55994 0.247828
430.562 20.7113 10.5187 3.53207 0.239776
431.308 20.1237 9.6697 3.50671 0.234893
432.053 19.5687 8.93625 3.48271 0.230335
432.798 19.1658 8.45912 3.46557 0.227515
433.544 18.7772 8.02073 3.44882 0.224764
434.289 18.5104 7.51746 3.43329 0.217577
435.034 18.2459 7.04494 3.41809 0.210382
435.78 17.9306 6.65547 3.4027 0.205686
436.525 17.6121 6.30619 3.38752 0.201658
437.27 17.299 5.97303 3.37235 0.197533
438.016 16.9935 5.66017 3.35735 0.193434
438.761 16.6437 5.33662 3.34024 0.189319
439.506 16.2646 5.01415 3.32155 0.185232
440.252 15.8984 4.71539 3.30306 0.181203
440.997 15.5424 4.43622 3.28466 0.177191
441.742 15.2041 4.1786 3.26671 0.173204
442.488 14.8823 3.93558 3.24912 0.169039
443.233 14.5757 3.71377 3.232 0.165059
443.978 14.2834 3.51366 3.21539 0.161384
444.724 14.0051 3.32981 3.19923 0.157849
445.469 13.8319 3.22549 3.18919 0.156002
446.214 13.664 3.12629 3.17932 0.154195
446.96 13.4947 2.98562 3.16845 0.15017
447.705 13.3285 2.84622 3.15759 0.145932
448.45 13.1507 2.71394 3.14605 0.142051
449.196 12.9726 2.58938 3.13441 0.138373
449.941 12.7877 2.492 3.12263 0.136131
450.686 12.6019 2.41283 3.11085 0.134811
451.432 12.4161 2.32682 3.09869 0.132974
452.177 12.2297 2.23364 3.0861 0.13058
452.922 12.0459 2.14197 3.07343 0.12807
453.668 11.8605 2.04796 3.06033 0.125271
454.413 11.6869 1.96483 3.04791 0.122807
455.158 11.5375 1.9052 3.03721 0.121372
455.904 11.3926 1.84882 3.02669 0.119996
456.649 11.2424 1.79836 3.01569 0.119038
457.394 11.0978 1.75037 3.00492 0.118093
458.14 10.9874 1.68541 2.99614 0.115302
458.885 10.8821 1.6221 2.98764 0.112449
459.63 10.7954 1.55951 2.98044 0.109258
460.376 10.7143 1.49889 2.97362 0.10604
461.121 10.6079 1.45817 2.96511 0.10463
461.866 10.4913 1.42786 2.95584 0.104122
462.612 10.396 1.39929 2.94813 0.103394
463.357 10.3186 1.37217 2.94177 0.102479
464.102 10.2251 1.33322 2.93386 0.100827
464.848 10.107 1.27716 2.9236 0.0980796
465.593 9.99885 1.23058 2.91415 0.0958664
466.338 9.91081 1.20395 2.90654 0.0949637
467.084 9.82601 1.1775 2.89912 0.0939961
467.829 9.74949 1.14646 2.89226 0.0924799
468.574 9.67474 1.11657 2.88549 0.0909979
469.32 9.57385 1.08389 2.87631 0.0895924
470.065 9.47592 1.05271 2.86729 0.0882249
470.81 9.38699 1.03398 2.85913 0.0878148
471.556 9.30167 1.0177 2.85123 0.0875579
472.301 9.22569 0.99634 2.84403 0.0866814
473.046 9.15426 0.973633 2.83716 0.0855879
473.792 9.09141 0.951531 2.83104 0.0844041
474.537 9.0346 0.930004 2.82546 0.0831656
475.282 8.975 0.909483 2.81957 0.082035
476.028 8.91208 0.890025 2.81332 0.0810265
476.773 8.84644 0.872232 2.80676 0.0801925
477.518 8.77382 0.857141 2.79948 0.0796968
478.264 8.70472 0.840988 2.79246 0.0790292
479.009 8.64402 0.818691 2.78614 0.0776061
479.754 8.58519 0.79726 2.77997 0.0762154
480.5 8.53688 0.777396 2.77485 0.0748234
481.245 8.48944 0.758152 2.7698 0.0734605
481.99 8.4301 0.749118 2.76358 0.0732943
482.736 8.37105 0.741137 2.75736 0.0732279
483.481 8.30989 0.727082 2.75077 0.0725308
484.226 8.2493 0.711819 2.74416 0.071677
484.972 8.20084 0.700032 2.73886 0.071032
485.717 8.15899 0.69013 2.73426 0.0704995
486.462 8.1164 0.676088 2.72951 0.0695084
487.208 8.07318 0.658412 2.7246 0.0681039
487.953 8.02788 0.644755 2.71948 0.067152
488.698 7.97893 0.637026 2.71398 0.0668955
489.444 7.93403 0.628525 2.70889 0.0664959
490.189 7.89893 0.617369 2.70485 0.0656682
490.934 7.86265 0.606766 2.70066 0.0649065
491.68 7.8137 0.598582 2.69501 0.0645598
492.425 7.76586 0.590609 2.68944 0.064216
493.17 7.72289 0.578554 2.68435 0.0633266
493.916 7.68085 0.566776 2.67934 0.0624442
494.661 7.64239 0.556788 2.67475 0.0617204
495.406 7.60514 0.547331 2.67027 0.0610354
496.152 7.56316 0.532924 2.66514 0.0597934
496.897 7.51986 0.516948 2.6598 0.0583544
497.642 7.47978 0.50921 2.65491 0.0578683
498.388 7.44217 0.507198 2.65035 0.0580535
499.133 7.40739 0.506598 2.64613 0.0583834
499.878 7.37583 0.507713 2.6423 0.058894
500.624 7.34546 0.503718 2.63855 0.0587543
501.369 7.31705 0.488755 2.6349 0.0572087
502.115 7.28743 0.475322 2.6311 0.0558529
502.86 7.25097 0.467505 2.62647 0.0552679
503.605 7.21582 0.459865 2.62198 0.0546826
504.35 7.19533 0.451534 2.61935 0.0538496
505.096 7.17505 0.443362 2.61673 0.0530283
505.841 7.14138 0.439085 2.61241 0.0528394
506.587 7.10697 0.435263 2.60797 0.0527133
507.332 7.0783 0.431223 2.60425 0.0524978
508.077 7.05157 0.427174 2.60078 0.0522582
508.823 7.02362 0.420329 2.59709 0.0516568
509.568 6.99521 0.412057 2.59331 0.0508629
510.313 6.96717 0.406293 2.58959 0.0503919
511.059 6.9395 0.402874 2.58592 0.0502264
511.804 6.90844 0.39599 2.58175 0.049623
512.549 6.87153 0.383475 2.5767 0.0483015
513.294 6.83886 0.374325 2.57223 0.0473824
514.04 6.81776 0.374689 2.56941 0.0476515
514.785 6.7959 0.374954 2.56648 0.0479154
515.531 6.76554 0.374666 2.56235 0.0481841
516.276 6.73574 0.374322 2.55828 0.0484411
517.021 6.71994 0.365329 2.55606 0.0473578
517.767 6.7047 0.356222 2.55392 0.0462467
518.512 6.68163 0.343695 2.55064 0.0447183
519.257 6.65729 0.33082 2.54716 0.0431383
520.003 6.63974 0.32758 2.54472 0.0428517
520.748 6.62513 0.328329 2.54272 0.0431042
521.493 6.60414 0.333309 2.53984 0.0440164
522.239 6.57849 0.341293 2.53631 0.0454064
522.984 6.55701 0.342951 2.53331 0.0458597
523.729 6.54078 0.336713 2.53098 0.045129
524.475 6.5232 0.329967 2.52845 0.044332
525.22 6.50231 0.321924 2.52542 0.0433702
525.965 6.48054 0.314537 2.52225 0.0425034
526.711 6.45334 0.309643 2.5183 0.0420399
527.456 6.42692 0.304943 2.51444 0.0415929
528.201 6.40986 0.302495 2.51197 0.0413945
528.947 6.393 0.300083 2.50951 0.0411981
529.692 6.37121 0.291812 2.50627 0.0401702
530.437 6.34914 0.283095 2.50298 0.0390691
531.183 6.32536 0.285089 2.4995 0.0395772
531.928 6.30132 0.290184 2.49599 0.0405575
532.673 6.2831 0.289207 2.49329 0.0405792
533.419 6.26829 0.284787 2.49107 0.0400506
534.164 6.24987 0.278229 2.48828 0.0392232
534.909 6.22787 0.269606 2.48492 0.0381032
535.655 6.2094 0.26402 2.48211 0.037411
536.4 6.1968 0.263477 2.48023 0.0374423
537.145 6.18319 0.262962 2.47819 0.0374854
537.891 6.1659 0.26254 2.47558 0.0375716
538.636 6.14906 0.261975 2.47303 0.0376321
539.381 6.13466 0.260113 2.47084 0.037472
540.127 6.12043 0.258276 2.46866 0.0373132
540.872 6.10608 0.258779 2.46649 0.0375192
541.617 6.09188 0.259357 2.46433 0.0377364
542.363 6.08192 0.252418 2.46277 0.0367427
543.108 6.07287 0.243974 2.46133 0.0355018
543.853 6.05548 0.239534 2.45862 0.0349476
544.599 6.03462 0.236917 2.45536 0.0347029
545.344 6.01841 0.235757 2.45284 0.0346526
546.089 6.00586 0.235727 2.45089 0.0347545
546.835 5.99213 0.234616 2.44875 0.0346929
547.58 5.97678 0.232057 2.44633 0.0344111
548.325 5.95999 0.230565 2.44368 0.0343087
549.071 5.93942 0.231592 2.44044 0.0346382
549.816 5.91993 0.231835 2.43734 0.0348348
550.561 5.90485 0.228094 2.43493 0.0343543
551.307 5.89 0.224387 2.43254 0.0338746
552.052 5.87799 0.218348 2.43059 0.0329915
552.797 5.86609 0.212423 2.42866 0.0321221
553.543 5.85181 0.209837 2.42635 0.0318108
554.288 5.83739 0.20772 2.42402 0.0315754
555.033 5.82377 0.209562 2.42184 0.0319843
555.779 5.81051 0.21265 2.41973 0.0325977
556.524 5.79729 0.210223 2.41757 0.032302
557.269 5.78415 0.204472 2.4154 0.031453
558.015 5.77172 0.203303 2.41338 0.0313557
558.76 5.76004 0.206933 2.41151 0.0320517
559.505 5.74939 0.207532 2.40978 0.0322376
560.251 5.74057 0.202575 2.40832 0.0314827
560.996 5.73154 0.198039 2.40682 0.0307969
561.741 5.72162 0.194857 2.40518 0.0303415
562.487 5.71185 0.192016 2.40357 0.0299404
563.232 5.70291 0.192673 2.40211 0.0301211
563.977 5.69404 0.193313 2.40066 0.0302987
564.723 5.68034 0.195227 2.39841 0.0307244
565.468 5.66651 0.197153 2.39612 0.0311547
566.213 5.65558 0.194113 2.39429 0.0307237
566.959 5.6454 0.189968 2.39257 0.0300975
567.704 5.63607 0.187225 2.391 0.0297022
568.449 5.62717 0.185164 2.38951 0.029419
569.195 5.61642 0.182393 2.3877 0.0290248
569.94 5.60416 0.179049 2.38562 0.0285402
570.685 5.59093 0.174804 2.38336 0.0279038
571.431 5.57624 0.169254 2.38083 0.0270475
572.176 5.56333 0.167165 2.37863 0.0267743
572.921 5.55479 0.174028 2.37723 0.0280245
573.667 5.54557 0.179502 2.37571 0.0290418
574.412 5.53208 0.176836 2.37339 0.0286744
575.157 5.51877 0.174225 2.37109 0.0283133
575.903 5.50458 0.170265 2.36862 0.0277196
576.648 5.49059 0.166403 2.36619 0.0271383
577.393 5.4825 0.164414 2.3648 0.0268475
578.139 5.47536 0.162726 2.36357 0.026603
578.884 5.46811 0.161526 2.36232 0.0264444
579.629 5.46084 0.16051 2.36107 0.0263178
580.375 5.45107 0.16079 2.35938 0.0264342
581.12 5.43967 0.161908 2.35741 0.026709
581.865 5.43055 0.163296 2.35584 0.0270191
582.611 5.42399 0.165013 2.35472 0.027373
583.356 5.41707 0.166425 2.35353 0.0276756
584.101 5.40939 0.167245 2.35221 0.0278783
584.847 5.40123 0.166718 2.35079 0.0278437
585.592 5.39094 0.160699 2.34894 0.0268399
586.337 5.38101 0.154978 2.34717 0.0258831
587.083 5.37558 0.152076 2.34621 0.0254029
587.828 5.37017 0.149207 2.34526 0.0249272
588.573 5.36226 0.147487 2.34386 0.024671
589.319 5.35421 0.145884 2.34244 0.0244356
590.064 5.34501 0.14506 2.34081 0.0243463
590.809 5.33557 0.144445 2.33913 0.0242956
591.555 5.32602 0.145007 2.33744 0.0244584
592.3 5.31646 0.146162 2.33575 0.0247293
593.045 5.30783 0.147432 2.33422 0.0250167
593.791 5.30004 0.148809 2.33284 0.0253197
594.536 5.29196 0.148155 2.3314 0.0252546
595.281 5.28338 0.144336 2.32985 0.0246137
596.027 5.27381 0.141347 2.32811 0.0241279
596.772 5.26115 0.140673 2.32582 0.0240815
597.517 5.24968 0.139782 2.32374 0.023988
598.263 5.24605 0.137193 2.32309 0.0235391
599.008 5.24242 0.134626 2.32244 0.0230934
599.753 5.23345 0.133971 2.32081 0.0230276
600.499 5.22447 0.133361 2.31918 0.0229696
601.244 5.21498 0.13445 2.31746 0.0232288
601.989 5.20549 0.135812 2.31574 0.0235394
602.735 5.19815 0.134878 2.3144 0.0234127
603.48 5.19169 0.133041 2.31322 0.0231127
604.225 5.18573 0.133619 2.31215 0.0232592
604.971 5.18011 0.135938 2.31114 0.023729
605.716 5.17346 0.135187 2.30993 0.0236319
606.461 5.16548 0.130634 2.30844 0.0228302
607.207 5.15831 0.127861 2.30711 0.0223553
607.952 5.15287 0.128956 2.30613 0.0225956
608.697 5.14807 0.128956 2.30526 0.0226274
609.443 5.14621 0.123728 2.30491 0.0216622
610.188 5.14406 0.118807 2.30451 0.0207551
610.933 5.13491 0.121404 2.30283 0.0212949
611.679 5.12585 0.123931 2.30117 0.021823
612.424 5.11795 0.12376 2.2997 0.0218371
613.169 5.11025 0.123299 2.29827 0.0217952
613.915 5.1063 0.125132 2.29756 0.022169
614.66 5.10348 0.127651 2.29707 0.0226672
615.405 5.09791 0.125651 2.29603 0.0223234
616.151 5.09077 0.121084 2.29468 0.0214989
616.896 5.08269 0.119247 2.29316 0.0211958
617.641 5.0737 0.120098 2.29148 0.0214086
618.387 5.06517 0.119926 2.28988 0.0214243
619.132 5.05737 0.118009 2.28841 0.0211025
619.878 5.05097 0.11642 2.2872 0.0208359
620.623 5.04915 0.115857 2.28688 0.020743
621.368 5.04668 0.115457 2.28643 0.0206844
622.113 5.03763 0.116645 2.28473 0.0209621
622.859 5.02869 0.117794 2.28304 0.0212327
623.604 5.01941 0.116229 2.28127 0.0209826
624.349 5.01022 0.114572 2.27952 0.0207133
625.095 5.00553 0.111886 2.27862 0.0202227
625.84 5.0018 0.108999 2.27791 0.0196877
626.586 4.9972 0.108314 2.27705 0.0195822
627.331 4.99222 0.108623 2.27611 0.0196706
628.076 4.98457 0.108277 2.27465 0.0196445
628.822 4.97484 0.107414 2.27278 0.0195269
629.567 4.96733 0.107768 2.27134 0.0196359
630.312 4.96279 0.109797 2.27049 0.0200579
631.057 4.9591 0.111127 2.26981 0.0203403
631.803 4.95753 0.110732 2.26952 0.0202765
632.548 4.95525 0.110134 2.2691 0.0201761
633.294 4.94879 0.108351 2.26785 0.0198632
634.039 4.94238 0.106616 2.26662 0.0195587
634.784 4.93621 0.106698 2.26543 0.0196084
635.53 4.93008 0.106774 2.26425 0.0196568
636.275 4.92364 0.106597 2.26301 0.019657
637.02 4.91721 0.106384 2.26177 0.0196499
637.766 4.91278 0.104582 2.26091 0.0193205
638.511 4.90905 0.102246 2.26019 0.0188821
639.256 4.90517 0.101972 2.25945 0.0188504
640.002 4.90121 0.103016 2.25869 0.0190794
640.747 4.89579 0.102551 2.25764 0.0190167
641.492 4.88875 0.100431 2.25626 0.0186334
642.238 4.88348 0.0993292 2.25524 0.0184432
642.983 4.88161 0.100172 2.25489 0.0186236
643.728 4.87976 0.100885 2.25455 0.0187782
644.474 4.87799 0.101095 2.25422 0.0188328
645.219 4.8758 0.101317 2.25381 0.0188916
645.964 4.86762 0.101716 2.25221 0.0190119
646.71 4.85955 0.102096 2.25063 0.0191285
647.455 4.85275 0.100938 2.24929 0.0189328
648.2 4.84611 0.0996877 2.24798 0.0187173
648.946 4.84273 0.0966953 2.24732 0.0181388
649.691 4.84017 0.0932789 2.24681 0.0174712
650.436 4.83676 0.0910911 2.24614 0.0170521
651.182 4.83295 0.089538 2.24539 0.0167612
651.927 4.82633 0.0902172 2.24409 0.0169285
652.672 4.81726 0.0928274 2.2423 0.0174941
653.418 4.80994 0.0945785 2.24086 0.0178814
654.163 4.80522 0.0950934 2.23993 0.0180096
654.908 4.80088 0.0952176 2.23908 0.0180576
655.654 4.79759 0.0942418 2.23843 0.0178793
656.399 4.79439 0.0931236 2.2378 0.0176715
657.144 4.79177 0.0909242 2.23729 0.0172426
657.89 4.78916 0.0887435 2.23677 0.0168169
658.635 4.77918 0.089339 2.23477 0.0169817
659.38 4.76928 0.0899378 2.23279 0.0171475
660.126 4.76496 0.0898748 2.23193 0.0171566
660.871 4.76161 0.0897006 2.23127 0.0171391
661.616 4.75935 0.0899278 2.23083 0.0171989
662.362 4.75752 0.0903108 2.23048 0.0172886
663.107 4.75475 0.0914738 2.22994 0.0175411
663.852 4.75131 0.0931803 2.22927 0.0179073
664.598 4.74729 0.0925138 2.22846 0.0177925
665.343 4.74256 0.0889819 2.2275 0.0170956
666.088 4.73743 0.0870365 2.22647 0.0167229
666.834 4.73142 0.0884453 2.22526 0.0170391
667.579 4.72645 0.0895333 2.22427 0.0172861
668.324 4.72601 0.0892879 2.2242 0.0172418
669.07 4.72553 0.08896 2.22412 0.0171808
669.815 4.7241 0.0868257 2.22384 0.0167532
670.56 4.72268 0.0847022 2.22356 0.0163276
671.306 4.71559 0.0823569 2.22211 0.0158775
672.051 4.70803 0.0800433 2.22057 0.0154343
672.796 4.70215 0.0811232 2.21938 0.0156823
673.542 4.69676 0.0831413 2.2183 0.0161223
674.287 4.69355 0.0832349 2.21765 0.0161579
675.032 4.69154 0.0822687 2.21725 0.0159702
675.778 4.68997 0.0823706 2.21695 0.016001
676.523 4.68883 0.0835081 2.21674 0.0162441
677.268 4.6866 0.0840527 2.2163 0.0163691
678.014 4.68252 0.0836028 2.21547 0.0162957
678.759 4.67749 0.0831055 2.21445 0.016216
679.504 4.66938 0.0824501 2.21278 0.016115
680.25 4.6621 0.0817728 2.21129 0.0160059
680.995 4.66108 0.0808221 2.21109 0.0158161
681.74 4.66006 0.079875 2.21089 0.0156269
682.486 4.65922 0.080424 2.21074 0.0157479
683.231 4.65839 0.0810199 2.21058 0.0158785
683.976 4.6534 0.0776987 2.20955 0.01521
684.722 4.6476 0.073681 2.20835 0.0143977
685.467 4.64346 0.0731294 2.2075 0.0143006
686.212 4.64004 0.0740255 2.20681 0.014503
686.958 4.63472 0.0754385 2.20572 0.0148201
687.703 4.62801 0.0772127 2.20434 0.0152185
688.448 4.6227 0.0781887 2.20325 0.0154456
689.194 4.61918 0.0781691 2.20253 0.015458
689.939 4.61653 0.0781405 2.20199 0.0154652
690.684 4.6159 0.0780942 2.20187 0.0154613
691.43 4.61436 0.0779766 2.20157 0.0154458
692.175 4.60822 0.0775007 2.20029 0.0153717
692.92 4.60221 0.0769878 2.19904 0.0152892
693.666 4.59796 0.0751534 2.19816 0.0149219
694.411 4.59375 0.0733478 2.19728 0.0145599
695.156 4.59034 0.0720488 2.19658 0.0143012
695.902 4.58705 0.0708203 2.19589 0.0140566
696.647 4.58566 0.070017 2.19561 0.0138951
697.392 4.58485 0.0693442 2.19546 0.013759
698.138 4.58402 0.0679035 2.19529 0.0134609
698.883 4.58316 0.0660167 2.19512 0.0130684
699.628 4.57989 0.0665526 2.19445 0.0131953
700.374 4.57422 0.0694836 2.19328 0.0138367
701.119 4.5693 0.0720241 2.19226 0.0143943
701.864 4.56566 0.073962 2.19151 0.0148208
702.61 4.5625 0.0752126 2.19086 0.0151004
703.355 4.56095 0.0742595 2.19054 0.0149069
704.1 4.55974 0.0735442 2.1903 0.0147626
704.846 4.56169 0.074994 2.19073 0.0150665
705.591 4.56365 0.076456 2.19117 0.0153727
706.336 4.55793 0.0736892 2.18996 0.0148091
707.082 4.55199 0.0708317 2.1887 0.0142256
707.827 4.54554 0.0675419 2.18734 0.0135502
708.572 4.53906 0.0642371 2.18596 0.0128698
709.318 4.53497 0.0636115 2.1851 0.012752
710.063 4.53192 0.0641113 2.18447 0.0128711
710.808 4.53182 0.0654602 2.18446 0.0131624
711.554 4.53396 0.06748 2.18494 0.0135897
712.299 4.53423 0.0678675 2.18502 0.0136745
713.044 4.53205 0.0661107 2.18456 0.0133095
713.79 4.52861 0.0650245 2.18384 0.0130913
714.535 4.52232 0.0654539 2.18251 0.0132059
715.28 4.51603 0.0659722 2.18118 0.0133398
716.026 4.50947 0.0669881 2.17979 0.0135817
716.771 4.50318 0.0679507 2.17846 0.0138118
717.516 4.5021 0.0684323 2.17824 0.0139217
718.262 4.50101 0.0689115 2.17802 0.0140312
719.007 4.50357 0.066611 2.17858 0.0135313
719.752 4.50651 0.0639827 2.17922 0.0129602
720.498 4.50326 0.0618859 2.17853 0.0125227
721.243 4.49823 0.0599876 2.17745 0.0121323
721.988 4.49331 0.0584176 2.1764 0.0118115
722.734 4.48848 0.0570393 2.17537 0.0115311
723.479 4.48422 0.0571953 2.17447 0.0115794
724.224 4.48051 0.0587902 2.17369 0.011937
724.97 4.47794 0.0594026 2.17315 0.0120794
725.715 4.47721 0.0584352 2.173 0.0118752
726.46 4.47639 0.0584556 2.17284 0.0118846
727.206 4.47526 0.0614839 2.17261 0.0125451
727.951 4.47396 0.0644276 2.17236 0.0131882
728.696 4.47154 0.0668071 2.17186 0.0137132
729.442 4.46912 0.0691604 2.17135 0.0142331
730.187 4.46206 0.0668761 2.16983 0.0137644
730.932 4.45503 0.064585 2.16831 0.0132927
731.678 4.45103 0.0630995 2.16745 0.0129852
732.423 4.44756 0.0617647 2.1667 0.0127083
733.168 4.4457 0.0609265 2.16631 0.0125343
733.914 4.44444 0.0602775 2.16605 0.0123994
734.659 4.44386 0.0600174 2.16593 0.012347
735.404 4.44375 0.0600239 2.16592 0.0123513
736.15 4.44314 0.0591845 2.1658 0.0121729
736.895 4.44195 0.0573666 2.16555 0.0117831
737.641 4.43947 0.055795 2.16502 0.0114502
738.386 4.43446 0.0547175 2.16393 0.0112317
739.131 4.4298 0.0545199 2.16293 0.0112037
739.876 4.42635 0.0576945 2.1622 0.0119091
740.622 4.42316 0.0606866 2.16152 0.0125747
741.367 4.42343 0.0619846 2.1616 0.0128601
742.112 4.42369 0.063285 2.16167 0.013146
742.858 4.42403 0.0632508 2.16176 0.0131398
743.603 4.42438 0.0631349 2.16185 0.0131158
744.349 4.42183 0.061533 2.1613 0.0127759
745.094 4.41863 0.0596157 2.1606 0.0123684
745.839 4.41447 0.0559696 2.1597 0.0115845
746.584 4.40988 0.0516 2.15869 0.0106417
747.33 4.40564 0.0508377 2.15777 0.0104877
748.075 4.40171 0.0528768 2.15693 0.010948
748.82 4.39907 0.0536099 2.15636 0.0111184
749.566 4.39814 0.0526329 2.15616 0.0109084
750.311 4.39813 0.0520062 2.15617 0.0107729
751.057 4.40029 0.0521967 2.15666 0.0108114
751.802 4.4015 0.0524554 2.15694 0.0108672
752.547 4.39805 0.0530347 2.15619 0.0110059
753.293 4.39455 0.0535363 2.15544 0.0111279
754.038 4.38949 0.0525366 2.15433 0.0109236
754.783 4.3845 0.0515581 2.15324 0.0107233
755.529 4.38166 0.050437 2.15262 0.0104856
756.274 4.37904 0.049315 2.15206 0.0102468
757.019 4.37647 0.0494032 2.1515 0.0102749
757.765 4.37392 0.0498118 2.15095 0.0103737
758.51 4.37197 0.0514378 2.15053 0.0107403
759.255 4.37033 0.0536796 2.15019 0.0112425
760.001 4.36965 0.0531459 2.15005 0.0111284
760.746 4.3698 0.0501838 2.15008 0.0104749
761.491 4.36788 0.0495649 2.14967 0.010345
762.237 4.36298 0.0523287 2.1486 0.0109717
762.982 4.35845 0.0537326 2.14761 0.0112971
763.727 4.35481 0.0518119 2.14681 0.0108829
764.473 4.35125 0.0502176 2.14603 0.0105403
765.218 4.348 0.0502494 2.14532 0.0105578
765.963 4.34486 0.050232 2.14463 0.010564
766.709 4.34495 0.0485412 2.14466 0.0101898
767.454 4.34504 0.0468496 2.14469 0.00981541
768.199 4.34587 0.0459024 2.14488 0.00960478
768.945 4.34678 0.0450322 2.14509 0.00941115
769.69 4.34621 0.0456872 2.14498 0.00956007
770.435 4.34521 0.0467775 2.14477 0.00980686
771.181 4.34228 0.0467401 2.14412 0.00980758
771.926 4.33834 0.0461102 2.14326 0.00967871
772.671 4.33372 0.0458829 2.14224 0.00964098
773.417 4.32851 0.046004 2.14109 0.00968227
774.162 4.32551 0.0464962 2.14043 0.00980127
774.907 4.32569 0.0475507 2.14048 0.0100382
775.653 4.32579 0.0475818 2.14052 0.0100469
776.398 4.32568 0.0449565 2.1405 0.00946268
777.143 4.32562 0.0427941 2.14049 0.00898171
777.889 4.32592 0.0431521 2.14057 0.00906286
778.634 4.3262 0.0435281 2.14064 0.00914806
779.379 4.32579 0.0444403 2.14056 0.0093546
780.125 4.32538 0.0453508 2.14048 0.00956078
780.87 4.32007 0.0440123 2.1393 0.00927576
781.615 4.31435 0.0424893 2.13803 0.00894966
782.361 4.3094 0.042982 2.13693 0.00907288
783.106 4.3047 0.0439899 2.13589 0.00931137
783.851 4.30325 0.0418058 2.13557 0.0088263
784.597 4.30338 0.0380094 2.1356 0.00797571
785.342 4.30316 0.0398065 2.13556 0.0083813
786.087 4.30255 0.0463355 2.13545 0.00985002
786.833 4.30252 0.0491809 2.13546 0.0104907
787.578 4.3034 0.0469409 2.13567 0.00998743
788.323 4.30326 0.045396 2.13564 0.00964276
789.069 4.30076 0.0455053 2.13509 0.00967494
789.814 4.29764 0.0456884 2.1344 0.00972522
790.559 4.29164 0.0462101 2.13306 0.00985861
791.305 4.28593 0.0465266 2.13179 0.00994536
792.05 4.28338 0.0438791 2.13121 0.00935644
792.795 4.28083 0.0412712 2.13064 0.00877578
793.541 4.28088 0.039877 2.13066 0.00846287
794.286 4.2811 0.038561 2.13072 0.00816727
795.031 4.28246 0.0402632 2.13104 0.00854997
795.777 4.28408 0.0426606 2.13142 0.00908864
796.522 4.28425 0.0416352 2.13146 0.00885881
797.267 4.28378 0.0391317 2.13136 0.00829708
798.013 4.27957 0.0390839 2.13042 0.00829663
798.758 4.27277 0.0407517 2.1289 0.0086892
799.503 4.26812 0.0412919 2.12786 0.00882302
800.249 4.2659 0.0405891 2.12736 0.00867043
800.994 4.26329 0.040651 2.12678 0.00869164
801.739 4.25994 0.0421391 2.12604 0.00903764
802.485 4.25726 0.042431 2.12544 0.00911141
803.23 4.25673 0.0387314 2.12532 0.00827525
803.975 4.25646 0.0355107 2.12526 0.00754698
804.721 4.25863 0.0360966 2.12576 0.00767722
805.466 4.2608 0.0366898 2.12627 0.007809
806.211 4.25957 0.0417095 2.12601 0.00895066
806.957 4.25823 0.0467276 2.12572 0.0100928
807.702 4.25451 0.0460639 2.12489 0.0099529
808.447 4.25051 0.0446334 2.12398 0.00963927
809.193 4.24733 0.0425896 2.12327 0.00918381
809.938 4.24442 0.0403818 2.12261 0.00868985
810.683 4.24229 0.0401474 2.12213 0.00864261
811.429 4.2406 0.0409735 2.12176 0.00883572
812.174 4.23921 0.041142 2.12145 0.00887861
812.919 4.23808 0.0407381 2.1212 0.00879064
813.665 4.23726 0.039785 2.12102 0.00857684
814.41 4.23686 0.0380649 2.12094 0.00818736
815.155 4.23625 0.0369402 2.12081 0.00793385
815.901 4.23516 0.0371712 2.12057 0.0079901
816.646 4.23363 0.0375532 2.12023 0.00808171
817.391 4.2302 0.0385696 2.11946 0.0083219
818.137 4.22671 0.0394346 2.11867 0.00852799
818.882 4.22211 0.0387933 2.11763 0.00839257
819.627 4.21758 0.0381667 2.1166 0.00826007
820.373 4.21548 0.0389346 2.11613 0.00844151
821.118 4.21348 0.0397401 2.11568 0.0086315
821.863 4.21387 0.0394095 2.11578 0.00855643
822.609 4.21467 0.0388844 2.11597 0.00843599
823.354 4.2155 0.0375073 2.11616 0.00812052
824.099 4.21634 0.0358294 2.11636 0.0077363
824.845 4.21686 0.0350278 2.11649 0.00755329
825.59 4.21721 0.0347359 2.11657 0.00748724
826.335 4.21729 0.0349318 2.1166 0.00753329
827.081 4.21713 0.0355711 2.11657 0.00768125
827.826 4.21531 0.0361187 2.11617 0.00781144
828.571 4.21118 0.036527 2.11523 0.00791434
829.317 4.20726 0.0365126 2.11434 0.0079201
830.062 4.20372 0.0355816 2.11353 0.00771477
830.807 4.20043 0.0345454 2.11279 0.00748448
831.553 4.19801 0.0330276 2.11224 0.00714161
832.298 4.19586 0.031876 2.11175 0.0068821
833.043 4.19622 0.0341511 2.11184 0.00740572
833.789 4.19656 0.0364331 2.11193 0.00793089
834.534 4.19603 0.0353641 2.11182 0.00768754
835.279 4.19548 0.0342465 2.1117 0.00743297
836.025 4.19603 0.0343039 2.11183 0.00744646
836.77 4.19672 0.0345244 2.112 0.00749715
837.515 4.19521 0.0361634 2.11166 0.00787811
838.261 4.19304 0.0381917 2.11117 0.00835019
839.006 4.1902 0.0385288 2.11053 0.00843489
839.751 4.18705 0.0380442 2.10981 0.00833107
840.497 4.18408 0.0380793 2.10913 0.00834651
841.242 4.18124 0.0385027 2.10849 0.00845125
841.987 4.17987 0.040507 2.10818 0.00891771
842.733 4.18018 0.0443774 2.10827 0.00981115
843.478 4.17946 0.0443599 2.10811 0.0098101
844.223 4.17689 0.0374561 2.10751 0.00822371
844.969 4.17468 0.0327753 2.107 0.00714834
845.714 4.17388 0.0341943 2.10683 0.0074788
846.459 4.1729 0.0354658 2.10661 0.00777564
847.205 4.171 0.0359683 2.10618 0.00789667
847.95 4.16922 0.0366208 2.10578 0.00805225
848.695 4.16934 0.0399922 2.10582 0.00883282
849.441 4.16943 0.0433696 2.10585 0.00961486
850.186 4.16602 0.0420276 2.10507 0.00931341
850.931 4.1625 0.040499 2.10426 0.00896853
851.677 4.16043 0.0345899 2.10378 0.00760517
852.422 4.15846 0.0280317 2.10332 0.0060899
853.167 4.15851 0.02993 2.10334 0.00653102
853.913 4.15916 0.0345368 2.1035 0.00759883
854.658 4.15845 0.0366353 2.10335 0.0080878
855.403 4.15707 0.0374264 2.10304 0.00827513
856.149 4.15533 0.0368572 2.10264 0.0081478
856.894 4.15332 0.0352566 2.10218 0.00778154
857.639 4.15232 0.0354817 2.10196 0.00783685
858.385 4.15245 0.0377703 2.102 0.008369
859.13 4.15203 0.0375827 2.10191 0.00832747
859.875 4.15065 0.033247 2.10159 0.00732464
860.621 4.14929 0.030944 2.10127 0.00679328
861.366 4.14811 0.033801 2.10101 0.00746022
862.112 4.14662 0.0359479 2.10068 0.00796311
862.857 4.14387 0.0350592 2.10004 0.00776291
863.602 4.14137 0.0343241 2.09947 0.00759775
864.347 4.14114 0.0349565 2.09942 0.00774647
865.093 4.1409 0.035588 2.09937 0.007895
865.838 4.14069 0.0328493 2.09933 0.00725914
866.583 4.14045 0.0301161 2.09927 0.00662455
867.329 4.14115 0.0312611 2.09945 0.00689094
868.074 4.14195 0.0328038 2.09964 0.00724963
868.82 4.14063 0.0331066 2.09934 0.00732358
869.565 4.13885 0.0331329 2.09893 0.00733399
870.31 4.13741 0.0333787 2.0986 0.00739494
871.056 4.1361 0.0337031 2.09831 0.00747398
871.801 4.13437 0.0332852 2.09791 0.00738084
872.546 4.13241 0.0324629 2.09746 0.00719374
873.292 4.13059 0.0316811 2.09704 0.00701567
874.037 4.12889 0.0309324 2.09665 0.00684497
874.782 4.12822 0.030527 2.0965 0.00675255
875.528 4.12871 0.0305047 2.09662 0.00674757
876.273 4.12873 0.0309297 2.09663 0.00684778
877.018 4.12796 0.0320742 2.09646 0.00711726
877.764 4.12722 0.032548 2.09629 0.00723022
878.509 4.12652 0.0314539 2.09614 0.00697705
879.254 4.12579 0.0305187 2.09597 0.00676096
880 4.12491 0.03015 2.09577 0.00667734
880.745 4.12426 0.0296556 2.09563 0.00656393
881.49 4.12514 0.0283087 2.09584 0.00624892
882.236 4.12576 0.0270998 2.09599 0.00596661
882.981 4.12162 0.0286901 2.09503 0.00634561
883.726 4.11754 0.0302272 2.09408 0.00671271
884.472 4.11485 0.0297186 2.09346 0.00659914
885.217 4.11222 0.029155 2.09285 0.00647242
885.962 4.11136 0.0278666 2.09265 0.00617295
886.708 4.11071 0.0264938 2.0925 0.00585326
887.453 4.11059 0.0258257 2.09248 0.00569787
888.198 4.11058 0.0253214 2.09248 0.00558068
888.944 4.11131 0.0250811 2.09266 0.00552431
889.689 4.11231 0.0249358 2.0929 0.00548985
890.434 4.11182 0.0255973 2.09279 0.00564647
891.18 4.11055 0.0266726 2.0925 0.00590124
891.925 4.10871 0.0267219 2.09208 0.00591648
892.67 4.10647 0.026045 2.09156 0.005762
893.416 4.10418 0.0261094 2.09103 0.00578141
894.161 4.10183 0.0268763 2.09048 0.00596585
894.906 4.09948 0.0274026 2.08994 0.00609396
895.652 4.09711 0.0276259 2.08939 0.00615099
896.397 4.09532 0.0284788 2.08897 0.00635523
897.142 4.09449 0.0304454 2.08879 0.00681998
897.888 4.09426 0.0311144 2.08874 0.00697864
898.633 4.09554 0.0286144 2.08905 0.00638957
899.378 4.09656 0.0273055 2.08929 0.00608119
900.124 4.09669 0.0303027 2.08933 0.00678649
900.869 4.09675 0.032284 2.08936 0.00725308
901.614 4.09653 0.0285413 2.0893 0.00637453
902.36 4.09618 0.0250763 2.08922 0.00556132
903.105 4.09505 0.0245436 2.08896 0.00543855
903.85 4.09389 0.0240231 2.08869 0.0053186
904.596 4.09135 0.0239319 2.0881 0.00530145
905.341 4.08883 0.0238412 2.08751 0.00528438
906.086 4.08756 0.0234895 2.08722 0.00520414
906.832 4.08636 0.023128 2.08694 0.00512144
907.577 4.08376 0.0237732 2.08634 0.00527782
908.322 4.08101 0.0245268 2.08569 0.00546018
909.068 4.08046 0.0244156 2.08557 0.00543557
909.813 4.08037 0.0241239 2.08556 0.00536775
910.558 4.08031 0.0230458 2.08554 0.00511432
911.304 4.08024 0.0217252 2.08553 0.00480366
912.049 4.08021 0.0230897 2.08553 0.00512654
912.794 4.08017 0.0255862 2.08553 0.00571652
913.54 4.07991 0.0265503 2.08548 0.00594525
914.285 4.07954 0.0266687 2.0854 0.00597462
915.03 4.07882 0.0259149 2.08523 0.00579863
915.776 4.07785 0.0245562 2.08501 0.00548009
916.521 4.07622 0.0239591 2.08463 0.00534217
917.266 4.07402 0.024027 2.08411 0.00536205
918.012 4.07169 0.0245842 2.08357 0.00549775
918.757 4.06924 0.025665 2.083 0.00575763
919.502 4.06735 0.0267389 2.08256 0.0060153
920.248 4.06622 0.0278216 2.0823 0.00627411
920.993 4.06463 0.0280035 2.08193 0.00632048
921.738 4.06229 0.0266805 2.08138 0.00601154
922.484 4.06082 0.0267134 2.08103 0.00602235
923.229 4.06119 0.0296114 2.08113 0.00670934
923.974 4.0617 0.0307811 2.08126 0.00698648
924.72 4.06264 0.0272016 2.08148 0.00613775
925.465 4.06315 0.0238067 2.0816 0.00533363
926.21 4.06228 0.0211605 2.0814 0.00470866
926.956 4.06148 0.0188022 2.08121 0.0041516
927.701 4.06106 0.0177235 2.08112 0.00389718
928.446 4.06042 0.0172733 2.08097 0.00379192
929.192 4.05828 0.0210294 2.08047 0.00468558
929.937 4.05619 0.0244246 2.07999 0.00549436
930.682 4.05504 0.0246292 2.07972 0.00554529
931.428 4.0539 0.0247172 2.07946 0.00556853
932.173 4.05307 0.0222092 2.07926 0.00497505
932.918 4.05221 0.0197256 2.07906 0.00438716
933.664 4.05039 0.0216815 2.07863 0.00485463
934.409 4.04856 0.0236055 2.07821 0.0053149
935.154 4.04584 0.0221464 2.07757 0.00497233
935.9 4.04312 0.0205904 2.07692 0.00460631
936.645 4.04287 0.0211672 2.07687 0.00474461
937.39 4.04281 0.0219183 2.07686 0.00492417
938.136 4.0451 0.022122 2.07741 0.0049705
938.881 4.04772 0.0222578 2.07804 0.00500026
939.626 4.04899 0.0240055 2.07835 0.00541472
940.372 4.05002 0.0260505 2.0786 0.00589997
941.117 4.04677 0.0250482 2.07783 0.00566716
941.862 4.04264 0.0234243 2.07685 0.00528727
942.608 4.04095 0.0221825 2.07645 0.00499462
943.353 4.03991 0.0210441 2.07621 0.0047256
944.098 4.03822 0.0252608 2.07582 0.00573281
944.844 4.03621 0.0311019 2.07535 0.00712847
945.589 4.03722 0.0273639 2.07559 0.00623683
946.334 4.03919 0.0199799 2.07606 0.00447592
947.08 4.03807 0.0193848 2.0758 0.00433614
947.825 4.03573 0.0216582 2.07524 0.00488135
948.57 4.03426 0.0231319 2.0749 0.00523527
949.316 4.03323 0.0242315 2.07466 0.00549957
950.061 4.0329 0.0263479 2.07459 0.00600553
950.806 4.03292 0.0290093 2.07461 0.00664097
951.552 4.03211 0.0269892 2.07441 0.00616113
952.297 4.03076 0.0222963 2.07409 0.00504405
953.042 4.02924 0.0243283 2.07374 0.00553172
953.788 4.02752 0.0305209 2.07334 0.00701355
954.533 4.02826 0.0266786 2.07352 0.00609563
955.278 4.03035 0.0158537 2.074 0.00350981
956.024 4.02815 0.0145829 2.07349 0.00320911
956.769 4.02309 0.020181 2.07229 0.00455232
957.514 4.02115 0.0213546 2.07183 0.00483591
958.26 4.02165 0.0192323 2.07195 0.00432854
959.005 4.02235 0.0175035 2.07212 0.00391512
959.75 4.02323 0.0160932 2.07233 0.00357778
960.496 4.02267 0.0198095 2.07221 0.00446742
961.241 4.02065 0.027823 2.07174 0.00638701
961.986 4.02065 0.0311737 2.07175 0.0071891
962.732 4.02264 0.0304611 2.07223 0.00701602
963.477 4.02326 0.0297163 2.07238 0.00683762
964.222 4.0226 0.0289557 2.07223 0.00665755
964.968 4.02276 0.0262928 2.07227 0.00602135
965.713 4.0236 0.0218202 2.07247 0.00495167
966.458 4.02244 0.0208752 2.0722 0.00472783
967.204 4.01946 0.0232518 2.07149 0.00530066
967.949 4.01581 0.0255346 2.07062 0.00585273
968.694 4.01155 0.0277036 2.06961 0.00637936
969.44 4.01018 0.0273904 2.06929 0.00630706
970.185 4.01151 0.024745 2.06961 0.00567166
970.93 4.00961 0.0235826 2.06915 0.00539624
971.676 4.00477 0.0238352 2.068 0.00546397
972.421 4.00203 0.022839 2.06734 0.00522908
973.166 4.00114 0.0207064 2.06713 0.00471858
973.912 4.00115 0.0198663 2.06714 0.00451738
974.657 4.002 0.0201903 2.06735 0.00459487
975.402 4.00275 0.0203263 2.06753 0.00462731
976.148 4.00342 0.020295 2.0677 0.00461963
976.893 4.00337 0.0202552 2.06769 0.00461076
977.638 4.00272 0.0202087 2.06754 0.00460096
978.384 4.00243 0.0197471 2.06747 0.00449107
979.129 4.00242 0.0189517 2.06747 0.00430066
979.874 4.0029 0.0190405 2.06759 0.00432208
980.62 4.00375 0.0198054 2.0678 0.00450543
981.365 4.00092 0.0207099 2.06713 0.00472658
982.11 3.99561 0.0216618 2.06586 0.00496246
982.856 3.99266 0.0227646 2.06515 0.00523218
983.601 3.9912 0.0239785 2.06481 0.00552695
984.346 3.98878 0.0235799 2.06423 0.00543483
985.092 3.98581 0.022251 2.06352 0.00511908
985.837 3.98483 0.0199932 2.06328 0.00457653
986.583 3.98489 0.0172139 2.0633 0.00390697
987.328 3.98485 0.0173768 2.06329 0.00394687
988.073 3.98476 0.0189736 2.06328 0.00433258
988.818 3.98572 0.0211102 2.06351 0.00484719
989.564 3.9871 0.0235103 2.06386 0.00542454
990.309 3.9881 0.025468 2.0641 0.00589553
991.055 3.98894 0.0272675 2.06431 0.00632844
991.8 3.9888 0.0255333 2.06428 0.00591145
992.545 3.98832 0.0226989 2.06417 0.00522981
993.291 3.9885 0.0225704 2.06421 0.0051992
994.036 3.98885 0.0231399 2.0643 0.00533654
994.781 3.98896 0.0228027 2.06433 0.00525575
995.527 3.98902 0.0222807 2.06435 0.0051305
996.272 3.98826 0.021165 2.06417 0.00486321
997.017 3.98736 0.019971 2.06396 0.0045771
997.763 3.98502 0.0187256 2.0634 0.00428006
998.508 3.98257 0.0175044 2.06281 0.00398865
999.253 3.98395 0.0239245 2.06315 0.0055363
999.999 3.98529 0.0308299 2.06349 0.00720014
