255.408 0.904829 1.57712 1.30551 0.837898
256.154 0.936121 1.61716 1.33474 0.840281
256.899 0.967484 1.65644 1.36312 0.841821
257.644 0.945702 1.6264 1.34075 0.838774
258.39 0.915842 1.58494 1.31005 0.834098
259.135 0.928544 1.64633 1.34068 0.853002
259.88 0.958526 1.74244 1.39321 0.876284
260.626 0.974747 1.75984 1.4058 0.875046
261.371 0.981325 1.72721 1.39306 0.859721
262.116 0.99442 1.71294 1.39086 0.848355
262.862 1.0143 1.71896 1.3998 0.841745
263.607 1.02801 1.72267 1.40543 0.836944
264.353 1.03006 1.72201 1.40497 0.835437
265.098 1.03414 1.72852 1.40822 0.835707
265.843 1.04591 1.76159 1.4252 0.842277
266.589 1.05677 1.78846 1.43919 0.846791
267.334 1.05429 1.74639 1.42004 0.832675
268.079 1.05239 1.70393 1.40124 0.817768
268.825 1.05107 1.78871 1.43445 0.848141
269.57 1.05256 1.88017 1.47228 0.878028
270.315 1.07779 1.85093 1.46733 0.857492
271.061 1.10904 1.79524 1.45419 0.825819
271.806 1.12622 1.77712 1.45194 0.812572
272.551 1.13655 1.77614 1.45417 0.80792
273.297 1.15182 1.78369 1.46137 0.804274
274.042 1.1711 1.79808 1.47246 0.801394
274.787 1.17799 1.80919 1.4781 0.802177
275.533 1.16767 1.81594 1.47642 0.808127
276.278 1.16691 1.81131 1.47351 0.806669
277.023 1.19042 1.77838 1.46793 0.78664
277.769 1.21267 1.75826 1.46705 0.771481
278.514 1.22656 1.807 1.48875 0.782174
279.259 1.24103 1.85369 1.50981 0.791489
280.005 1.24949 1.82248 1.5001 0.778367
280.75 1.25832 1.79126 1.49077 0.765016
281.495 1.26743 1.75679 1.48063 0.75042
282.241 1.27697 1.72192 1.4708 0.735432
282.986 1.28464 1.72555 1.47386 0.733847
283.731 1.29168 1.74172 1.48102 0.736608
284.477 1.30137 1.72077 1.47628 0.726281
285.222 1.31321 1.67719 1.46483 0.707687
285.967 1.32749 1.66427 1.46467 0.698527
286.713 1.34383 1.68344 1.47572 0.699463
287.458 1.35589 1.69294 1.48212 0.698568
288.203 1.36008 1.68503 1.48025 0.694537
288.949 1.36699 1.67431 1.47841 0.68871
289.694 1.38358 1.65377 1.47671 0.676588
290.439 1.40031 1.63529 1.47584 0.665187
291.185 1.41716 1.63728 1.4814 0.660602
291.93 1.43395 1.63925 1.4869 0.656079
292.675 1.44347 1.58219 1.47234 0.634353
293.421 1.45385 1.52213 1.45784 0.611071
294.166 1.45565 1.50166 1.45211 0.603543
294.911 1.4554 1.48992 1.44821 0.599552
295.657 1.46287 1.4622 1.4426 0.587869
296.402 1.47425 1.42718 1.43657 0.572562
297.147 1.4903 1.39763 1.43391 0.557934
297.893 1.51006 1.37265 1.43395 0.544043
298.638 1.51612 1.35027 1.42998 0.534625
299.383 1.50278 1.33114 1.42004 0.531172
300.129 1.49119 1.30504 1.409 0.524662
300.874 1.48448 1.26146 1.39554 0.510397
301.619 1.47871 1.22015 1.38323 0.496469
302.365 1.47576 1.19414 1.37574 0.487407
303.11 1.47296 1.16772 1.36832 0.478066
303.855 1.46886 1.12278 1.35642 0.461831
304.601 1.46532 1.07749 1.345 0.445086
305.346 1.43774 1.04049 1.32613 0.436338
306.091 1.40667 1.00394 1.30589 0.428069
306.837 1.38006 0.951597 1.28426 0.411948
307.582 1.35548 0.892981 1.26247 0.392114
308.327 1.32589 0.867811 1.24495 0.386856
309.073 1.29251 0.864574 1.22969 0.391613
309.818 1.26515 0.838196 1.21257 0.385007
310.563 1.24514 0.785622 1.19402 0.36498
311.309 1.22274 0.744942 1.17672 0.350221
312.054 1.19476 0.728498 1.16091 0.347211
312.799 1.16189 0.709668 1.14224 0.343705
313.545 1.11058 0.68207 1.11301 0.338692
314.29 1.05944 0.653211 1.08311 0.332495
315.035 1.02072 0.616597 1.05782 0.319857
315.781 0.98171 0.579136 1.0321 0.306149
316.526 0.93974 0.546313 1.00527 0.294614
317.271 0.897165 0.513092 0.977783 0.282276
318.017 0.845154 0.480495 0.944801 0.270755
318.762 0.790155 0.44735 0.909478 0.258419
319.507 0.733265 0.42305 0.873369 0.250605
320.253 0.674873 0.403073 0.835972 0.244884
320.998 0.619631 0.383984 0.799702 0.238787
321.743 0.567211 0.365681 0.764464 0.23234
322.489 0.515112 0.348509 0.728743 0.22606
323.234 0.463947 0.333354 0.693018 0.220535
323.979 0.412082 0.31924 0.656061 0.215323
324.725 0.359592 0.308785 0.618071 0.212327
325.47 0.30617 0.29861 0.578444 0.209266
326.215 0.250998 0.291793 0.536711 0.208539
326.961 0.19494 0.28483 0.493103 0.207529
327.706 0.138895 0.284511 0.448771 0.211625
328.451 0.0819448 0.28429 0.40239 0.215928
329.197 0.0294076 0.287783 0.358699 0.223117
329.942 -0.0230246 0.292031 0.31396 0.231203
330.687 -0.0750262 0.29736 0.268474 0.240522
331.433 -0.127339 0.303228 0.22151 0.250735
332.178 -0.178017 0.313341 0.175249 0.265255
332.923 -0.227683 0.326657 0.129154 0.283443
333.669 -0.276618 0.339841 0.0826742 0.302233
334.414 -0.324479 0.352753 0.0361761 0.321439
335.159 -0.370595 0.365981 -0.00949326 0.341566
335.905 -0.412048 0.379427 -0.0510717 0.362051
336.65 -0.452827 0.392612 -0.0927147 0.382915
337.395 -0.488753 0.403324 -0.130088 0.400912
338.141 -0.525101 0.414295 -0.168498 0.419862
338.886 -0.562679 0.425806 -0.208854 0.4403
339.631 -0.600678 0.437601 -0.250324 0.461847
340.377 -0.641839 0.449778 -0.296241 0.485287
341.122 -0.683783 0.462308 -0.343901 0.510195
341.867 -0.722676 0.473278 -0.388988 0.533265
342.613 -0.760983 0.483984 -0.434191 0.556604
343.358 -0.792359 0.490861 -0.472118 0.57376
344.103 -0.819867 0.495549 -0.506067 0.587343
344.849 -0.852786 0.499854 -0.547907 0.602235
345.594 -0.891204 0.503815 -0.598148 0.618611
346.339 -0.931073 0.509752 -0.650859 0.638628
347.085 -0.973093 0.519081 -0.706711 0.664774
347.83 -1.01585 0.528853 -0.764712 0.692629
348.575 -1.05977 0.539291 -0.825529 0.72276
349.321 -1.10362 0.548567 -0.888058 0.752008
350.066 -1.14201 0.543257 -0.94863 0.756982
350.811 -1.18097 0.537925 -1.0114 0.761822
351.557 -1.21836 0.548316 -1.0674 0.791847
352.302 -1.25602 0.559738 -1.1247 0.824476
353.047 -1.30263 0.564266 -1.20142 0.849294
353.793 -1.35176 0.567735 -1.28536 0.873433
354.538 -1.40812 0.578367 -1.38289 0.913662
355.283 -1.46805 0.593043 -1.48993 0.964037
356.029 -1.51886 0.605249 -1.58446 1.00754
356.774 -1.56228 0.615251 -1.66832 1.04478
357.519 -1.6037 0.622407 -1.75215 1.07594
358.265 -1.64234 0.625279 -1.83451 1.09688
359.01 -1.68187 0.630088 -1.9213 1.12254
359.755 -1.72325 0.639188 -2.01458 1.15957
360.501 -1.76693 0.651243 -2.11689 1.20616
361.246 -1.82333 0.677999 -2.25296 1.30006
361.991 -1.87933 0.705245 -2.39598 1.40379
362.737 -1.93679 0.732624 -2.55192 1.51907
363.482 -1.99406 0.760252 -2.71617 1.64741
364.227 -2.04044 0.77983 -2.85724 1.75201
364.973 -2.08542 0.798364 -3.00043 1.86078
365.718 -2.12799 0.806824 -3.15095 1.93667
366.463 -2.16983 0.811804 -3.3101 2.00295
367.209 -2.20855 0.827329 -3.45118 2.11657
367.954 -2.24535 0.849644 -3.57861 2.26784
368.699 -2.29068 0.871645 -3.74873 2.44418
369.445 -2.34558 0.893298 -3.97298 2.65539
370.19 -2.40181 0.915115 -4.214 2.89637
370.935 -2.46028 0.937193 -4.47757 3.17582
371.681 -2.5162 0.958448 -4.73843 3.47904
372.426 -2.56037 0.976116 -4.94365 3.75198
373.171 -2.60398 0.993057 -5.15062 4.04515
373.917 -2.63539 0.998986 -5.32557 4.22958
374.662 -2.66699 1.00489 -5.50691 4.42807
375.407 -2.70678 1.01468 -5.73388 4.71758
376.153 -2.74746 1.02475 -5.97128 5.04288
376.898 -2.80435 1.04855 -6.24603 5.63689
377.643 -2.86594 1.07613 -6.5039 6.38873
378.389 -2.93057 1.10556 -6.71599 7.2991
379.134 -2.99721 1.13621 -6.838 8.37585
379.879 -3.05416 1.16373 -6.80527 9.4117
380.625 -3.10224 1.18833 -6.63566 10.3579
381.37 -3.14916 1.20947 -6.40111 11.3122
382.116 -3.194 1.22497 -6.15321 12.2472
382.861 -3.23522 1.23729 -5.859 13.1339
383.606 -3.26513 1.24004 -5.71888 13.788
384.352 -3.29818 1.24549 -5.4456 14.5391
385.097 -3.35265 1.27048 -4.40356 15.7276
385.842 -3.40771 1.29586 -3.08259 16.7784
386.587 -3.48104 1.32341 -1.10704 17.9693
387.333 -3.55564 1.35154 1.2403 18.6686
388.078 -3.62482 1.38564 3.60495 18.5097
388.824 -3.69374 1.42138 5.75308 17.7654
389.569 -3.76006 1.44932 7.49127 16.8589
390.314 -3.82585 1.47438 8.91014 15.7823
391.06 -3.87809 1.49011 9.83456 14.9101
391.805 -3.92052 1.49897 10.4856 14.2324
392.55 -3.96412 1.51352 10.9757 13.4132
393.296 -4.00909 1.5352 11.2734 12.4858
394.041 -4.05681 1.55928 11.4647 11.5495
394.786 -4.11017 1.58839 11.5467 10.5656
395.532 -4.16868 1.617 11.5837 9.61988
396.277 -4.24964 1.64158 11.698 8.52981
397.022 -4.33141 1.6674 11.6679 7.54743
397.768 -4.40526 1.71021 11.3689 6.73635
398.513 -4.47998 1.75399 11.053 6.04201
399.258 -4.54619 1.77995 10.8708 5.52536
400.004 -4.61223 1.80445 10.6884 5.06849
400.749 -4.6657 1.82847 10.5059 4.74252
401.494 -4.71572 1.85256 10.3272 4.46808
402.24 -4.76123 1.87636 10.1574 4.24318
402.985 -4.80427 1.9001 9.99526 4.04951
403.73 -4.86093 1.92113 9.84401 3.80169
404.476 -4.93148 1.93947 9.69614 3.51029
405.221 -5.00491 1.96544 9.51271 3.24232
405.966 -5.0827 2.00468 9.28074 2.99934
406.712 -5.16535 2.04817 9.04453 2.7723
407.457 -5.26198 2.10405 8.77469 2.54205
408.202 -5.35786 2.15896 8.53152 2.34336
408.948 -5.4356 2.19183 8.37733 2.1937
409.693 -5.51433 2.22537 8.22862 2.05665
410.438 -5.58872 2.26382 8.08114 1.94565
411.184 -5.66375 2.30319 7.93989 1.84389
411.929 -5.7246 2.33939 7.8237 1.77392
412.674 -5.78286 2.37535 7.71582 1.71294
413.42 -5.8441 2.40307 7.62448 1.64497
414.165 -5.90706 2.4273 7.54102 1.57623
414.91 -5.98394 2.46423 7.4324 1.50061
415.656 -6.07229 2.51178 7.30736 1.42252
416.401 -6.16686 2.55818 7.18745 1.34261
417.146 -6.26977 2.60262 7.07184 1.25898
417.892 -6.37464 2.6562 6.95212 1.18631
418.637 -6.48177 2.73125 6.81793 1.12967
419.382 -6.5879 2.80507 6.69557 1.078
420.128 -6.68237 2.86217 6.6016 1.03239
420.873 -6.77771 2.92047 6.51177 0.989901
421.618 -6.85915 2.97186 6.43821 0.957858
422.364 -6.94147 3.0243 6.36718 0.927469
423.109 -7.02068 3.05761 6.31387 0.893413
423.854 -7.10032 3.08886 6.26368 0.860212
424.6 -7.1768 3.13793 6.20532 0.837474
425.345 -7.25265 3.1937 6.14573 0.8186
426.09 -7.35017 3.25135 6.08045 0.788837
426.836 -7.46221 3.31091 6.01275 0.75376
427.581 -7.5745 3.37895 5.94427 0.723597
428.326 -7.68677 3.45635 5.87513 0.698137
429.072 -7.8087 3.53913 5.80492 0.671339
429.817 -7.94799 3.6307 5.73081 0.641231
430.562 -8.08457 3.72578 5.66074 0.615162
431.308 -8.20452 3.8257 5.59703 0.598006
432.053 -8.32324 3.92627 5.5371 0.582152
432.798 -8.41248 4.00263 5.49451 0.572055
433.544 -8.5025 4.08062 5.45307 0.562289
434.289 -8.61588 4.13805 5.41558 0.541795
435.034 -8.73231 4.19543 5.37905 0.521518
435.78 -8.83865 4.26649 5.3418 0.507542
436.525 -8.94347 4.3421 5.3051 0.495357
437.27 -9.05236 4.42048 5.2686 0.483039
438.016 -9.16393 4.50121 5.23265 0.470914
438.761 -9.28957 4.6007 5.19174 0.458565
439.506 -9.42765 4.7176 5.1472 0.44619
440.252 -9.56973 4.83989 5.10339 0.434109
440.997 -9.71696 4.96878 5.06 0.422204
441.742 -9.86748 5.10152 5.01789 0.410534
442.488 -10.0238 5.23785 4.97684 0.398603
443.233 -10.1819 5.37877 4.93708 0.387277
443.978 -10.3402 5.52468 4.89866 0.376825
444.724 -10.5004 5.6753 4.86144 0.366841
445.469 -10.6066 5.77524 4.83837 0.361494
446.214 -10.7139 5.87739 4.81573 0.356283
446.96 -10.8577 5.98037 4.79109 0.345896
447.705 -11.0092 6.08589 4.76657 0.335086
448.45 -11.1666 6.20751 4.7405 0.32509
449.196 -11.3277 6.33757 4.71428 0.315615
449.941 -11.475 6.48734 4.68768 0.30945
450.686 -11.6126 6.65213 4.66108 0.305411
451.432 -11.7648 6.82698 4.63377 0.3002
452.177 -11.9342 7.01367 4.60562 0.293732
452.922 -12.1118 7.21136 4.57739 0.287044
453.668 -12.3043 7.42586 4.54834 0.279723
454.413 -12.491 7.64342 4.52086 0.273251
455.158 -12.6463 7.84771 4.49723 0.269237
455.904 -12.8022 8.05967 4.47403 0.265389
456.649 -12.9564 8.29722 4.44983 0.262446
457.394 -13.1105 8.54245 4.4262 0.259568
458.14 -13.2934 8.73346 4.40715 0.252808
458.885 -13.481 8.92578 4.38875 0.245961
459.63 -13.6705 9.08882 4.37323 0.238498
460.376 -13.863 9.24737 4.35858 0.23103
461.121 -14.028 9.48064 4.34015 0.227411
461.866 -14.1768 9.7577 4.32009 0.225717
462.612 -14.3168 9.99718 4.30345 0.223653
463.357 -14.4498 10.201 4.28976 0.221278
464.102 -14.626 10.4575 4.27281 0.217227
464.848 -14.8703 10.7991 4.25092 0.210702
465.593 -15.0933 11.1379 4.23077 0.205404
466.338 -15.2495 11.437 4.21454 0.203037
467.084 -15.4073 11.742 4.19875 0.200551
467.829 -15.584 12.0317 4.18421 0.196939
468.574 -15.7608 12.3306 4.16991 0.193418
469.32 -15.9602 12.7587 4.1505 0.189944
470.065 -16.1563 13.2053 4.13147 0.186576
470.81 -16.2938 13.6412 4.11426 0.185287
471.556 -16.4152 14.0865 4.09763 0.18434
472.301 -16.5609 14.5097 4.08254 0.18213
473.046 -16.7142 14.9329 4.06818 0.17949
473.792 -16.8671 15.3293 4.05542 0.176709
474.537 -17.02 15.7091 4.0438 0.173847
475.282 -17.1657 16.1263 4.03156 0.171205
476.028 -17.3009 16.588 4.01858 0.168808
476.773 -17.4184 17.0937 4.00497 0.166769
477.518 -17.5004 17.6786 3.98988 0.165405
478.264 -17.5822 18.2719 3.97535 0.163703
479.009 -17.7171 18.8409 3.96234 0.160476
479.754 -17.8425 19.4257 3.94965 0.157333
480.5 -17.9707 19.944 3.93916 0.154242
481.245 -18.0914 20.4792 3.9288 0.151223
481.99 -18.0696 21.1321 3.91603 0.150624
482.736 -18.0133 21.8094 3.90325 0.15023
483.481 -17.9857 22.5651 3.88977 0.148531
484.226 -17.9446 23.3605 3.87629 0.146518
484.972 -17.8938 24.0376 3.86549 0.144989
485.717 -17.8344 24.6528 3.85614 0.143721
486.462 -17.8014 25.3269 3.84649 0.141517
487.208 -17.7905 26.0643 3.83657 0.138472
487.953 -17.6883 26.835 3.8262 0.136346
488.698 -17.4417 27.6383 3.81505 0.135622
489.444 -17.1987 28.418 3.80475 0.134624
490.189 -17.0541 29.1092 3.79661 0.132803
490.934 -16.8616 29.8345 3.78817 0.131113
491.68 -16.4458 30.7404 3.77677 0.130212
492.425 -15.9773 31.6475 3.76556 0.129322
493.17 -15.5751 32.5605 3.75535 0.127355
493.916 -15.1241 33.4791 3.74532 0.12541
494.661 -14.6468 34.3335 3.73612 0.123802
495.406 -14.1269 35.1738 3.72718 0.12228
496.152 -13.5229 36.1947 3.71696 0.119626
496.897 -12.8301 37.289 3.70633 0.116578
497.642 -12.0071 38.1567 3.69658 0.115454
498.388 -11.0951 38.8309 3.68748 0.115681
499.133 -10.1803 39.3998 3.67906 0.116205
499.878 -9.2868 39.8489 3.67143 0.1171
500.624 -8.43743 40.3971 3.66397 0.116704
501.369 -7.69368 41.2356 3.65678 0.113523
502.115 -6.8333 42.0346 3.64929 0.110719
502.86 -5.63668 42.6733 3.64013 0.109423
503.605 -4.41146 43.2442 3.63127 0.108133
504.35 -3.65156 43.7446 3.62609 0.10641
505.096 -2.86235 44.2219 3.62095 0.104714
505.841 -1.52803 44.5287 3.61242 0.10422
506.587 -0.124756 44.7363 3.60368 0.103847
507.332 1.08997 44.8944 3.59637 0.103319
508.077 2.25342 45.001 3.58953 0.102751
508.823 3.5103 45.1451 3.58231 0.101468
509.568 4.82957 45.2711 3.57491 0.0998079
510.313 6.12652 45.2283 3.56763 0.0987849
511.059 7.38014 45.025 3.56045 0.0983638
511.804 8.82282 44.8163 3.55228 0.0970733
512.549 10.6051 44.5924 3.54245 0.0943607
513.294 12.1553 44.2127 3.53375 0.0924546
514.04 13.0285 43.7092 3.52825 0.0929096
514.785 13.9013 43.1524 3.52253 0.0933507
515.531 15.0266 42.327 3.51448 0.0937707
516.276 16.0732 41.4642 3.50656 0.0941682
517.021 16.9482 41.246 3.50228 0.0920081
517.767 17.8104 41.0133 3.49814 0.0897979
518.512 18.9954 40.5564 3.4918 0.0867545
519.257 20.2073 39.9914 3.4851 0.0836118
520.003 20.871 39.4021 3.48037 0.0830022
520.748 21.2924 38.8205 3.4765 0.0834468
521.493 21.6523 37.9052 3.47091 0.0851473
522.239 21.9366 36.7692 3.46406 0.0877535
522.984 22.3401 35.9114 3.45825 0.0885586
523.729 22.93 35.3625 3.45377 0.0870937
524.475 23.5336 34.7481 3.4489 0.0854981
525.22 24.1963 33.9979 3.44307 0.0835758
525.965 24.8023 33.1832 3.43699 0.0818365
526.711 25.3056 32.1205 3.4294 0.0808592
527.456 25.735 31.0832 3.422 0.0799175
528.201 25.9912 30.394 3.41725 0.0794842
528.947 26.2197 29.7139 3.41255 0.0790555
529.692 26.6466 28.8583 3.40635 0.0770169
530.437 27.0472 27.9847 3.40005 0.0748403
531.183 27.014 27.0678 3.39338 0.0757437
531.928 26.8431 26.1787 3.38665 0.0775476
532.673 26.8792 25.4954 3.38149 0.0775337
533.419 27.0265 24.9218 3.37727 0.0764787
534.164 27.2057 24.2198 3.37196 0.0748436
534.909 27.4005 23.3922 3.36557 0.072642
535.655 27.4926 22.7055 3.36023 0.0712694
536.4 27.4564 22.2508 3.35665 0.0712934
537.145 27.4023 21.7732 3.35277 0.0713371
537.891 27.3023 21.1963 3.3478 0.0714519
538.636 27.1996 20.6451 3.34294 0.0715187
539.381 27.1478 20.1622 3.33878 0.0711732
540.127 27.0876 19.6927 3.33466 0.070831
540.872 26.9547 19.2544 3.33053 0.071181
541.617 26.8159 18.831 3.32642 0.0715523
542.363 26.9141 18.4397 3.32348 0.0696395
543.108 27.0525 18.0537 3.32079 0.0672622
543.853 26.9765 17.5093 3.31566 0.0661648
544.599 26.7997 16.9166 3.3095 0.0656451
545.344 26.6399 16.469 3.30473 0.0655064
546.089 26.4974 16.1304 3.30105 0.0656655
546.835 26.3603 15.7588 3.29701 0.0655121
547.58 26.2285 15.3409 3.29245 0.0649387
548.325 26.0489 14.9172 3.28745 0.0647003
549.071 25.7619 14.4633 3.28133 0.0652658
549.816 25.5041 14.0364 3.2755 0.065583
550.561 25.3807 13.6517 3.27096 0.0646372
551.307 25.2547 13.2803 3.26647 0.0636947
552.052 25.206 12.9347 3.26283 0.0620025
552.797 25.1508 12.5973 3.25921 0.0603381
553.543 24.9988 12.2726 3.25489 0.0597171
554.288 24.8341 11.9598 3.25052 0.0592391
555.033 24.6152 11.7248 3.24643 0.0599718
555.779 24.3833 11.5195 3.24245 0.0610881
556.524 24.2389 11.2422 3.23842 0.0604998
557.269 24.1434 10.9245 3.23437 0.0588761
558.015 23.9874 10.6889 3.23058 0.0586628
558.76 23.7732 10.5374 3.22707 0.0599355
559.505 23.6183 10.3615 3.22384 0.0602559
560.251 23.5655 10.1358 3.22112 0.0588224
560.996 23.5015 9.91599 3.21833 0.0575185
561.741 23.4048 9.70666 3.21528 0.0566437
562.487 23.3044 9.50749 3.21227 0.0558712
563.232 23.1708 9.37181 3.20955 0.056187
563.977 23.0389 9.23933 3.20685 0.056497
564.723 22.8244 9.06872 3.20263 0.0572568
565.468 22.6103 8.90137 3.19837 0.058024
566.213 22.4953 8.70357 3.19496 0.0571938
566.959 22.402 8.50255 3.19178 0.056003
567.704 22.3034 8.33328 3.18886 0.055245
568.449 22.2029 8.18087 3.1861 0.0546968
569.195 22.0841 8.00176 3.18273 0.0539385
569.94 21.9499 7.80264 3.17887 0.053009
570.685 21.8109 7.58575 3.17468 0.0517965
571.431 21.6637 7.34187 3.17001 0.050174
572.176 21.5069 7.16687 3.16593 0.0496386
572.921 21.3265 7.15528 3.16332 0.0519375
573.667 21.1524 7.11942 3.16048 0.0538014
574.412 20.9975 6.94011 3.15619 0.0530886
575.157 20.8449 6.76726 3.15194 0.0523887
575.903 20.6924 6.57359 3.14739 0.0512573
576.648 20.5415 6.38735 3.1429 0.0501505
577.393 20.4511 6.27604 3.14033 0.0495952
578.139 20.3703 6.17763 3.13806 0.0491278
578.884 20.2842 6.08586 3.13576 0.0488191
579.629 20.1968 5.99767 3.13346 0.0485695
580.375 20.0684 5.90833 3.13034 0.048763
581.12 19.9148 5.81936 3.1267 0.0492445
581.865 19.7887 5.75193 3.1238 0.0497958
582.611 19.6925 5.70785 3.12173 0.0504335
583.356 19.5948 5.65824 3.11955 0.0509753
584.101 19.4926 5.597 3.1171 0.0513309
584.847 19.3946 5.51742 3.11448 0.0512482
585.592 19.3078 5.3594 3.11111 0.0493771
586.337 19.2224 5.2097 3.10785 0.047595
587.083 19.1721 5.12396 3.1061 0.0467003
587.828 19.1216 5.03963 3.10436 0.0458145
588.573 19.0342 4.95454 3.10179 0.0453272
589.319 18.9448 4.87128 3.09918 0.0448781
590.064 18.8374 4.79159 3.09619 0.0446951
590.809 18.7268 4.7144 3.09311 0.0445826
591.555 18.6089 4.65154 3.09001 0.0448616
592.3 18.4886 4.59657 3.0869 0.0453385
593.045 18.3792 4.54903 3.0841 0.0458474
593.791 18.2796 4.50807 3.08157 0.0463861
594.536 18.1883 4.44354 3.07893 0.0462495
595.281 18.1084 4.34224 3.07609 0.0450576
596.027 18.0131 4.24653 3.07292 0.0441484
596.772 17.8726 4.16258 3.06873 0.0440374
597.517 17.7474 4.08391 3.06493 0.0438429
598.263 17.716 4.02566 3.06374 0.0430151
599.008 17.6844 3.96811 3.06256 0.0421935
599.753 17.5861 3.9069 3.05959 0.0420556
600.499 17.4881 3.84715 3.05661 0.0419321
601.244 17.3778 3.80419 3.05347 0.0423863
601.989 17.2671 3.76487 3.05033 0.0429338
602.735 17.1898 3.7116 3.04789 0.0426881
603.48 17.126 3.65346 3.04574 0.0421282
604.225 17.0573 3.62312 3.04377 0.0423835
604.971 16.9853 3.61262 3.04194 0.0432282
605.716 16.9157 3.5665 3.03973 0.0430378
606.461 16.8484 3.47687 3.03703 0.0415618
607.207 16.7821 3.40965 3.03462 0.0406833
607.952 16.7183 3.38915 3.03283 0.0411102
608.697 16.6656 3.36035 3.03124 0.0411588
609.443 16.6625 3.29047 3.03062 0.0393996
610.188 16.655 3.22277 3.0299 0.0377458
610.933 16.5491 3.20512 3.02684 0.0387107
611.679 16.4453 3.18746 3.02381 0.0396536
612.424 16.3635 3.14771 3.02115 0.0396643
613.169 16.2853 3.10642 3.01856 0.0395735
613.915 16.236 3.10123 3.01726 0.0402448
614.66 16.1955 3.10675 3.01636 0.0411441
615.405 16.1444 3.05897 3.01448 0.0405091
616.151 16.0868 2.98158 3.01204 0.0389994
616.896 16.011 2.92821 3.00929 0.0384346
617.641 15.9182 2.89827 3.00624 0.0388035
618.387 15.8337 2.86065 3.00334 0.038816
619.132 15.7621 2.80949 3.00068 0.0382185
619.878 15.7029 2.76646 2.9985 0.0377238
620.623 15.6836 2.74754 2.99791 0.0375525
621.368 15.6577 2.72825 2.9971 0.0374421
622.113 15.5659 2.70402 2.99401 0.0379281
622.859 15.476 2.68018 2.99096 0.0384011
623.604 15.3917 2.63097 2.98776 0.0379314
624.349 15.309 2.582 2.9846 0.0374276
625.095 15.2702 2.53706 2.98298 0.0365329
625.84 15.2406 2.49336 2.98171 0.0355599
626.586 15.1971 2.46741 2.98014 0.0353613
627.331 15.1477 2.4496 2.97845 0.0355124
628.076 15.0765 2.41905 2.97582 0.0354519
628.822 14.9887 2.37888 2.97244 0.0352229
629.567 14.9177 2.35578 2.96985 0.0354064
630.312 14.869 2.35525 2.96832 0.0361594
631.057 14.8297 2.35085 2.96707 0.036662
631.803 14.8133 2.33693 2.96656 0.0365442
632.548 14.7913 2.31951 2.9658 0.0363593
633.294 14.7361 2.28155 2.96356 0.035784
634.039 14.6815 2.2446 2.96133 0.0352243
634.784 14.6246 2.22417 2.9592 0.0353031
635.53 14.5685 2.20407 2.95708 0.0353794
636.275 14.5106 2.18132 2.95484 0.0353684
637.02 14.4531 2.15858 2.95261 0.0353444
637.766 14.4164 2.12734 2.95107 0.0347442
638.511 14.3868 2.09347 2.94978 0.0339496
639.256 14.3515 2.07677 2.94844 0.0338862
640.002 14.3125 2.07101 2.94708 0.0342911
640.747 14.265 2.04958 2.94519 0.0341693
641.492 14.2078 2.01123 2.94272 0.0334687
642.238 14.1634 1.98547 2.94088 0.0331184
642.983 14.1428 1.98306 2.94026 0.0334394
643.728 14.1227 1.97967 2.93965 0.0337139
644.474 14.1043 1.97237 2.93906 0.0338091
645.219 14.0826 1.96434 2.93832 0.033911
645.964 14.0119 1.94547 2.93545 0.0341131
646.71 13.9425 1.92694 2.93261 0.0343082
647.455 13.8869 1.8989 2.93021 0.0339457
648.2 13.833 1.87077 2.92786 0.033548
648.946 13.8086 1.83542 2.92667 0.0325055
649.691 13.7915 1.79846 2.92578 0.0313051
650.436 13.7653 1.76986 2.92458 0.030549
651.182 13.7347 1.7457 2.92324 0.030022
651.927 13.6779 1.7342 2.92091 0.0303115
652.672 13.5988 1.73353 2.9177 0.03131
653.418 13.5355 1.72938 2.91511 0.0319913
654.163 13.4948 1.72041 2.91346 0.032213
654.908 13.458 1.70921 2.91193 0.0322919
655.654 13.4313 1.6915 2.91077 0.0319677
656.399 13.4057 1.67298 2.90965 0.0315911
657.144 13.3863 1.6473 2.90873 0.0308202
657.89 13.367 1.62191 2.90781 0.0300553
658.635 13.2869 1.6055 2.90424 0.0303344
659.38 13.208 1.5895 2.90069 0.0306149
660.126 13.1727 1.57791 2.89916 0.0306245
660.871 13.1449 1.56716 2.89798 0.0305881
661.616 13.1248 1.56125 2.8972 0.0306913
662.362 13.1076 1.55723 2.89658 0.0308486
663.107 13.0822 1.55755 2.89561 0.0312947
663.852 13.051 1.56087 2.89441 0.0319426
664.598 13.0195 1.54572 2.89298 0.0317314
665.343 12.9872 1.50845 2.89127 0.0304809
666.088 12.9496 1.48253 2.88943 0.0298086
666.834 12.9006 1.48006 2.88728 0.0303629
667.579 12.8599 1.47687 2.8855 0.0307952
668.324 12.8543 1.4708 2.88538 0.0307157
669.07 12.8486 1.46409 2.88523 0.0306063
669.815 12.8387 1.44289 2.88474 0.0298426
670.56 12.8286 1.42184 2.88424 0.0290824
671.306 12.7779 1.39117 2.88167 0.0282702
672.051 12.724 1.36041 2.87893 0.0274702
672.796 12.6776 1.3566 2.87681 0.0279031
673.542 12.6337 1.36023 2.87488 0.0286781
674.287 12.608 1.35316 2.87374 0.0287366
675.032 12.5924 1.34027 2.87303 0.0283998
675.778 12.5786 1.3356 2.87248 0.0284525
676.523 12.5664 1.33887 2.87211 0.0288833
677.268 12.5472 1.33648 2.87132 0.0291022
678.014 12.5165 1.32466 2.86985 0.0289656
678.759 12.4793 1.31135 2.86803 0.0288163
679.504 12.4209 1.29306 2.86508 0.0286247
680.25 12.3686 1.27592 2.86242 0.0284201
680.995 12.3602 1.26499 2.86207 0.0280817
681.74 12.3519 1.25412 2.86172 0.0277444
682.486 12.3429 1.25388 2.86145 0.0279579
683.231 12.334 1.25399 2.86118 0.0281887
683.976 12.3011 1.22194 2.85934 0.0269949
684.722 12.2637 1.18439 2.85722 0.0255454
685.467 12.2335 1.17283 2.85571 0.0253677
686.212 12.2066 1.17208 2.85448 0.025722
686.958 12.1663 1.17266 2.85255 0.0262772
687.703 12.1163 1.17406 2.8501 0.0269741
688.448 12.077 1.17173 2.84817 0.0273691
689.194 12.051 1.16481 2.84689 0.0273859
689.939 12.031 1.15889 2.84594 0.0273949
690.684 12.0245 1.15519 2.84573 0.0273872
691.43 12.012 1.15 2.84519 0.0273575
692.175 11.9693 1.13728 2.84293 0.0272176
692.92 11.9277 1.12459 2.84072 0.0270629
693.666 11.8993 1.10523 2.83916 0.0264068
694.411 11.8712 1.08622 2.83761 0.0257603
695.156 11.8479 1.07153 2.83636 0.0252981
695.902 11.8253 1.05752 2.83516 0.0248611
696.647 11.8148 1.04835 2.83466 0.0245737
697.392 11.8081 1.04068 2.83439 0.0243321
698.138 11.8019 1.02797 2.8341 0.0238038
698.883 11.796 1.01235 2.8338 0.0231088
699.628 11.7719 1.01019 2.83261 0.0233291
700.374 11.7298 1.02121 2.83053 0.0244559
701.119 11.6933 1.03039 2.82873 0.0254349
701.864 11.6656 1.03692 2.8274 0.0261835
702.61 11.642 1.03949 2.82625 0.026673
703.355 11.6308 1.02952 2.82569 0.0263291
704.1 11.6217 1.02146 2.82526 0.0260725
704.846 11.6307 1.03044 2.82603 0.0266122
705.591 11.6397 1.03953 2.8268 0.0271561
706.336 11.6037 1.01388 2.82467 0.0261525
707.082 11.5664 0.987656 2.82245 0.0251139
707.827 11.5265 0.958442 2.82004 0.0239132
708.572 11.4864 0.929362 2.81762 0.0227045
709.318 11.4591 0.9196 2.81611 0.0224918
710.063 11.4374 0.91792 2.81499 0.0226982
710.808 11.4335 0.924244 2.81498 0.023212
711.554 11.4432 0.93683 2.81582 0.0239684
712.299 11.4426 0.937448 2.81595 0.0241184
713.044 11.4284 0.922374 2.81515 0.0234718
713.79 11.4059 0.910466 2.81387 0.0230828
714.535 11.3642 0.905601 2.81153 0.023277
715.28 11.3226 0.901356 2.80919 0.0235051
716.026 11.2791 0.899997 2.80673 0.0239228
716.771 11.2376 0.898583 2.80439 0.0243199
717.516 11.2286 0.898695 2.804 0.0245121
718.262 11.2197 0.898803 2.80362 0.0247034
719.007 11.2355 0.884932 2.8046 0.0238267
719.752 11.254 0.869328 2.80573 0.0228249
720.498 11.2338 0.851834 2.80452 0.0220504
721.243 11.2026 0.834207 2.80263 0.0213572
721.988 11.1718 0.818811 2.80079 0.020787
722.734 11.1416 0.804766 2.79897 0.0202881
723.479 11.1137 0.800603 2.79738 0.0203685
724.224 11.0881 0.805618 2.796 0.0209932
724.97 11.0703 0.805566 2.79505 0.0212408
725.715 11.0649 0.79741 2.7948 0.0208809
726.46 11.0581 0.795164 2.79451 0.0208967
727.206 11.0471 0.810831 2.79412 0.0220568
727.951 11.0353 0.825827 2.79366 0.0231858
728.696 11.0171 0.836514 2.79277 0.0241058
729.442 10.999 0.847009 2.79189 0.0250165
730.187 10.9568 0.82613 2.78921 0.0241834
730.932 10.915 0.80544 2.78655 0.0233456
731.678 10.8907 0.791977 2.78504 0.0228006
732.423 10.8695 0.779883 2.78373 0.0223102
733.168 10.8574 0.771956 2.78304 0.0220024
733.914 10.8488 0.765619 2.78258 0.0217642
734.659 10.8439 0.762082 2.78238 0.0216717
735.404 10.8415 0.760459 2.78236 0.0216791
736.15 10.8369 0.75351 2.78215 0.0213653
736.895 10.8295 0.74041 2.78171 0.0206798
737.641 10.8144 0.7279 2.78078 0.020093
738.386 10.7841 0.716598 2.77888 0.019704
739.131 10.7554 0.71076 2.77712 0.0196499
739.876 10.7315 0.72541 2.77583 0.0208832
740.622 10.7093 0.739117 2.77464 0.0220467
741.367 10.7083 0.745349 2.77477 0.0225474
742.112 10.7074 0.751593 2.7749 0.023049
742.858 10.7078 0.750155 2.77505 0.0230388
743.603 10.7083 0.748252 2.77521 0.0229972
744.349 10.6931 0.735759 2.77425 0.022398
745.094 10.6743 0.72106 2.77303 0.0216799
745.839 10.6512 0.695838 2.77145 0.0203011
746.584 10.626 0.666321 2.76969 0.0186441
747.33 10.6006 0.65789 2.76808 0.0183701
748.075 10.5753 0.665722 2.7666 0.0191721
748.82 10.5582 0.666884 2.7656 0.0194678
749.566 10.552 0.659376 2.76526 0.0190992
750.311 10.5508 0.65445 2.76528 0.018862
751.057 10.5615 0.655533 2.76613 0.0189316
751.802 10.5667 0.656423 2.76662 0.0190308
752.547 10.5452 0.656258 2.76531 0.0192701
753.293 10.5235 0.655636 2.76399 0.0194799
754.038 10.494 0.645576 2.76206 0.0191169
754.783 10.4648 0.63575 2.76015 0.0187612
755.529 10.4481 0.626471 2.75907 0.0183424
756.274 10.4325 0.617357 2.75808 0.0179221
757.019 10.4166 0.615102 2.7571 0.0179687
757.765 10.4006 0.614673 2.75614 0.0181391
758.51 10.3874 0.621405 2.75541 0.018778
759.255 10.3754 0.631736 2.7548 0.0196543
760.001 10.3705 0.627133 2.75456 0.0194542
760.746 10.3717 0.609479 2.75463 0.018312
761.491 10.3599 0.603731 2.7539 0.0180829
762.237 10.3297 0.61512 2.75204 0.0191732
762.982 10.3024 0.619129 2.75031 0.0197369
763.727 10.282 0.605276 2.74891 0.0190094
764.473 10.2619 0.593337 2.74754 0.0184074
765.218 10.2426 0.590568 2.7463 0.0184346
765.963 10.224 0.587614 2.7451 0.0184423
766.709 10.2241 0.577254 2.74515 0.0177891
767.454 10.2241 0.566893 2.7452 0.0171356
768.199 10.2278 0.561012 2.74554 0.0167687
768.945 10.2319 0.555597 2.74591 0.0164315
769.69 10.2271 0.557781 2.74571 0.016691
770.435 10.2197 0.562128 2.74534 0.017121
771.181 10.2023 0.559287 2.74422 0.0171195
771.926 10.1798 0.552712 2.74271 0.0168908
772.671 10.1535 0.548022 2.74093 0.0168206
773.417 10.1238 0.544962 2.73892 0.0168878
774.162 10.106 0.545048 2.73777 0.0170925
774.907 10.1052 0.549789 2.73786 0.017506
775.653 10.1044 0.548958 2.73792 0.0175211
776.398 10.1039 0.533669 2.73789 0.0165023
777.143 10.1034 0.520916 2.73788 0.0156635
777.889 10.1035 0.521969 2.73801 0.0158053
778.634 10.1036 0.523112 2.73814 0.0159542
779.379 10.0997 0.526817 2.738 0.0163141
780.125 10.0957 0.530511 2.73786 0.0166733
780.87 10.0665 0.519702 2.73581 0.0161714
781.615 10.0353 0.50779 2.73359 0.0155979
782.361 10.0073 0.507102 2.73168 0.0158082
783.106 9.98056 0.50929 2.72986 0.0162195
783.851 9.97261 0.496013 2.72931 0.0153733
784.597 9.97385 0.474909 2.72937 0.0138919
785.342 9.97062 0.483419 2.7293 0.0145982
786.087 9.96318 0.516901 2.7291 0.0171559
786.833 9.96046 0.531043 2.72912 0.0182717
787.578 9.96501 0.518611 2.72947 0.0173961
788.323 9.9638 0.509391 2.72943 0.0167957
789.069 9.94929 0.507869 2.72847 0.0168494
789.814 9.9315 0.506462 2.72727 0.016934
790.559 9.8984 0.505533 2.72494 0.0171605
791.305 9.86704 0.503672 2.72272 0.0173059
792.05 9.85368 0.487721 2.72172 0.0162788
792.795 9.8403 0.472034 2.72073 0.0152663
793.541 9.84002 0.463868 2.72076 0.014722
794.286 9.84059 0.456191 2.72086 0.014208
795.031 9.84587 0.464812 2.72142 0.014875
795.777 9.85215 0.477194 2.72208 0.0158136
796.522 9.85234 0.471017 2.72216 0.0154139
797.267 9.84982 0.456829 2.72198 0.0144362
798.013 9.8267 0.453942 2.72035 0.014432
798.758 9.7894 0.458919 2.7177 0.015109
799.503 9.76394 0.458928 2.71589 0.0153377
800.249 9.7516 0.453519 2.71503 0.0150705
800.994 9.73698 0.451926 2.71402 0.0151052
801.739 9.71798 0.457398 2.71272 0.0157035
802.485 9.70293 0.456968 2.71168 0.0158293
803.23 9.70065 0.436891 2.71148 0.0143762
803.975 9.69947 0.419399 2.71138 0.0131108
804.721 9.7093 0.422463 2.71225 0.0133388
805.466 9.71921 0.425576 2.71313 0.0135695
806.211 9.70976 0.450147 2.71267 0.0155523
806.957 9.69974 0.474613 2.71217 0.0175356
807.702 9.67986 0.468849 2.71072 0.0172888
808.447 9.65888 0.459076 2.70916 0.0167402
809.193 9.64242 0.446555 2.70791 0.0159464
809.938 9.62738 0.433356 2.70677 0.0150862
810.683 9.61561 0.430564 2.70595 0.0150023
811.429 9.60566 0.433347 2.7053 0.0153361
812.174 9.59748 0.432902 2.70476 0.0154094
812.919 9.59086 0.429657 2.70433 0.0152557
813.665 9.58605 0.423755 2.70402 0.014884
814.41 9.5837 0.414136 2.70387 0.0142078
815.155 9.58001 0.407465 2.70364 0.0137674
815.901 9.57338 0.407495 2.70323 0.0138642
816.646 9.56445 0.408128 2.70264 0.014022
817.391 9.54578 0.411268 2.7013 0.0144359
818.137 9.52687 0.413611 2.69994 0.0147904
818.882 9.50298 0.407972 2.69813 0.0145517
819.627 9.47949 0.402468 2.69634 0.0143183
820.373 9.46776 0.404851 2.69553 0.0146311
821.118 9.4565 0.407453 2.69475 0.0149587
821.863 9.4576 0.405248 2.69492 0.0148289
822.609 9.4608 0.402219 2.69525 0.0146209
823.354 9.46449 0.394946 2.69559 0.0140748
824.099 9.46831 0.38617 2.69593 0.0134096
824.845 9.47027 0.381665 2.69615 0.0130928
825.59 9.47116 0.379649 2.69631 0.0129786
826.335 9.47054 0.379981 2.69635 0.0130585
827.081 9.46856 0.382446 2.6963 0.0133149
827.826 9.45831 0.383878 2.6956 0.0135391
828.571 9.43665 0.383819 2.69397 0.0137143
829.317 9.41622 0.381738 2.69243 0.0137211
830.062 9.39806 0.375261 2.69104 0.0133627
830.807 9.3812 0.36838 2.68974 0.0129614
831.553 9.36883 0.359438 2.68879 0.0123659
832.298 9.35767 0.352419 2.68794 0.0119151
833.043 9.35777 0.363123 2.68811 0.0128219
833.789 9.35779 0.373854 2.68826 0.0137315
834.534 9.35463 0.36778 2.68806 0.0133098
835.279 9.35141 0.361468 2.68786 0.0128686
836.025 9.35317 0.361304 2.68809 0.0128924
836.77 9.35563 0.361995 2.68838 0.0129807
837.515 9.34673 0.368949 2.68779 0.0136392
838.261 9.33452 0.377587 2.68695 0.0144547
839.006 9.31958 0.377683 2.68583 0.014599
839.751 9.30343 0.373659 2.68459 0.0144167
840.497 9.28799 0.37225 2.68342 0.0144409
841.242 9.27312 0.372789 2.6823 0.0146198
841.987 9.26496 0.381513 2.68177 0.0154255
842.733 9.26429 0.399869 2.68192 0.0169713
843.478 9.25993 0.39894 2.68165 0.0169688
844.223 9.24885 0.36392 2.68061 0.0142226
844.969 9.23875 0.339908 2.67973 0.0123612
845.714 9.23357 0.345975 2.67943 0.0129321
846.459 9.22758 0.351265 2.67906 0.0134447
847.205 9.21736 0.352537 2.67831 0.0136524
847.95 9.20769 0.354573 2.67761 0.01392
848.695 9.2064 0.370346 2.67768 0.0152696
849.441 9.20489 0.386129 2.67774 0.0166216
850.186 9.18809 0.37798 2.67639 0.0160973
850.931 9.17077 0.368931 2.67499 0.0154981
851.677 9.16179 0.339309 2.67416 0.0131405
852.422 9.15344 0.306671 2.67337 0.0105212
853.167 9.1523 0.315265 2.6734 0.0112833
853.913 9.15326 0.337041 2.67368 0.0131287
854.658 9.14842 0.346363 2.67342 0.0139729
855.403 9.14075 0.349201 2.67288 0.0142955
856.149 9.1318 0.345416 2.6722 0.0140741
856.894 9.12186 0.336627 2.6714 0.0134398
857.639 9.11622 0.336881 2.67101 0.0135346
858.385 9.11538 0.34733 2.67108 0.0144538
859.13 9.11262 0.34578 2.67092 0.0143818
859.875 9.10651 0.324155 2.67037 0.0126488
860.621 9.09991 0.31227 2.66984 0.0117303
861.366 9.09269 0.325043 2.66938 0.0128811
862.112 9.08418 0.334326 2.6688 0.0137482
862.857 9.07058 0.328801 2.66771 0.0134005
863.602 9.05816 0.324097 2.66671 0.0131135
864.347 9.05611 0.326528 2.66663 0.01337
865.093 9.05405 0.328954 2.66655 0.0136262
865.838 9.05305 0.315414 2.66647 0.0125286
866.583 9.05189 0.301901 2.66638 0.0114332
867.329 9.05417 0.307026 2.66668 0.0118935
868.074 9.05676 0.314065 2.66701 0.0125132
868.82 9.04965 0.314646 2.6665 0.0126398
869.565 9.04046 0.313796 2.66579 0.0126565
870.31 9.03284 0.314082 2.66523 0.0127607
871.056 9.02582 0.314774 2.66471 0.0128961
871.801 9.01702 0.311853 2.66403 0.0127341
872.546 9.00728 0.306976 2.66325 0.0124099
873.292 8.9982 0.30234 2.66253 0.0121014
874.037 8.98966 0.297903 2.66186 0.0118058
874.782 8.98587 0.295358 2.6616 0.011646
875.528 8.98747 0.294917 2.66181 0.0116377
876.273 8.9867 0.296455 2.66182 0.0118106
877.018 8.98208 0.301169 2.66153 0.0122749
877.764 8.97774 0.302737 2.66124 0.0124692
878.509 8.97405 0.296969 2.66097 0.0120321
879.254 8.97013 0.291942 2.66069 0.0116589
880 8.96539 0.289539 2.66034 0.0115141
880.745 8.96177 0.286612 2.66009 0.0113182
881.49 8.96549 0.280078 2.66045 0.0107756
882.236 8.96799 0.274126 2.66071 0.0102891
882.981 8.94753 0.280107 2.65906 0.0109401
883.726 8.92738 0.285827 2.65743 0.0115702
884.472 8.91427 0.282356 2.65635 0.0113727
885.217 8.90153 0.27866 2.6553 0.0111526
885.962 8.89714 0.272037 2.65496 0.010636
886.708 8.89375 0.265083 2.65471 0.0100848
887.453 8.89264 0.261529 2.65467 0.00981706
888.198 8.89205 0.258768 2.65468 0.00961515
888.944 8.8948 0.257402 2.65498 0.00951845
889.689 8.89879 0.25654 2.6554 0.00945965
890.434 8.89568 0.25908 2.65521 0.00972927
891.18 8.88886 0.263356 2.65471 0.0101675
891.925 8.87965 0.262742 2.65398 0.0101927
892.67 8.86878 0.258682 2.65309 0.00992526
893.416 8.85749 0.258045 2.65217 0.00995736
894.161 8.8458 0.26064 2.65123 0.0102736
894.906 8.83417 0.26212 2.65029 0.0104928
895.652 8.82258 0.262204 2.64935 0.0105895
896.397 8.81348 0.265311 2.64863 0.01094
897.142 8.80856 0.273748 2.64831 0.0117395
897.888 8.80672 0.276367 2.64823 0.0120124
898.633 8.81251 0.264795 2.64875 0.0109993
899.378 8.81683 0.258623 2.64917 0.0104691
900.124 8.81613 0.272024 2.64925 0.0116834
900.869 8.81529 0.280739 2.64929 0.0124868
901.614 8.81449 0.263118 2.6492 0.0109741
902.36 8.81302 0.246753 2.64906 0.00957395
903.105 8.80728 0.243679 2.64861 0.00936198
903.85 8.80145 0.240663 2.64815 0.00915488
904.596 8.78919 0.239323 2.64713 0.009124
905.341 8.77708 0.237997 2.64612 0.00909328
906.086 8.77072 0.23575 2.64562 0.00895455
906.832 8.76468 0.233477 2.64514 0.00881163
907.577 8.75206 0.235504 2.6441 0.00907931
908.322 8.73876 0.237989 2.64299 0.0093915
909.068 8.73566 0.237003 2.64278 0.00934889
909.813 8.73471 0.235295 2.64275 0.00923219
910.558 8.73401 0.230022 2.64274 0.00879628
911.304 8.73337 0.22365 2.64272 0.00826196
912.049 8.73234 0.229483 2.64272 0.00881728
912.794 8.73104 0.240451 2.64272 0.009832
913.54 8.72905 0.244413 2.64262 0.0102253
914.285 8.72672 0.244514 2.64248 0.0102756
915.03 8.72301 0.240588 2.6422 0.00997247
915.776 8.7183 0.233877 2.64181 0.00942413
916.521 8.71042 0.230489 2.64116 0.00918606
917.266 8.69984 0.230002 2.64027 0.00921904
918.012 8.68863 0.231703 2.63934 0.00945107
918.757 8.67675 0.235735 2.63835 0.0098964
919.502 8.66743 0.239843 2.6376 0.0103382
920.248 8.66153 0.24414 2.63715 0.0107822
920.993 8.65378 0.244289 2.63651 0.0108609
921.738 8.64294 0.237527 2.63557 0.0103286
922.484 8.63578 0.237042 2.63498 0.0103463
923.229 8.63626 0.249777 2.63515 0.0115268
923.974 8.63772 0.254791 2.63536 0.0120034
924.72 8.64209 0.238596 2.63575 0.0105457
925.465 8.64446 0.223133 2.63596 0.00916441
926.21 8.64052 0.210769 2.63561 0.00809014
926.956 8.63677 0.199722 2.63529 0.00713271
927.701 8.63452 0.19449 2.63513 0.00669543
928.446 8.63117 0.192039 2.63488 0.00651436
929.192 8.62034 0.208145 2.63402 0.00804862
929.937 8.60977 0.222605 2.63318 0.00943675
930.682 8.60403 0.222978 2.63272 0.00952358
931.428 8.59841 0.222836 2.63227 0.00956286
932.173 8.5946 0.21118 2.63194 0.00854326
932.918 8.59066 0.199642 2.63159 0.00753334
933.664 8.58163 0.207711 2.63086 0.00833515
934.409 8.57259 0.215621 2.63012 0.00912444
935.154 8.56026 0.208331 2.62902 0.00853495
935.9 8.54791 0.200633 2.62792 0.00790539
936.645 8.54614 0.202841 2.62782 0.00814264
937.39 8.54522 0.205856 2.62781 0.00845078
938.136 8.55478 0.206869 2.62876 0.00853147
938.881 8.56582 0.207642 2.62983 0.0085839
939.626 8.57063 0.215333 2.63037 0.00929613
940.372 8.57428 0.224305 2.6308 0.0101299
941.117 8.55949 0.218945 2.62948 0.00972826
941.862 8.54095 0.210695 2.6278 0.00907392
942.608 8.53317 0.204603 2.62712 0.00857082
943.353 8.52824 0.199095 2.6267 0.00810868
944.098 8.51953 0.21712 2.62603 0.009836
944.844 8.509 0.2422 2.62522 0.0122291
945.589 8.51365 0.225623 2.62564 0.0107001
946.334 8.52312 0.193112 2.62644 0.00767995
947.08 8.5178 0.190011 2.62599 0.00743964
947.825 8.50653 0.199344 2.62504 0.0083739
948.57 8.49933 0.205293 2.62445 0.00898028
949.316 8.49405 0.209661 2.62404 0.00943308
950.061 8.49172 0.218622 2.62392 0.0103007
950.806 8.4908 0.230037 2.62394 0.0113907
951.552 8.48712 0.220729 2.62362 0.0105671
952.297 8.48149 0.199604 2.62306 0.00865051
953.042 8.47398 0.207977 2.62245 0.00948601
953.788 8.46479 0.234522 2.62177 0.0120259
954.533 8.46826 0.217549 2.62207 0.0104525
955.278 8.47871 0.17017 2.62292 0.00601916
956.024 8.4688 0.163992 2.62203 0.00550277
956.769 8.44525 0.187417 2.61997 0.00780367
957.514 8.43609 0.191954 2.61919 0.00828885
958.26 8.4381 0.182506 2.61939 0.00741943
959.005 8.44095 0.174806 2.61969 0.00671108
959.75 8.44453 0.168522 2.62006 0.00613316
960.496 8.44102 0.184397 2.61984 0.00765799
961.241 8.43036 0.218741 2.61904 0.0109472
961.986 8.42924 0.233072 2.61905 0.012322
962.732 8.43757 0.230063 2.61987 0.0120268
963.477 8.43991 0.226659 2.62013 0.0117214
964.222 8.43671 0.222959 2.61987 0.0114123
964.968 8.43737 0.211113 2.61994 0.0103219
965.713 8.44131 0.191489 2.62028 0.00848861
966.458 8.43593 0.186923 2.61981 0.00810434
967.204 8.42208 0.196531 2.6186 0.00908465
967.949 8.40534 0.205588 2.61712 0.0100287
968.694 8.38602 0.214014 2.61538 0.0109283
969.44 8.37967 0.212167 2.61483 0.0108035
970.185 8.38539 0.200682 2.61537 0.00971592
970.93 8.37692 0.195089 2.6146 0.00924307
971.676 8.35551 0.195148 2.61262 0.00935637
972.421 8.34336 0.190165 2.6115 0.00895267
973.166 8.33942 0.180593 2.61114 0.00807822
973.912 8.33913 0.176733 2.61115 0.00773378
974.657 8.34226 0.178016 2.61151 0.00786685
975.402 8.34501 0.178475 2.61182 0.00792275
976.148 8.34743 0.178201 2.61211 0.00790993
976.893 8.34678 0.177783 2.6121 0.00789473
977.638 8.34354 0.177245 2.61184 0.00787766
978.384 8.3419 0.174975 2.61172 0.00768937
979.129 8.34153 0.171312 2.61173 0.00736337
979.874 8.34312 0.17153 2.61193 0.00740027
980.62 8.3462 0.174714 2.61229 0.0077146
981.365 8.33347 0.177949 2.61114 0.0080919
982.11 8.31005 0.181001 2.60896 0.00849303
982.856 8.29679 0.185045 2.60775 0.00895306
983.601 8.28991 0.189784 2.60716 0.00945663
984.346 8.27919 0.187476 2.60617 0.00929766
985.092 8.26629 0.181125 2.60495 0.00875593
985.837 8.26202 0.171126 2.60455 0.00782748
986.583 8.26224 0.159061 2.60458 0.00668232
987.328 8.2616 0.159528 2.60457 0.00675056
988.073 8.26057 0.166099 2.60455 0.00741022
988.818 8.26389 0.175121 2.60495 0.00829088
989.564 8.26902 0.185337 2.60553 0.00927919
990.309 8.27253 0.193615 2.60595 0.0100855
991.055 8.2754 0.201199 2.60631 0.0108266
991.8 8.27466 0.193555 2.60626 0.0101132
992.545 8.27262 0.18117 2.60606 0.00894678
993.291 8.27297 0.180428 2.60614 0.00889452
994.036 8.27397 0.182689 2.6063 0.00912968
994.781 8.27406 0.181048 2.60635 0.00899155
995.527 8.27396 0.178612 2.60638 0.00877731
996.272 8.27043 0.173527 2.60607 0.00831964
997.017 8.26638 0.168097 2.60571 0.00782977
997.763 8.25618 0.162255 2.60475 0.00732062
998.508 8.24549 0.156516 2.60374 0.00682118
999.253 8.25003 0.183784 2.60433 0.00946871
999.999 8.25423 0.213131 2.6049 0.0123154
