255.408 1.21332 1.4923 1.26835 0.612922
256.154 1.25938 1.51734 1.28974 0.611972
256.899 1.3052 1.54089 1.31034 0.610495
257.644 1.27076 1.51942 1.29394 0.610335
258.39 1.22418 1.48972 1.2713 0.60975
259.135 1.26061 1.54286 1.2952 0.620611
259.88 1.32963 1.62137 1.33512 0.632441
260.626 1.3518 1.6293 1.344 0.630375
261.371 1.34275 1.59381 1.33346 0.6206
262.116 1.34804 1.57317 1.33085 0.612662
262.862 1.36834 1.56895 1.33665 0.607118
263.607 1.38173 1.56519 1.34025 0.603178
264.353 1.38232 1.56234 1.33978 0.602141
265.098 1.38784 1.56532 1.34213 0.602043
265.843 1.41188 1.58961 1.35484 0.605212
266.589 1.43249 1.60832 1.36521 0.60717
267.334 1.41093 1.56933 1.3503 0.598824
268.079 1.39034 1.52974 1.33555 0.589828
268.825 1.42399 1.60701 1.36196 0.608557
269.57 1.46495 1.68883 1.39153 0.626308
270.315 1.47351 1.6494 1.38615 0.612226
271.061 1.47614 1.58406 1.37401 0.590932
271.806 1.48267 1.55927 1.37126 0.581717
272.551 1.49035 1.55287 1.37245 0.578219
273.297 1.50597 1.552 1.37725 0.575015
274.042 1.52793 1.55545 1.38487 0.572032
274.787 1.53751 1.56119 1.38893 0.572109
275.533 1.53014 1.57043 1.38825 0.576466
276.278 1.52633 1.5656 1.38607 0.575681
277.023 1.53195 1.52589 1.38042 0.561949
277.769 1.54191 1.49828 1.37855 0.551263
278.514 1.57285 1.53371 1.3948 0.557064
279.259 1.60375 1.56671 1.41045 0.561903
280.005 1.59657 1.53551 1.40252 0.553442
280.75 1.59001 1.50433 1.39483 0.54476
281.495 1.58268 1.47047 1.38649 0.535232
282.241 1.57591 1.43629 1.37834 0.525369
282.986 1.58274 1.43559 1.38039 0.524007
283.731 1.5939 1.4457 1.38568 0.52541
284.477 1.59282 1.42356 1.38152 0.51845
285.222 1.58513 1.38179 1.37198 0.506108
285.967 1.59123 1.365 1.37118 0.499604
286.713 1.61093 1.37421 1.37911 0.499452
287.458 1.62342 1.37694 1.38359 0.498344
288.203 1.62288 1.36823 1.38196 0.495621
288.949 1.62359 1.35624 1.38023 0.491619
289.694 1.62872 1.33276 1.37815 0.483131
290.439 1.63477 1.31111 1.37672 0.475091
291.185 1.64819 1.30622 1.38035 0.471444
291.93 1.66149 1.30136 1.38394 0.467851
292.675 1.64835 1.25158 1.37211 0.453403
293.421 1.63571 1.19936 1.36024 0.437772
294.166 1.62963 1.18193 1.35567 0.432767
294.911 1.62483 1.17221 1.35263 0.430166
295.657 1.62124 1.14725 1.34788 0.422167
296.402 1.61874 1.11538 1.34262 0.411583
297.147 1.62186 1.08667 1.33982 0.401263
297.893 1.62944 1.06075 1.33903 0.391303
298.638 1.62703 1.04105 1.33565 0.384778
299.383 1.61033 1.02946 1.32831 0.382866
300.129 1.59317 1.01176 1.32 0.37881
300.874 1.57534 0.978712 1.30951 0.36928
301.619 1.55928 0.94714 1.29986 0.359891
302.365 1.54971 0.926981 1.29396 0.353735
303.11 1.54032 0.906451 1.2881 0.347357
303.855 1.52563 0.871471 1.27864 0.336186
304.601 1.51176 0.836045 1.26951 0.324579
305.346 1.48096 0.812526 1.25534 0.319113
306.091 1.44763 0.789714 1.24015 0.31403
306.837 1.41487 0.752755 1.22354 0.30321
307.582 1.38308 0.709798 1.20662 0.289585
308.327 1.35391 0.694629 1.19346 0.286464
309.073 1.3256 0.697925 1.18237 0.29065
309.818 1.29797 0.680842 1.16938 0.286495
310.563 1.27213 0.64042 1.15474 0.272379
311.309 1.24671 0.609961 1.14123 0.262066
312.054 1.22056 0.600355 1.12928 0.260441
312.799 1.18988 0.589254 1.11514 0.258547
313.545 1.14216 0.573007 1.09294 0.255916
314.29 1.09419 0.555022 1.07008 0.252389
315.035 1.05586 0.52809 1.05039 0.243747
315.781 1.01729 0.499882 1.03027 0.234234
316.526 0.976713 0.475496 1.00932 0.226347
317.271 0.935564 0.450239 0.987752 0.217796
318.017 0.886001 0.425787 0.961882 0.209979
318.762 0.83352 0.400321 0.934043 0.201518
319.507 0.779726 0.382296 0.905587 0.196525
320.253 0.724422 0.367709 0.876023 0.193162
320.998 0.671645 0.353161 0.847171 0.189424
321.743 0.621154 0.33866 0.81897 0.185331
322.489 0.570632 0.324729 0.790234 0.181338
323.234 0.520696 0.312243 0.761358 0.177905
323.979 0.469699 0.300379 0.73133 0.174718
324.725 0.417756 0.291754 0.700346 0.173327
325.47 0.364394 0.283098 0.667831 0.171906
326.215 0.308816 0.277549 0.633433 0.172451
326.961 0.251742 0.271596 0.597238 0.172816
327.706 0.194184 0.272263 0.560326 0.17748
328.451 0.13503 0.272931 0.521431 0.182443
329.197 0.0799491 0.277374 0.484624 0.189847
329.942 0.0244206 0.282621 0.446699 0.198153
330.687 -0.0311929 0.289049 0.407907 0.207664
331.433 -0.0876925 0.296115 0.367591 0.21814
332.178 -0.142885 0.307916 0.327764 0.232516
332.923 -0.197408 0.323432 0.287969 0.250332
333.669 -0.251583 0.339 0.247616 0.268962
334.414 -0.304993 0.354448 0.207021 0.288242
335.159 -0.356818 0.37042 0.166975 0.308596
335.905 -0.403631 0.38674 0.130437 0.329348
336.65 -0.44996 0.402915 0.0936864 0.350726
337.395 -0.490944 0.416247 0.0605118 0.369485
338.141 -0.532631 0.430002 0.0262964 0.389419
338.886 -0.575974 0.444536 -0.0097777 0.411118
339.631 -0.620039 0.45953 -0.0469743 0.434219
340.377 -0.668112 0.475172 -0.0883867 0.459762
341.122 -0.717391 0.49137 -0.131541 0.487223
341.867 -0.763292 0.505697 -0.172609 0.513116
342.613 -0.808722 0.519756 -0.213962 0.539653
343.358 -0.845985 0.529008 -0.249048 0.55986
344.103 -0.878692 0.535493 -0.280765 0.576426
344.849 -0.918178 0.541623 -0.320237 0.595274
345.594 -0.964622 0.54741 -0.368098 0.616748
346.339 -1.01303 0.555615 -0.418359 0.642487
347.085 -1.06429 0.568022 -0.471415 0.675217
347.83 -1.11674 0.58093 -0.526781 0.710551
348.575 -1.17091 0.5946 -0.585094 0.749263
349.321 -1.22529 0.606675 -0.645685 0.788065
350.066 -1.27296 0.600051 -0.708207 0.801902
350.811 -1.32141 0.593143 -0.773737 0.816177
351.557 -1.36818 0.606057 -0.828875 0.856678
352.302 -1.41557 0.620119 -0.885266 0.900947
353.047 -1.47456 0.624812 -0.964494 0.940884
353.793 -1.53702 0.627543 -1.05271 0.982387
354.538 -1.60962 0.638514 -1.15424 1.0458
355.283 -1.68793 0.653647 -1.26575 1.12491
356.029 -1.75492 0.665441 -1.36549 1.19598
356.774 -1.81263 0.674401 -1.45513 1.2593
357.519 -1.86794 0.67921 -1.54711 1.31712
358.265 -1.91942 0.678018 -1.64101 1.36374
359.01 -1.97292 0.67869 -1.74026 1.41871
359.755 -2.03042 0.684311 -1.84555 1.49139
360.501 -2.09271 0.693038 -1.9605 1.58139
361.246 -2.17793 0.719506 -2.10404 1.74741
361.991 -2.26537 0.746937 -2.25264 1.9366
362.737 -2.35781 0.774637 -2.41248 2.15588
363.482 -2.45285 0.803458 -2.57518 2.40821
364.227 -2.53084 0.823186 -2.71507 2.62739
364.973 -2.60794 0.842128 -2.85275 2.86331
365.718 -2.67969 0.845368 -3.01921 3.06715
366.463 -2.75046 0.842867 -3.20508 3.27296
367.209 -2.82027 0.859495 -3.32838 3.54615
367.954 -2.88985 0.889256 -3.39312 3.87446
368.699 -2.97568 0.916893 -3.4844 4.28877
369.445 -3.08055 0.942091 -3.59822 4.82704
370.19 -3.1902 0.968271 -3.66773 5.45376
370.935 -3.30656 0.995407 -3.6686 6.18964
371.681 -3.42007 1.02285 -3.56211 6.973
372.426 -3.51106 1.04762 -3.36496 7.63381
373.171 -3.60203 1.0719 -3.07485 8.30759
373.917 -3.66575 1.07766 -2.90041 8.80337
374.662 -3.73053 1.08347 -2.66993 9.31662
375.407 -3.81441 1.09527 -2.24627 9.96625
376.153 -3.90137 1.10776 -1.69262 10.6099
376.898 -4.02901 1.14584 -0.535675 11.2933
377.643 -4.17064 1.1925 0.932533 11.6949
378.389 -4.32266 1.24445 2.53297 11.6892
379.134 -4.48296 1.3009 4.06158 11.2533
379.879 -4.62247 1.35483 5.15169 10.5931
380.625 -4.74191 1.40595 5.87117 9.90264
381.37 -4.85926 1.45035 6.42884 9.23718
382.116 -4.97157 1.48231 6.87157 8.65093
382.861 -5.07533 1.50785 7.20142 8.12868
383.606 -5.14844 1.51203 7.44267 7.8144
384.352 -5.23116 1.52254 7.65009 7.43731
385.097 -5.37698 1.57988 7.76365 6.70781
385.842 -5.52705 1.64013 7.79034 6.04661
386.587 -5.73165 1.70414 7.79472 5.29491
387.333 -5.94531 1.77223 7.71613 4.63697
388.078 -6.14988 1.86232 7.54105 4.10874
388.824 -6.35883 1.96156 7.34341 3.66425
389.569 -6.56284 2.04122 7.18691 3.3026
390.314 -6.76932 2.11496 7.04147 2.99172
391.06 -6.93405 2.16337 6.94177 2.77483
391.805 -7.06749 2.19211 6.87445 2.61464
392.55 -7.20795 2.24061 6.78227 2.46539
393.296 -7.35652 2.31495 6.66473 2.32861
394.041 -7.51727 2.39958 6.54232 2.19668
394.786 -7.70154 2.50442 6.40636 2.06354
395.532 -7.908 2.61074 6.276 1.92904
396.277 -8.20402 2.70375 6.1454 1.7492
397.022 -8.51297 2.80587 6.01618 1.5909
397.768 -8.80072 2.98344 5.86562 1.48149
398.513 -9.0995 3.17494 5.725 1.38383
399.258 -9.36913 3.29852 5.63102 1.29828
400.004 -9.64497 3.42101 5.54418 1.21989
400.749 -9.86967 3.5458 5.47091 1.16612
401.494 -10.0823 3.67537 5.40325 1.12097
402.24 -10.2766 3.80759 5.34194 1.08444
402.985 -10.4613 3.94354 5.28489 1.05307
403.73 -10.7177 4.07365 5.22513 1.00586
404.476 -11.0527 4.19877 5.16243 0.945235
405.221 -11.4114 4.37164 5.09268 0.891028
405.966 -11.8007 4.62992 5.01153 0.844667
406.712 -12.228 4.93168 4.92932 0.800317
407.457 -12.7467 5.33936 4.83597 0.754794
408.202 -13.2793 5.7742 4.75093 0.71374
408.948 -13.7284 6.07736 4.69466 0.679266
409.693 -14.1982 6.4056 4.6404 0.647023
410.438 -14.6451 6.78615 4.58763 0.621707
411.184 -15.1069 7.19962 4.53682 0.59806
411.929 -15.4727 7.59163 4.4954 0.582441
412.674 -15.8223 7.99817 4.45681 0.568848
413.42 -16.2169 8.36322 4.42293 0.551655
414.165 -16.6418 8.72141 4.39141 0.533401
414.91 -17.1696 9.24896 4.35085 0.513781
415.656 -17.7865 9.94854 4.3042 0.493631
416.401 -18.4819 10.7178 4.25876 0.471993
417.146 -19.2913 11.571 4.21424 0.448212
417.892 -20.1075 12.6231 4.16836 0.427879
418.637 -20.8417 14.0551 4.11746 0.413408
419.382 -21.5348 15.6224 4.07046 0.399789
420.128 -22.1626 17.0459 4.03373 0.386845
420.873 -22.7501 18.6268 3.99837 0.374614
421.618 -23.1661 20.1081 3.96929 0.365443
422.364 -23.517 21.7236 3.94104 0.356643
423.109 -24.0066 23.1496 3.91928 0.345608
423.854 -24.4933 24.6594 3.89867 0.334649
424.6 -24.5904 26.4777 3.87517 0.327928
425.345 -24.4315 28.4726 3.85118 0.322671
426.09 -24.3324 31.0279 3.82441 0.313229
426.836 -24.0985 34.1151 3.79633 0.3016
427.581 -23.271 37.5006 3.76792 0.29178
428.326 -21.6614 41.0642 3.7392 0.283723
429.072 -19.2685 44.9086 3.70981 0.275016
429.817 -15.71 49.0938 3.67848 0.264912
430.562 -11.0769 52.5875 3.64873 0.256186
431.308 -5.83289 54.5366 3.62167 0.250862
432.053 -0.351128 55.3866 3.59605 0.245896
432.798 3.6924 55.2195 3.57777 0.242816
433.544 7.59806 54.4866 3.55991 0.239812
434.289 11.6519 54.2372 3.54336 0.232084
435.034 15.6556 53.4459 3.52718 0.224353
435.78 19.1324 51.6402 3.51079 0.219289
436.525 22.1222 49.37 3.49463 0.21494
437.27 24.7359 46.8221 3.47847 0.21049
438.016 26.9118 44.1027 3.46251 0.20607
438.761 28.7714 40.8429 3.4443 0.201629
439.506 30.1467 37.269 3.4244 0.197215
440.252 30.9877 33.8485 3.40474 0.192865
440.997 31.3939 30.6249 3.38517 0.188537
441.742 31.4626 27.691 3.36609 0.184239
442.488 31.3039 25.0251 3.34738 0.179756
443.233 30.9417 22.6479 3.32919 0.175474
443.978 30.4284 20.5514 3.31155 0.17152
444.724 29.8286 18.6955 3.29439 0.167717
445.469 29.3882 17.6428 3.28373 0.165727
446.214 28.9376 16.6695 3.27325 0.16378
446.96 28.5838 15.5419 3.26171 0.159476
447.705 28.212 14.4674 3.2502 0.154948
448.45 27.7446 13.4343 3.23795 0.150797
449.196 27.2398 12.4763 3.22561 0.146865
449.941 26.637 11.6631 3.21311 0.144457
450.686 25.994 10.9631 3.20061 0.143028
451.432 25.3683 10.2677 3.18772 0.141051
452.177 24.7552 9.57469 3.17437 0.138482
452.922 24.1539 8.92427 3.16094 0.135792
453.668 23.553 8.29259 3.14706 0.132795
454.413 22.9886 7.7471 3.1339 0.130156
455.158 22.4931 7.34208 3.12257 0.128612
455.904 22.017 6.96951 3.11142 0.127132
456.649 21.5213 6.62673 3.09977 0.126093
457.394 21.0507 6.31126 3.08836 0.12507
458.14 20.7228 5.97919 3.07908 0.122097
458.885 20.4119 5.66621 3.07008 0.119058
459.63 20.1657 5.37909 3.06246 0.115666
460.376 19.9369 5.10914 3.05524 0.112246
461.121 19.6082 4.89333 3.04624 0.110738
461.866 19.2419 4.71079 3.03644 0.110184
462.612 18.9491 4.55335 3.02828 0.109399
463.357 18.7164 4.41583 3.02155 0.10842
464.102 18.441 4.23314 3.01319 0.106658
464.848 18.1008 3.98672 3.00234 0.103734
465.593 17.7894 3.78222 2.99234 0.101377
466.338 17.5326 3.65471 2.9843 0.10041
467.084 17.2882 3.53212 2.97646 0.0993744
467.829 17.073 3.40219 2.9692 0.0977602
468.574 16.8643 3.279 2.96206 0.0961829
469.32 16.5813 3.13852 2.95236 0.0946827
470.065 16.3095 3.00707 2.94282 0.0932236
470.81 16.0616 2.91799 2.9342 0.0927776
471.556 15.8256 2.83909 2.92586 0.0924941
472.301 15.6203 2.751 2.91825 0.0915572
473.046 15.4298 2.66239 2.911 0.0903918
473.792 15.2642 2.57991 2.90454 0.0891326
474.537 15.1161 2.50225 2.89865 0.0878165
475.282 14.961 2.42749 2.89243 0.0866142
476.028 14.7976 2.35564 2.88583 0.0855405
476.773 14.6275 2.28851 2.87891 0.0846509
477.518 14.4394 2.22756 2.87123 0.0841174
478.264 14.2626 2.16584 2.86382 0.0834031
479.009 14.1106 2.0914 2.85715 0.0818926
479.754 13.9643 2.02076 2.85064 0.0804168
480.5 13.8455 1.95774 2.84525 0.0789414
481.245 13.7292 1.89725 2.83991 0.0774969
481.99 13.581 1.86055 2.83336 0.0773136
482.736 13.4343 1.82706 2.82679 0.0772356
483.481 13.2847 1.77836 2.81984 0.0764919
484.226 13.138 1.72749 2.81287 0.0755832
484.972 13.0213 1.68842 2.80728 0.0748964
485.717 12.9211 1.65576 2.80244 0.0743293
486.462 12.8204 1.61317 2.79743 0.0732785
487.208 12.7193 1.56208 2.79226 0.071792
487.953 12.6129 1.5208 2.78686 0.0707826
488.698 12.4972 1.49349 2.78107 0.0705057
489.444 12.3919 1.46536 2.7757 0.0700786
490.189 12.3109 1.43294 2.77144 0.0692018
490.934 12.2273 1.40188 2.76703 0.0683943
491.68 12.1139 1.37465 2.76107 0.0680225
492.425 12.0037 1.3484 2.7552 0.067654
493.17 11.906 1.31371 2.74984 0.0667114
493.916 11.811 1.28016 2.74457 0.0657764
494.661 11.7243 1.25157 2.73973 0.065009
495.406 11.6407 1.22462 2.73502 0.0642827
496.152 11.5473 1.18596 2.72962 0.0629693
496.897 11.4516 1.14393 2.724 0.0614484
497.642 11.3625 1.12131 2.71885 0.0609315
498.388 11.2785 1.11205 2.71405 0.0611219
499.133 11.2011 1.10637 2.7096 0.0614649
499.878 11.131 1.10496 2.70557 0.0619985
500.624 11.0644 1.09238 2.70162 0.0618476
501.369 11.0037 1.05589 2.69778 0.0602171
502.115 10.9404 1.02287 2.69378 0.0587862
502.86 10.8615 1.00159 2.68891 0.058166
503.605 10.7858 0.981012 2.68419 0.0575458
504.35 10.7424 0.960723 2.68141 0.0566667
505.096 10.6995 0.940897 2.67866 0.0557999
505.841 10.6273 0.928165 2.67412 0.0555972
506.587 10.5537 0.916423 2.66945 0.0554604
507.332 10.4928 0.904896 2.66554 0.0552303
508.077 10.4362 0.893616 2.66188 0.054975
508.823 10.3774 0.876313 2.658 0.054339
509.568 10.318 0.856038 2.65403 0.0535006
510.313 10.2593 0.84124 2.65011 0.0530019
511.059 10.2014 0.831517 2.64626 0.0528246
511.804 10.1368 0.814244 2.64186 0.0521863
512.549 10.0607 0.784764 2.63656 0.0507923
513.294 9.99344 0.762911 2.63186 0.0498222
514.04 9.94967 0.761988 2.62889 0.0501028
514.785 9.90445 0.760795 2.62581 0.0503777
515.531 9.84178 0.757731 2.62147 0.0506568
516.276 9.7805 0.754613 2.61719 0.0509235
517.021 9.74895 0.734893 2.61486 0.049783
517.767 9.71858 0.715049 2.61261 0.0486131
518.512 9.67245 0.687659 2.60916 0.0470041
519.257 9.62382 0.659604 2.60551 0.0453406
520.003 9.58847 0.651825 2.60294 0.0450376
520.748 9.55886 0.652404 2.60084 0.0453015
521.493 9.51604 0.66111 2.59781 0.0462579
522.239 9.46364 0.675502 2.59411 0.047716
522.984 9.42031 0.677348 2.59095 0.0481899
523.729 9.38823 0.663659 2.58851 0.0474202
524.475 9.35353 0.648901 2.58584 0.0465809
525.22 9.31232 0.631365 2.58266 0.045568
525.965 9.26939 0.615162 2.57933 0.0446549
526.711 9.21556 0.603654 2.57518 0.0441651
527.456 9.16343 0.59265 2.57113 0.0436926
528.201 9.12986 0.586774 2.56853 0.0434825
528.947 9.09676 0.581004 2.56595 0.0432743
529.692 9.05433 0.563361 2.56255 0.0421924
530.437 9.01147 0.544908 2.55909 0.0410336
531.183 8.96471 0.547507 2.55543 0.0415649
531.928 8.91739 0.556151 2.55175 0.0425919
532.673 8.88192 0.55322 2.54891 0.0426128
533.419 8.85341 0.543778 2.54658 0.0420561
534.164 8.81802 0.529988 2.54366 0.0411854
534.909 8.77584 0.512041 2.54013 0.0400072
535.655 8.74043 0.500258 2.53718 0.0392786
536.4 8.71619 0.498603 2.5352 0.0393101
537.145 8.69004 0.49695 2.53306 0.0393541
537.891 8.65679 0.495284 2.53032 0.0394429
538.636 8.62449 0.49337 2.52764 0.0395048
539.381 8.59703 0.489096 2.52534 0.0393352
540.127 8.56992 0.48489 2.52306 0.0391672
540.872 8.54251 0.485178 2.52078 0.039382
541.617 8.51542 0.485614 2.51851 0.0396086
542.363 8.49686 0.471892 2.51687 0.0385646
543.108 8.48013 0.455367 2.51537 0.0372612
543.853 8.4473 0.446121 2.51252 0.0366778
544.599 8.40783 0.440216 2.5091 0.036419
545.344 8.37723 0.437317 2.50645 0.0363647
546.089 8.35355 0.436739 2.50441 0.0364705
546.835 8.32773 0.434059 2.50216 0.0364046
547.58 8.29895 0.428576 2.49963 0.0361075
548.325 8.26746 0.425057 2.49685 0.0359984
549.071 8.22877 0.426121 2.49344 0.0363422
549.816 8.19226 0.425754 2.4902 0.0365466
550.561 8.16425 0.418117 2.48766 0.036041
551.307 8.13673 0.41058 2.48515 0.0355363
552.052 8.11466 0.398826 2.48311 0.0346088
552.797 8.0928 0.387321 2.48108 0.0336958
553.543 8.0664 0.381972 2.47867 0.0333679
554.288 8.03975 0.377507 2.47622 0.0331198
555.033 8.01449 0.380443 2.47394 0.0335474
555.779 7.98987 0.385692 2.47172 0.0341896
556.524 7.96558 0.380712 2.46946 0.0338783
557.269 7.94159 0.3696 2.46718 0.0329866
558.015 7.91879 0.367008 2.46506 0.0328835
558.76 7.89721 0.373303 2.4631 0.0336123
559.505 7.87767 0.374039 2.46129 0.0338063
560.251 7.86172 0.364615 2.45975 0.0330139
560.996 7.8454 0.355977 2.45818 0.0322939
561.741 7.82739 0.349811 2.45646 0.0318156
562.487 7.80966 0.344286 2.45477 0.0313941
563.232 7.79336 0.345216 2.45324 0.0315828
563.977 7.7772 0.346113 2.45173 0.0317683
564.723 7.75217 0.349163 2.44936 0.0322134
565.468 7.72694 0.352218 2.44696 0.0326633
566.213 7.70721 0.346317 2.44504 0.0322104
566.959 7.68891 0.338442 2.44324 0.031553
567.704 7.67211 0.333165 2.4416 0.0311379
568.449 7.6561 0.329151 2.44004 0.0308402
569.195 7.63678 0.323794 2.43813 0.0304261
569.94 7.61474 0.31736 2.43595 0.029917
570.685 7.591 0.309279 2.43358 0.0292488
571.431 7.56471 0.298817 2.43094 0.0283501
572.176 7.54156 0.294688 2.42863 0.0280627
572.921 7.52602 0.306843 2.42716 0.0293724
573.667 7.50933 0.31645 2.42557 0.0304379
574.412 7.48522 0.311249 2.42313 0.0300516
575.157 7.46148 0.306168 2.42073 0.0296721
575.903 7.43622 0.298655 2.41814 0.0290487
576.648 7.41136 0.291346 2.41559 0.0284383
577.393 7.39704 0.287581 2.41413 0.028133
578.139 7.38442 0.284387 2.41285 0.0278762
578.884 7.37157 0.282067 2.41154 0.0277094
579.629 7.35872 0.280078 2.41023 0.0275761
580.375 7.34136 0.28033 2.40846 0.0276974
581.12 7.32111 0.282026 2.40639 0.0279844
581.865 7.30493 0.284264 2.40475 0.0283085
582.611 7.2933 0.287158 2.40357 0.0286788
583.356 7.28105 0.289494 2.40233 0.0289953
584.101 7.26746 0.290753 2.40094 0.029207
584.847 7.25309 0.289605 2.39945 0.0291701
585.592 7.23511 0.278671 2.39752 0.0281176
586.337 7.21778 0.268297 2.39566 0.0271145
587.083 7.20832 0.263047 2.39466 0.026611
587.828 7.19892 0.257862 2.39366 0.0261123
588.573 7.18508 0.254647 2.3922 0.0258433
589.319 7.171 0.25164 2.39071 0.0255961
590.064 7.15486 0.249981 2.389 0.0255018
590.809 7.13833 0.248687 2.38725 0.025448
591.555 7.12159 0.249463 2.38548 0.0256178
592.3 7.10483 0.251278 2.3837 0.0259008
593.045 7.08972 0.253314 2.3821 0.0262013
593.791 7.07609 0.255556 2.38066 0.026518
594.536 7.06202 0.254226 2.37915 0.0264491
595.281 7.04717 0.247345 2.37752 0.0257772
596.027 7.03057 0.241905 2.3757 0.0252677
596.772 7.00853 0.240444 2.3733 0.0252182
597.517 6.98861 0.238636 2.37113 0.0251195
598.263 6.98241 0.23406 2.37044 0.0246491
599.008 6.97622 0.229526 2.36976 0.0241821
599.753 6.96068 0.228203 2.36806 0.0241126
600.499 6.94513 0.22696 2.36635 0.0240512
601.244 6.92868 0.22866 2.36455 0.0243219
601.989 6.91223 0.230828 2.36275 0.0246464
602.735 6.89958 0.229062 2.36135 0.0245133
603.48 6.8885 0.225752 2.36011 0.0241986
604.225 6.87821 0.226641 2.35899 0.0243516
604.971 6.86851 0.230551 2.35794 0.024843
605.716 6.85707 0.229119 2.35666 0.0247409
606.461 6.84345 0.221088 2.35511 0.023901
607.207 6.83119 0.216163 2.35372 0.0234033
607.952 6.82184 0.217956 2.35269 0.0236545
608.697 6.81362 0.217872 2.35178 0.0236875
609.443 6.81058 0.208838 2.35141 0.0226769
610.188 6.80704 0.200328 2.351 0.0217271
610.933 6.79127 0.20464 2.34924 0.0222916
611.679 6.77569 0.208826 2.34749 0.0228438
612.424 6.76216 0.208387 2.34596 0.022858
613.169 6.74899 0.207453 2.34446 0.0228136
613.915 6.74223 0.210541 2.34372 0.0232046
614.66 6.73739 0.214826 2.3432 0.0237259
615.405 6.72794 0.211295 2.34212 0.0233656
616.151 6.71584 0.203332 2.3407 0.0225021
616.896 6.7021 0.20004 2.33912 0.0221844
617.641 6.68674 0.201337 2.33736 0.0224064
618.387 6.67222 0.200891 2.33568 0.0224222
619.132 6.65897 0.197477 2.33414 0.0220849
619.878 6.64813 0.194658 2.33288 0.0218054
620.623 6.6451 0.19368 2.33254 0.0217081
621.368 6.64093 0.192968 2.33207 0.0216467
622.113 6.62553 0.194838 2.33029 0.0219366
622.859 6.61033 0.19664 2.32852 0.0222192
623.604 6.59462 0.193811 2.32667 0.0219568
624.349 6.57909 0.190836 2.32484 0.0216744
625.095 6.57121 0.186201 2.3239 0.0211608
625.84 6.56498 0.181247 2.32316 0.0206007
626.586 6.55724 0.180018 2.32225 0.0204899
627.331 6.54884 0.18047 2.32127 0.0205821
628.076 6.53593 0.179765 2.31974 0.0205543
628.822 6.51951 0.178146 2.31779 0.0204307
629.567 6.50684 0.178629 2.31628 0.0205443
630.312 6.49917 0.181995 2.3154 0.0209855
631.057 6.49296 0.184193 2.31467 0.0212807
631.803 6.49037 0.183515 2.31438 0.0212138
632.548 6.48657 0.182479 2.31393 0.0211086
633.294 6.47574 0.179366 2.31263 0.0207809
634.039 6.46501 0.176341 2.31134 0.0204619
634.784 6.45463 0.176387 2.3101 0.0205135
635.53 6.44436 0.176423 2.30887 0.0205637
636.275 6.43356 0.176028 2.30757 0.0205634
637.02 6.42278 0.175572 2.30627 0.0205556
637.766 6.4154 0.172478 2.30537 0.0202107
638.511 6.40922 0.168502 2.30461 0.0197519
639.256 6.40276 0.167992 2.30384 0.0197185
640.002 6.39613 0.169695 2.30305 0.0199578
640.747 6.38707 0.168837 2.30195 0.0198919
641.492 6.37533 0.165176 2.30051 0.0194905
642.238 6.36657 0.163257 2.29944 0.0192912
642.983 6.36347 0.164655 2.29908 0.0194799
643.728 6.3604 0.165834 2.29872 0.0196414
644.474 6.35747 0.166172 2.29838 0.0196984
645.219 6.35383 0.166522 2.29795 0.0197597
645.964 6.34018 0.167068 2.29627 0.0198851
646.71 6.32671 0.167584 2.29462 0.0200065
647.455 6.3154 0.16555 2.29322 0.0198014
648.2 6.30437 0.163365 2.29185 0.0195756
648.946 6.29882 0.158328 2.29115 0.0189703
649.691 6.29463 0.152598 2.29062 0.018272
650.436 6.28903 0.148909 2.28992 0.0178335
651.182 6.28272 0.146276 2.28914 0.017529
651.927 6.27172 0.147326 2.28778 0.0177036
652.672 6.25661 0.151554 2.28591 0.0182946
653.418 6.24444 0.154371 2.2844 0.0186991
654.163 6.23662 0.155168 2.28343 0.0188329
654.908 6.22946 0.155321 2.28254 0.0188829
655.654 6.22404 0.153661 2.28186 0.0186962
656.399 6.21878 0.151768 2.2812 0.0184787
657.144 6.2145 0.148088 2.28066 0.0180301
657.89 6.21024 0.144442 2.28012 0.0175848
658.635 6.19371 0.1453 2.27803 0.0177565
659.38 6.17732 0.146162 2.27596 0.0179293
660.126 6.1702 0.146007 2.27506 0.0179386
660.871 6.1647 0.145682 2.27437 0.0179201
661.616 6.161 0.146038 2.27391 0.0179824
662.362 6.15801 0.146657 2.27355 0.0180761
663.107 6.15344 0.148553 2.27298 0.0183399
663.852 6.14777 0.151336 2.27228 0.0187226
664.598 6.14117 0.150186 2.27144 0.0186024
665.343 6.13344 0.144291 2.27043 0.0178734
666.088 6.12503 0.141017 2.26935 0.0174835
666.834 6.11512 0.14327 2.26809 0.0178137
667.579 6.10694 0.145005 2.26705 0.0180717
668.324 6.10626 0.144605 2.26698 0.0180253
669.07 6.10551 0.144069 2.26689 0.0179615
669.815 6.10323 0.14054 2.2666 0.0175144
670.56 6.10094 0.13703 2.26631 0.0170694
671.306 6.08933 0.133081 2.2648 0.0165985
672.051 6.07695 0.129185 2.26318 0.0161347
672.796 6.06728 0.130897 2.26194 0.0163937
673.542 6.05844 0.134157 2.26081 0.0168533
674.287 6.05319 0.134279 2.26014 0.0168903
675.032 6.04993 0.132675 2.25972 0.016694
675.778 6.04739 0.132832 2.2594 0.0167262
676.523 6.04554 0.134696 2.25918 0.0169802
677.268 6.04189 0.135572 2.25872 0.0171108
678.014 6.03524 0.134788 2.25785 0.0170338
678.759 6.02703 0.133916 2.25678 0.0169502
679.504 6.01377 0.132744 2.25504 0.0168441
680.25 6.00188 0.131549 2.25348 0.0167297
680.995 6.00025 0.129988 2.25327 0.0165313
681.74 5.99862 0.128434 2.25307 0.0163335
682.486 5.99728 0.129332 2.25291 0.0164598
683.231 5.99595 0.130307 2.25275 0.0165963
683.976 5.98784 0.124816 2.25167 0.0158974
684.722 5.97844 0.118183 2.25041 0.0150481
685.467 5.97171 0.117242 2.24952 0.0149464
686.212 5.96613 0.118677 2.2488 0.0151577
686.958 5.95746 0.120933 2.24766 0.0154888
687.703 5.94651 0.123759 2.24622 0.0159049
688.448 5.93786 0.125296 2.24508 0.0161419
689.194 5.93215 0.125229 2.24433 0.0161546
689.939 5.92787 0.125159 2.24376 0.016162
690.684 5.92687 0.125085 2.24364 0.0161579
691.43 5.92439 0.124883 2.24332 0.0161416
692.175 5.91442 0.124041 2.24199 0.0160639
692.92 5.90467 0.123141 2.24069 0.0159774
693.666 5.89781 0.120114 2.23976 0.0155933
694.411 5.891 0.117136 2.23885 0.0152147
695.156 5.88551 0.114993 2.23811 0.0149443
695.902 5.88019 0.112968 2.23739 0.0146885
696.647 5.87797 0.111655 2.2371 0.0145197
697.392 5.8767 0.110561 2.23694 0.0143774
698.138 5.87539 0.10822 2.23677 0.0140658
698.883 5.87404 0.105153 2.23659 0.0136557
699.628 5.86876 0.105999 2.23589 0.0137881
700.374 5.85955 0.110706 2.23466 0.0144581
701.119 5.85157 0.114783 2.2336 0.0150405
701.864 5.84566 0.117893 2.23281 0.015486
702.61 5.84056 0.119892 2.23214 0.0157779
703.355 5.83808 0.118336 2.2318 0.0155757
704.1 5.83615 0.117171 2.23155 0.0154248
704.846 5.83932 0.119552 2.232 0.0157424
705.591 5.84251 0.121954 2.23246 0.0160625
706.336 5.8333 0.117409 2.2312 0.0154733
707.082 5.82373 0.11272 2.22988 0.0148633
707.827 5.81337 0.107332 2.22845 0.0141573
708.572 5.80294 0.101927 2.22702 0.0134461
709.318 5.79637 0.100882 2.22612 0.0133229
710.063 5.79145 0.101667 2.22546 0.0134472
710.808 5.7913 0.103854 2.22545 0.0137515
711.554 5.79478 0.107148 2.22595 0.014198
712.299 5.79523 0.107785 2.22603 0.0142866
713.044 5.79174 0.10493 2.22555 0.0139052
713.79 5.78623 0.103147 2.2248 0.0136771
714.535 5.77609 0.103784 2.22341 0.0137965
715.28 5.76596 0.104564 2.22202 0.0139361
716.026 5.75539 0.106142 2.22057 0.0141884
716.771 5.74527 0.107634 2.21918 0.0144285
717.516 5.74354 0.108406 2.21895 0.0145433
718.262 5.74182 0.109173 2.21872 0.0146576
719.007 5.74599 0.105501 2.2193 0.0141355
719.752 5.75078 0.101302 2.21997 0.0135391
720.498 5.74559 0.0978979 2.21925 0.0130818
721.243 5.73753 0.0947994 2.21813 0.0126738
721.988 5.72965 0.0922338 2.21703 0.0123385
722.734 5.7219 0.0899798 2.21595 0.0120454
723.479 5.71508 0.0902002 2.21501 0.0120957
724.224 5.70913 0.0927382 2.21419 0.012469
724.97 5.70501 0.0937059 2.21363 0.0126177
725.715 5.70388 0.0921512 2.21348 0.0124043
726.46 5.70258 0.0921831 2.21331 0.0124141
727.206 5.70076 0.0970449 2.21307 0.013104
727.951 5.69867 0.101768 2.21281 0.0137756
728.696 5.69478 0.105572 2.21228 0.014324
729.442 5.69089 0.109332 2.21176 0.0148669
730.187 5.6796 0.105597 2.21016 0.014377
730.932 5.66838 0.101857 2.20858 0.0138839
731.678 5.662 0.0994425 2.20768 0.0135626
732.423 5.65648 0.0972766 2.2069 0.0132732
733.168 5.65353 0.0959227 2.20649 0.0130913
733.914 5.65155 0.0948776 2.20622 0.0129504
734.659 5.65065 0.0944619 2.2061 0.0128957
735.404 5.65048 0.0944773 2.20608 0.0129001
736.15 5.64954 0.0931335 2.20596 0.0127138
736.895 5.64767 0.0902181 2.20569 0.0123066
737.641 5.64374 0.0876867 2.20514 0.0119589
738.386 5.63575 0.0859261 2.20401 0.0117304
739.131 5.62833 0.085577 2.20296 0.011701
739.876 5.6228 0.0906289 2.20219 0.0124375
740.622 5.6177 0.0953877 2.20149 0.0131325
741.367 5.61814 0.0974704 2.20157 0.0134306
742.112 5.61857 0.0995568 2.20165 0.0137291
742.858 5.61913 0.0995114 2.20174 0.0137228
743.603 5.61971 0.0993352 2.20183 0.0136977
744.349 5.61567 0.0967565 2.20125 0.0133425
745.094 5.6106 0.0936695 2.20053 0.0129169
745.839 5.60402 0.0878156 2.19958 0.012098
746.584 5.59674 0.0808089 2.19853 0.0111132
747.33 5.59001 0.0795652 2.19757 0.0109522
748.075 5.58375 0.0827918 2.19669 0.0114327
748.82 5.57955 0.0839445 2.1961 0.0116106
749.566 5.5781 0.0823851 2.19589 0.0113913
750.311 5.5781 0.0813915 2.1959 0.0112498
751.057 5.58156 0.0817175 2.19641 0.01129
751.802 5.58352 0.0821451 2.1967 0.0113484
752.547 5.57803 0.083046 2.19592 0.0114931
753.293 5.57247 0.0838224 2.19513 0.0116203
754.038 5.56444 0.0821944 2.19398 0.0114068
754.783 5.55652 0.0806023 2.19284 0.0111975
755.529 5.55204 0.0788014 2.1922 0.0109491
756.274 5.5479 0.0770017 2.1916 0.0106997
757.019 5.54383 0.077128 2.19102 0.0107289
757.765 5.53979 0.0777637 2.19045 0.010832
758.51 5.5367 0.0803386 2.19001 0.0112147
759.255 5.53408 0.0838937 2.18965 0.011739
760.001 5.53303 0.0830449 2.18951 0.0116199
760.746 5.53332 0.0783438 2.18955 0.0109375
761.491 5.53029 0.0773507 2.18911 0.0108018
762.237 5.5225 0.081708 2.188 0.0114559
762.982 5.51532 0.0839053 2.18697 0.0117955
763.727 5.50958 0.0808328 2.18613 0.0113629
764.473 5.50396 0.0782808 2.18531 0.0110051
765.218 5.49882 0.0783112 2.18457 0.0110232
765.963 5.49386 0.0782646 2.18385 0.0110296
766.709 5.49404 0.0755899 2.18388 0.0106388
767.454 5.49421 0.0729139 2.18391 0.010248
768.199 5.49555 0.0714227 2.18411 0.0100281
768.945 5.49702 0.0700539 2.18433 0.00982595
769.69 5.49613 0.071093 2.18421 0.00998142
770.435 5.49456 0.0728192 2.18399 0.0102391
771.181 5.48992 0.0727439 2.18332 0.0102397
771.926 5.48371 0.0717228 2.18242 0.010105
772.671 5.47641 0.0713355 2.18135 0.0100654
773.417 5.46819 0.0714958 2.18015 0.0101084
774.162 5.46345 0.0722582 2.17946 0.0102325
774.907 5.46374 0.073932 2.17952 0.0104799
775.653 5.46392 0.0739863 2.17955 0.0104889
776.398 5.46379 0.0698368 2.17953 0.00987901
777.143 5.46372 0.0664197 2.17953 0.00937687
777.889 5.46422 0.0669923 2.17961 0.0094616
778.634 5.46467 0.0675932 2.17968 0.00955056
779.379 5.46404 0.0690382 2.1796 0.00976618
780.125 5.4634 0.0704801 2.17952 0.00998142
780.87 5.45502 0.0683318 2.17829 0.00968367
781.615 5.44601 0.0658918 2.17696 0.00934304
782.361 5.43821 0.0666428 2.17581 0.00947149
783.106 5.4308 0.0682079 2.17473 0.00972029
783.851 5.42853 0.0647552 2.17439 0.00921388
784.597 5.42879 0.058768 2.17442 0.00832594
785.342 5.42844 0.0616072 2.17439 0.00874933
786.087 5.42746 0.0719122 2.17427 0.0102825
786.833 5.4274 0.0764068 2.17428 0.0109513
787.578 5.42883 0.0728818 2.17449 0.010426
788.323 5.42863 0.0704465 2.17447 0.0100662
789.069 5.4247 0.0706058 2.17389 0.0100997
789.814 5.4198 0.0708773 2.17317 0.0101521
790.559 5.41035 0.0716625 2.17177 0.0102911
791.305 5.40136 0.0721253 2.17044 0.0103814
792.05 5.39738 0.0679413 2.16984 0.00976659
792.795 5.39339 0.0638217 2.16925 0.00916039
793.541 5.39349 0.0616304 2.16927 0.00883377
794.286 5.39386 0.0595632 2.16933 0.00852522
795.031 5.39602 0.0622556 2.16966 0.00892474
795.777 5.39856 0.0660456 2.17006 0.00948708
796.522 5.39885 0.0644353 2.1701 0.00924718
797.267 5.39815 0.0604924 2.17 0.00866081
798.013 5.39154 0.0603966 2.16902 0.00866021
798.758 5.38083 0.062985 2.16743 0.00906975
799.503 5.37354 0.0638103 2.16634 0.00920928
800.249 5.37006 0.0626953 2.16583 0.00904993
800.994 5.36598 0.0627804 2.16522 0.00907198
801.739 5.36072 0.0651021 2.16444 0.00943301
802.485 5.35651 0.0655474 2.16382 0.00950991
803.23 5.35573 0.0597364 2.16369 0.00863716
803.975 5.35534 0.0546794 2.16363 0.00787703
804.721 5.35875 0.0556145 2.16415 0.00801304
805.466 5.36218 0.0565618 2.16468 0.00815065
806.211 5.36023 0.0644462 2.16441 0.00934222
806.957 5.35811 0.0723254 2.16411 0.0105343
807.702 5.35229 0.0712604 2.16324 0.0103881
808.447 5.34602 0.0689904 2.1623 0.0100606
809.193 5.34106 0.0657652 2.16155 0.00958513
809.938 5.33652 0.0622863 2.16086 0.00906948
810.683 5.33321 0.0619094 2.16037 0.00902011
811.429 5.33057 0.0631982 2.15998 0.0092216
812.174 5.32839 0.0634572 2.15966 0.00926632
812.919 5.32663 0.0628205 2.1594 0.00917446
813.665 5.32537 0.0613248 2.15921 0.00895131
814.41 5.32478 0.0586293 2.15912 0.00854481
815.155 5.32384 0.0568661 2.15898 0.00828022
815.901 5.32214 0.0572254 2.15873 0.00833889
816.646 5.31975 0.057819 2.15838 0.00843445
817.391 5.31439 0.0593956 2.15757 0.00868501
818.137 5.30893 0.0607333 2.15675 0.00889998
818.882 5.30175 0.0597059 2.15566 0.0087585
819.627 5.29467 0.0587027 2.15459 0.00862008
820.373 5.29141 0.0598952 2.1541 0.00880936
821.118 5.28829 0.0611463 2.15363 0.00900756
821.863 5.28891 0.0606348 2.15373 0.00892923
822.609 5.29017 0.0598214 2.15393 0.00880357
823.354 5.29149 0.0576753 2.15414 0.00847438
824.099 5.29283 0.0550582 2.15434 0.00807345
824.845 5.29367 0.0538101 2.15447 0.00788247
825.59 5.29423 0.0533584 2.15457 0.00781356
826.335 5.29437 0.0536683 2.15459 0.00786162
827.081 5.29413 0.0546707 2.15456 0.00801602
827.826 5.29128 0.0555207 2.15414 0.00815184
828.571 5.28484 0.0561401 2.15316 0.0082591
829.317 5.27872 0.0560994 2.15223 0.00826498
830.062 5.27321 0.0546289 2.15139 0.0080506
830.807 5.26809 0.0529963 2.15061 0.00781019
831.553 5.26434 0.0506172 2.15004 0.00745233
832.298 5.26099 0.0488121 2.14953 0.00718147
833.043 5.26155 0.0523682 2.14963 0.00772788
833.789 5.26208 0.0559354 2.14972 0.00827591
834.534 5.26128 0.0542667 2.1496 0.00802196
835.279 5.26045 0.0525222 2.14947 0.0077563
836.025 5.26131 0.0526174 2.14961 0.00777039
836.77 5.26241 0.052968 2.14979 0.00782331
837.515 5.26004 0.0555216 2.14944 0.0082208
838.261 5.25667 0.0586783 2.14893 0.00871334
839.006 5.25224 0.059191 2.14826 0.00880163
839.751 5.24735 0.0584199 2.14751 0.00869319
840.497 5.24272 0.0584606 2.1468 0.00870921
841.242 5.2383 0.0591073 2.14613 0.0088184
841.987 5.23618 0.062226 2.14581 0.00930509
842.733 5.23664 0.0682629 2.1459 0.0102374
843.478 5.23553 0.0682336 2.14574 0.0102362
844.223 5.23158 0.0574628 2.14511 0.00858084
844.969 5.22818 0.0501622 2.14458 0.0074587
845.714 5.22694 0.0523712 2.14439 0.00780349
846.459 5.22542 0.0543492 2.14417 0.00811319
847.205 5.22246 0.0551243 2.14372 0.00823942
847.95 5.2197 0.0561333 2.1433 0.00840169
848.695 5.21989 0.0613853 2.14334 0.00921615
849.441 5.22001 0.0666467 2.14338 0.0100321
850.186 5.21473 0.0645386 2.14256 0.00971747
850.931 5.20927 0.0621408 2.14172 0.00935751
851.677 5.20609 0.0529399 2.14121 0.00793495
852.422 5.20308 0.042734 2.14073 0.00635392
853.167 5.20316 0.0456888 2.14075 0.00681417
853.913 5.20415 0.0528586 2.14093 0.0079283
854.658 5.20305 0.056121 2.14077 0.00843845
855.403 5.20091 0.057346 2.14044 0.00863386
856.149 5.19822 0.0564541 2.14003 0.00850095
856.894 5.19512 0.0539579 2.13955 0.00811875
857.639 5.19358 0.054305 2.13931 0.00817643
858.385 5.19378 0.0578651 2.13936 0.00873164
859.13 5.19313 0.0575736 2.13926 0.00868831
859.875 5.19103 0.0508314 2.13892 0.00764198
860.621 5.18894 0.0472491 2.1386 0.00708756
861.366 5.1871 0.0516844 2.13833 0.00778336
862.112 5.18478 0.0550141 2.13798 0.00830798
862.857 5.18053 0.0536218 2.13731 0.00809903
863.602 5.17666 0.0524702 2.13671 0.00792665
864.347 5.17631 0.0534531 2.13667 0.0080818
865.093 5.17595 0.0544346 2.13662 0.00823675
865.838 5.17565 0.0501846 2.13657 0.00757336
866.583 5.1753 0.0459434 2.13651 0.00691129
867.329 5.1764 0.0477263 2.13669 0.00718923
868.074 5.17764 0.0501274 2.1369 0.00756348
868.82 5.1756 0.0505934 2.13658 0.00764058
869.565 5.17284 0.0506278 2.13616 0.0076514
870.31 5.17062 0.0510046 2.13581 0.00771495
871.056 5.1686 0.0515037 2.1355 0.00779736
871.801 5.16592 0.0508491 2.13509 0.00770015
872.546 5.1629 0.0495665 2.13462 0.0075049
873.292 5.1601 0.0483478 2.13418 0.00731907
874.037 5.15748 0.0471813 2.13377 0.00714094
874.782 5.15645 0.046552 2.13362 0.00704451
875.528 5.15722 0.0465219 2.13374 0.00703933
876.273 5.15725 0.0471831 2.13376 0.00714387
877.018 5.15607 0.0489562 2.13358 0.00742499
877.764 5.15493 0.0496894 2.13341 0.00754281
878.509 5.15387 0.0479925 2.13324 0.00727868
879.254 5.15274 0.0465417 2.13307 0.00705322
880 5.15139 0.0459686 2.13286 0.00696596
880.745 5.15041 0.0452017 2.13271 0.00684764
881.49 5.15178 0.0431201 2.13293 0.00651903
882.236 5.15276 0.041251 2.13308 0.00622453
882.981 5.14635 0.0437009 2.13208 0.00661981
883.726 5.14002 0.0460663 2.1311 0.00700267
884.472 5.13587 0.0452692 2.13044 0.00688412
885.217 5.13182 0.0443876 2.12981 0.00675187
885.962 5.1305 0.042392 2.1296 0.00643944
886.708 5.12951 0.0402669 2.12945 0.00610593
887.453 5.12933 0.0392346 2.12942 0.00594384
888.198 5.12934 0.0384562 2.12943 0.00582158
888.944 5.13048 0.038089 2.12961 0.0057628
889.689 5.13203 0.0378698 2.12986 0.00572687
890.434 5.13128 0.038894 2.12975 0.00589025
891.18 5.12932 0.0405555 2.12945 0.00615599
891.925 5.12649 0.0406266 2.12901 0.00617185
892.67 5.12304 0.0395729 2.12847 0.00601065
893.416 5.1195 0.039666 2.12791 0.00603084
894.161 5.11587 0.0408449 2.12734 0.00622318
894.906 5.11224 0.0416512 2.12677 0.00635675
895.652 5.1086 0.0419889 2.1262 0.00641619
896.397 5.10583 0.0433015 2.12577 0.00662919
897.142 5.10455 0.0463385 2.12557 0.00711395
897.888 5.10421 0.047373 2.12553 0.00727944
898.633 5.1062 0.0435179 2.12584 0.00666501
899.378 5.10779 0.0415014 2.1261 0.00634337
900.124 5.108 0.0461359 2.12614 0.00707908
900.869 5.10809 0.0492 2.12617 0.00756578
901.614 5.10777 0.043417 2.12611 0.00664936
902.36 5.10726 0.0380629 2.12603 0.00580108
903.105 5.10551 0.0372376 2.12575 0.00567299
903.85 5.10374 0.0364313 2.12548 0.00554785
904.596 5.09982 0.0362834 2.12486 0.0055299
905.341 5.09595 0.0361366 2.12425 0.00551204
906.086 5.094 0.0355913 2.12394 0.00542832
906.832 5.09215 0.035031 2.12365 0.00534203
907.577 5.08814 0.0360199 2.12302 0.0055051
908.322 5.0839 0.0371752 2.12235 0.00569524
909.068 5.08306 0.0370035 2.12222 0.00566957
909.813 5.08294 0.036555 2.1222 0.00559882
910.558 5.08285 0.0348932 2.12219 0.00533448
911.304 5.08276 0.0328574 2.12218 0.00501045
912.049 5.08272 0.0349644 2.12218 0.00534723
912.794 5.08266 0.0388176 2.12218 0.0059626
913.54 5.08227 0.0403058 2.12212 0.00620118
914.285 5.0817 0.040489 2.12204 0.0062318
915.03 5.0806 0.0393252 2.12187 0.00604822
915.776 5.07912 0.0372275 2.12163 0.00571595
916.521 5.07662 0.0363026 2.12124 0.00557206
917.266 5.07323 0.0364016 2.1207 0.00559274
918.012 5.06965 0.0372541 2.12013 0.00573423
918.757 5.06587 0.0389127 2.11953 0.00600523
919.502 5.06297 0.0405621 2.11908 0.00627394
920.248 5.06123 0.0422275 2.1188 0.00654385
920.993 5.0588 0.042503 2.11842 0.00659217
921.738 5.0552 0.0404577 2.11784 0.0062699
922.484 5.05295 0.0405044 2.11749 0.00628114
923.229 5.05352 0.0449699 2.11759 0.00699766
923.974 5.0543 0.0467751 2.11772 0.00728672
924.72 5.05577 0.0412685 2.11795 0.00640154
925.465 5.05657 0.0360435 2.11808 0.00556288
926.21 5.05526 0.0319671 2.11787 0.00491102
926.956 5.05403 0.0283349 2.11767 0.00433001
927.701 5.0534 0.0266743 2.11757 0.00406465
928.446 5.05243 0.0259812 2.11742 0.00395485
929.192 5.04913 0.0317599 2.1169 0.00488687
929.937 5.04591 0.0369806 2.1164 0.00573036
930.682 5.04414 0.037293 2.11612 0.00578345
931.428 5.04241 0.037426 2.11584 0.00580766
932.173 5.04114 0.0335659 2.11564 0.00518868
932.918 5.03984 0.029744 2.11543 0.00457553
933.664 5.03703 0.0327489 2.11498 0.00506303
934.409 5.03422 0.0357037 2.11454 0.00554303
935.154 5.03006 0.0334528 2.11387 0.00518569
935.9 5.02589 0.0310543 2.1132 0.00480391
936.645 5.0255 0.0319416 2.11314 0.00494815
937.39 5.02543 0.0330974 2.11313 0.00513541
938.136 5.02895 0.0334192 2.11371 0.00518377
938.881 5.03298 0.033638 2.11436 0.00521486
939.626 5.03495 0.0363314 2.11469 0.00564714
940.372 5.03653 0.0394821 2.11495 0.00615325
941.117 5.03154 0.0379301 2.11415 0.00591036
941.862 5.0252 0.0354208 2.11312 0.00551409
942.608 5.02262 0.0335084 2.11271 0.00520885
943.353 5.02103 0.0317575 2.11245 0.00492827
944.098 5.01844 0.0382317 2.11205 0.00597864
944.844 5.01532 0.0471973 2.11156 0.00743408
945.589 5.0169 0.0414616 2.11181 0.00650424
946.334 5.01996 0.0301262 2.1123 0.00466786
947.08 5.01826 0.0292104 2.11202 0.00452208
947.825 5.01465 0.032697 2.11145 0.00509062
948.57 5.01241 0.0349571 2.11109 0.00545968
949.316 5.01082 0.0366434 2.11084 0.00573529
950.061 5.01032 0.0398934 2.11077 0.00626292
950.806 5.01035 0.0439813 2.11078 0.0069256
951.552 5.00912 0.040878 2.11058 0.00642517
952.297 5.00707 0.0336701 2.11025 0.00526019
953.042 5.00474 0.0367854 2.10988 0.00576873
953.788 5.00208 0.0462837 2.10946 0.007314
954.533 5.00324 0.0403918 2.10965 0.00635678
955.278 5.00649 0.0237848 2.11016 0.0036602
956.024 5.00313 0.0218312 2.10961 0.00334659
956.769 4.99535 0.0304093 2.10836 0.00474725
957.514 4.99239 0.032205 2.10789 0.00504295
958.26 4.99316 0.0289531 2.10801 0.00451386
959.005 4.99425 0.0263048 2.10819 0.00408275
959.75 4.99561 0.0241451 2.10842 0.00373098
960.496 4.99476 0.0298455 2.10829 0.00465871
961.241 4.99164 0.0421299 2.1078 0.00666044
961.986 4.99162 0.0472696 2.10781 0.00749687
962.732 4.99469 0.0461875 2.10831 0.00731644
963.477 4.99564 0.0450491 2.10846 0.00713042
964.222 4.99465 0.043881 2.10831 0.00694261
964.968 4.99491 0.0397986 2.10835 0.00627918
965.713 4.99622 0.032942 2.10855 0.00516371
966.458 4.99446 0.0314904 2.10827 0.00493027
967.204 4.98988 0.0351269 2.10753 0.00552756
967.949 4.98428 0.038615 2.10663 0.00610318
968.694 4.97775 0.0419235 2.10557 0.00665223
969.44 4.97566 0.0414395 2.10524 0.0065768
970.185 4.97771 0.0373932 2.10557 0.00591426
970.93 4.97482 0.0356071 2.1051 0.00562702
971.676 4.96742 0.0359785 2.10389 0.00569754
972.421 4.96323 0.0344456 2.10321 0.00545254
973.166 4.96189 0.0311801 2.10299 0.00492021
973.912 4.96192 0.0298957 2.103 0.00471041
974.657 4.96321 0.0303953 2.10321 0.00479123
975.402 4.96437 0.030607 2.10341 0.00482507
976.148 4.9654 0.0305622 2.10358 0.00481707
976.893 4.96533 0.0305025 2.10357 0.00480783
977.638 4.96435 0.0304306 2.10341 0.0047976
978.384 4.96391 0.0297245 2.10334 0.004683
979.129 4.96391 0.0285082 2.10335 0.00448445
979.874 4.96464 0.0286467 2.10347 0.00450681
980.62 4.96595 0.0298213 2.10369 0.00469801
981.365 4.96163 0.0311989 2.10299 0.00492855
982.11 4.9535 0.0326403 2.10166 0.0051744
982.856 4.94899 0.0343187 2.10093 0.00545558
983.601 4.94676 0.036171 2.10057 0.0057629
984.346 4.94307 0.0355545 2.09996 0.00566679
985.092 4.93855 0.0335149 2.09922 0.0053375
985.837 4.93707 0.0300632 2.09898 0.00477179
986.583 4.93717 0.0258182 2.09899 0.00407366
987.328 4.93712 0.0260681 2.09899 0.00411527
988.073 4.93698 0.0285089 2.09897 0.00451742
988.818 4.93844 0.0317775 2.09922 0.00505402
989.564 4.94056 0.0354509 2.09957 0.00565602
990.309 4.94208 0.0384479 2.09983 0.00614715
991.055 4.94336 0.0412029 2.10005 0.00659855
991.8 4.94316 0.0385527 2.10002 0.00616376
992.545 4.94245 0.0342198 2.0999 0.00545301
993.291 4.94273 0.0340251 2.09995 0.0054211
994.036 4.94327 0.034898 2.10004 0.00556431
994.781 4.94345 0.0343842 2.10007 0.00548008
995.527 4.94355 0.0335877 2.10009 0.00534949
996.272 4.94239 0.0318809 2.0999 0.00507077
997.017 4.94103 0.0300545 2.09968 0.00477244
997.763 4.93747 0.028146 2.09909 0.00446268
998.508 4.93373 0.0262751 2.09848 0.0041588
999.253 4.93582 0.0360885 2.09884 0.00577249
999.999 4.93785 0.0466463 2.09919 0.00750736
