255.408 1.13013 1.42385 1.26835 0.612922
256.154 1.17015 1.45133 1.28974 0.611972
256.899 1.21009 1.4776 1.31034 0.610495
257.644 1.18105 1.45527 1.29394 0.610335
258.39 1.14153 1.42443 1.2713 0.60975
259.135 1.17033 1.47671 1.2952 0.620611
259.88 1.22613 1.55539 1.33512 0.632441
260.626 1.24596 1.56535 1.344 0.630375
261.371 1.24164 1.53255 1.33346 0.6206
262.116 1.2489 1.51466 1.33085 0.612662
262.862 1.26833 1.51324 1.33665 0.607118
263.607 1.28142 1.51156 1.34025 0.603178
264.353 1.28266 1.50944 1.33978 0.602141
265.098 1.28786 1.51317 1.34213 0.602043
265.843 1.30801 1.53836 1.35484 0.605212
266.589 1.32554 1.55811 1.36521 0.60717
267.334 1.31001 1.52044 1.3503 0.598824
268.079 1.29525 1.48228 1.33555 0.589828
268.825 1.31918 1.55737 1.36196 0.608557
269.57 1.34896 1.6374 1.39153 0.626308
270.315 1.36146 1.6024 1.38615 0.612226
271.061 1.37106 1.54264 1.37401 0.590932
271.806 1.38008 1.52066 1.37126 0.581717
272.551 1.38831 1.51586 1.37245 0.578219
273.297 1.40339 1.51698 1.37725 0.575015
274.042 1.42397 1.52277 1.38487 0.572032
274.787 1.4328 1.52945 1.38893 0.572109
275.533 1.42544 1.53766 1.38825 0.576466
276.278 1.42284 1.53312 1.38607 0.575681
277.023 1.43253 1.49687 1.38042 0.561949
277.769 1.44505 1.47226 1.37855 0.551263
278.514 1.471 1.50892 1.3948 0.557064
279.259 1.4971 1.54338 1.41045 0.561903
280.005 1.49405 1.51361 1.40252 0.553442
280.75 1.49148 1.48387 1.39483 0.54476
281.495 1.48837 1.45146 1.38649 0.535232
282.241 1.48571 1.41874 1.37834 0.525369
282.986 1.49266 1.41897 1.38039 0.524007
283.731 1.50268 1.42986 1.38568 0.52541
284.477 1.50421 1.40899 1.38152 0.51845
285.222 1.50125 1.3688 1.37198 0.506108
285.967 1.509 1.35357 1.37118 0.499604
286.713 1.52731 1.36438 1.37911 0.499452
287.458 1.53937 1.36833 1.38359 0.498344
288.203 1.54007 1.36014 1.38196 0.495621
288.949 1.54225 1.34893 1.38023 0.491619
289.694 1.5497 1.32709 1.37815 0.483131
290.439 1.55784 1.30705 1.37672 0.475091
291.185 1.57154 1.3037 1.38035 0.471444
291.93 1.58513 1.30037 1.38394 0.467851
292.675 1.57729 1.2514 1.37211 0.453403
293.421 1.56993 1.20003 1.36024 0.437772
294.166 1.56584 1.18277 1.35567 0.432767
294.911 1.56231 1.17306 1.35263 0.430166
295.657 1.56118 1.14869 1.34788 0.422167
296.402 1.56159 1.11767 1.34262 0.411583
297.147 1.56716 1.0901 1.33982 0.401263
297.893 1.57681 1.06551 1.33903 0.391303
298.638 1.57623 1.04618 1.33565 0.384778
299.383 1.56106 1.0337 1.32831 0.382866
300.129 1.54586 1.01523 1.32 0.37881
300.874 1.53102 0.981766 1.30951 0.36928
301.619 1.51771 0.949874 1.29986 0.359891
302.365 1.5099 0.929574 1.29396 0.353735
303.11 1.50225 0.908922 1.2881 0.347357
303.855 1.49025 0.873785 1.27864 0.336186
304.601 1.47896 0.838256 1.26951 0.324579
305.346 1.45028 0.813441 1.25534 0.319113
306.091 1.41902 0.789269 1.24015 0.31403
306.837 1.38899 0.751358 1.22354 0.30321
307.582 1.36005 0.707709 1.20662 0.289585
308.327 1.33226 0.691516 1.19346 0.286464
309.073 1.30448 0.693514 1.18237 0.29065
309.818 1.27828 0.675638 1.16938 0.286495
310.563 1.25473 0.63506 1.15474 0.272379
311.309 1.2311 0.604307 1.14123 0.262066
312.054 1.20592 0.593997 1.12928 0.260441
312.799 1.17637 0.582118 1.11514 0.258547
313.545 1.13035 0.564731 1.09294 0.255916
314.29 1.08415 0.545784 1.07008 0.252389
315.035 1.04759 0.518527 1.05039 0.243747
315.781 1.01078 0.490134 1.03027 0.234234
316.526 0.971882 0.46553 1.00932 0.226347
317.271 0.93242 0.440183 0.987752 0.217796
318.017 0.884751 0.415593 0.961882 0.209979
318.762 0.834267 0.390131 0.934043 0.201518
319.507 0.782426 0.372016 0.905587 0.196525
320.253 0.729135 0.357349 0.876023 0.193162
320.998 0.67834 0.342874 0.847171 0.189424
321.743 0.629798 0.32858 0.81897 0.185331
322.489 0.581269 0.314939 0.790234 0.181338
323.234 0.533344 0.302787 0.761358 0.177905
323.979 0.484453 0.29132 0.73133 0.174718
324.725 0.43471 0.283036 0.700346 0.173327
325.47 0.383679 0.274802 0.667831 0.171906
326.215 0.330611 0.269609 0.633433 0.172451
326.961 0.276198 0.264103 0.597238 0.172816
327.706 0.221433 0.26495 0.560326 0.17748
328.451 0.165248 0.265849 0.521431 0.182443
329.197 0.113025 0.270339 0.484624 0.189847
329.942 0.0604633 0.275614 0.446699 0.198153
330.687 0.00790541 0.282023 0.407907 0.207664
331.433 -0.0454088 0.289056 0.367591 0.21814
332.178 -0.0973895 0.300543 0.327764 0.232516
332.923 -0.148649 0.315513 0.287969 0.250332
333.669 -0.199521 0.330525 0.247616 0.268962
334.414 -0.24962 0.345416 0.207021 0.288242
335.159 -0.298183 0.360784 0.166975 0.308596
335.905 -0.34202 0.376436 0.130437 0.329348
336.65 -0.385375 0.39195 0.0936864 0.350726
337.395 -0.423741 0.40477 0.0605118 0.369485
338.141 -0.462741 0.417998 0.0262964 0.389419
338.886 -0.503257 0.431977 -0.0097777 0.411118
339.631 -0.544421 0.446407 -0.0469743 0.434219
340.377 -0.589288 0.461502 -0.0883867 0.459762
341.122 -0.635249 0.477155 -0.131541 0.487223
341.867 -0.67807 0.491058 -0.172609 0.513116
342.613 -0.72044 0.50474 -0.213962 0.539653
343.358 -0.755276 0.513874 -0.249048 0.55986
344.103 -0.785915 0.520395 -0.280765 0.576426
344.849 -0.822862 0.526718 -0.320237 0.595274
345.594 -0.866288 0.532881 -0.368098 0.616748
346.339 -0.911501 0.541386 -0.418359 0.642487
347.085 -0.959286 0.553929 -0.471415 0.675217
347.83 -1.00815 0.567054 -0.526781 0.710551
348.575 -1.05858 0.581035 -0.585094 0.749263
349.321 -1.10922 0.593664 -0.645685 0.788065
350.066 -1.15416 0.588838 -0.708207 0.801902
350.811 -1.1999 0.583871 -0.773737 0.816177
351.557 -1.24345 0.597436 -0.828875 0.856678
352.302 -1.28749 0.612223 -0.885266 0.900947
353.047 -1.34266 0.618914 -0.964494 0.940884
353.793 -1.40113 0.624195 -1.05271 0.982387
354.538 -1.46857 0.637987 -1.15424 1.0458
355.283 -1.54084 0.656422 -1.26575 1.12491
356.029 -1.60254 0.671511 -1.36549 1.19598
356.774 -1.65558 0.683674 -1.45513 1.2593
357.519 -1.70648 0.692098 -1.54711 1.31712
358.265 -1.75414 0.69497 -1.64101 1.36374
359.01 -1.80329 0.699943 -1.74026 1.41871
359.755 -1.85535 0.709961 -1.84555 1.49139
360.501 -1.91106 0.723363 -1.9605 1.58139
361.246 -1.98496 0.754781 -2.10404 1.74741
361.991 -2.05986 0.787015 -2.25264 1.9366
362.737 -2.13831 0.819605 -2.41248 2.15588
363.482 -2.21814 0.852976 -2.57518 2.40821
364.227 -2.28365 0.876604 -2.71507 2.62739
364.973 -2.3481 0.899206 -2.85275 2.86331
365.718 -2.4091 0.907856 -3.01921 3.06715
366.463 -2.46951 0.911497 -3.20508 3.27296
367.209 -2.52722 0.930941 -3.32838 3.54615
367.954 -2.58349 0.96108 -3.39312 3.87446
368.699 -2.6533 0.990499 -3.4844 4.28877
369.445 -2.7388 1.0191 -3.59822 4.82704
370.19 -2.82783 1.04856 -3.66773 5.45376
370.935 -2.92196 1.07899 -3.6686 6.18964
371.681 -3.01342 1.10915 -3.56211 6.973
372.426 -3.08655 1.13525 -3.36496 7.63381
373.171 -3.15955 1.16076 -3.07485 8.30759
373.917 -3.21178 1.16926 -2.90041 8.80337
374.662 -3.26478 1.17781 -2.66993 9.31662
375.407 -3.33264 1.19248 -2.24627 9.96625
376.153 -3.40279 1.20784 -1.69262 10.6099
376.898 -3.50349 1.24636 -0.535675 11.2933
377.643 -3.61436 1.29243 0.932533 11.6949
378.389 -3.73268 1.34308 2.53297 11.6892
379.134 -3.85672 1.39749 4.06158 11.2533
379.879 -3.96415 1.44817 5.15169 10.5931
380.625 -4.05579 1.49503 5.87117 9.90264
381.37 -4.146 1.53629 6.42884 9.23718
382.116 -4.23291 1.56741 6.87157 8.65093
382.861 -4.31343 1.5929 7.20142 8.12868
383.606 -4.37163 1.59987 7.44267 7.8144
384.352 -4.43674 1.61232 7.65009 7.43731
385.097 -4.54695 1.6647 7.76365 6.70781
385.842 -4.65981 1.71928 7.79034 6.04661
386.587 -4.81321 1.77992 7.79472 5.29491
387.333 -4.97226 1.84385 7.71613 4.63697
388.078 -5.12215 1.92318 7.54105 4.10874
388.824 -5.27386 2.00894 7.34341 3.66425
389.569 -5.42232 2.07932 7.18691 3.3026
390.314 -5.57215 2.14507 7.04147 2.99172
391.06 -5.69247 2.1894 6.94177 2.77483
391.805 -5.79097 2.21735 6.87445 2.61464
392.55 -5.89303 2.25991 6.78227 2.46539
393.296 -5.99898 2.3213 6.66473 2.32861
394.041 -6.11267 2.39044 6.54232 2.19668
394.786 -6.24144 2.47489 6.40636 2.06354
395.532 -6.38523 2.56107 6.276 1.92904
396.277 -6.59164 2.64258 6.1454 1.7492
397.022 -6.80476 2.73059 6.01618 1.5909
397.768 -6.99712 2.86825 5.86562 1.48149
398.513 -7.1948 3.01432 5.725 1.38383
399.258 -7.37526 3.11143 5.63102 1.29828
400.004 -7.55872 3.20729 5.54418 1.21989
400.749 -7.70706 3.30103 5.47091 1.16612
401.494 -7.84652 3.3965 5.40325 1.12097
402.24 -7.97337 3.49198 5.34194 1.08444
402.985 -8.09345 3.58866 5.28489 1.05307
403.73 -8.25966 3.68435 5.22513 1.00586
404.476 -8.47544 3.77986 5.16243 0.945235
405.221 -8.70205 3.90581 5.09268 0.891028
405.966 -8.94181 4.08495 5.01153 0.844667
406.712 -9.20089 4.28973 4.92932 0.800317
407.457 -9.50844 4.55869 4.83597 0.754794
408.202 -9.81978 4.83835 4.75093 0.71374
408.948 -10.0834 5.03214 4.69466 0.679266
409.693 -10.3556 5.23779 4.6404 0.647023
410.438 -10.6106 5.4688 4.58763 0.621707
411.184 -10.8711 5.71435 4.53682 0.59806
411.929 -11.0772 5.94123 4.4954 0.582441
412.674 -11.2735 6.17211 4.45681 0.568848
413.42 -11.4944 6.37772 4.42293 0.551655
414.165 -11.7303 6.57685 4.39141 0.533401
414.91 -12.0168 6.86258 4.35085 0.513781
415.656 -12.3459 7.23071 4.3042 0.493631
416.401 -12.712 7.62362 4.25876 0.471993
417.146 -13.1305 8.04496 4.21424 0.448212
417.892 -13.5491 8.54599 4.16836 0.427879
418.637 -13.9344 9.20409 4.11746 0.413408
419.382 -14.31 9.89662 4.07046 0.399789
420.128 -14.6585 10.5016 4.03373 0.386845
420.873 -15.003 11.152 3.99837 0.374614
421.618 -15.2797 11.7476 3.96929 0.365443
422.364 -15.5489 12.3822 3.94104 0.356643
423.109 -15.8681 12.9135 3.91928 0.345608
423.854 -16.1977 13.4592 3.89867 0.334649
424.6 -16.4195 14.1333 3.87517 0.327928
425.345 -16.5865 14.8773 3.85118 0.322671
426.09 -16.8626 15.7866 3.82441 0.313229
426.836 -17.1966 16.8506 3.79633 0.3016
427.581 -17.439 18.0428 3.76792 0.29178
428.326 -17.5548 19.369 3.7392 0.283723
429.072 -17.6076 20.8822 3.70981 0.275016
429.817 -17.576 22.6954 3.67848 0.264912
430.562 -17.3353 24.6 3.64873 0.256186
431.308 -16.7702 26.41 3.62167 0.250862
432.053 -16.0018 28.2217 3.59605 0.245896
432.798 -15.2659 29.5576 3.57777 0.242816
433.544 -14.3946 30.8799 3.55991 0.239812
434.289 -13.7232 32.4643 3.54336 0.232084
435.034 -12.9061 34.0998 3.52718 0.224353
435.78 -11.7279 35.5571 3.51079 0.219289
436.525 -10.3327 36.9073 3.49463 0.21494
437.27 -8.73831 38.2023 3.47847 0.21049
438.016 -6.95508 39.3878 3.46251 0.20607
438.761 -4.67213 40.4774 3.4443 0.201629
439.506 -1.92986 41.3145 3.4244 0.197215
440.252 0.977032 41.78 3.40474 0.192865
440.997 3.99096 41.835 3.38517 0.188537
441.742 6.97032 41.4775 3.36609 0.184239
442.488 9.86145 40.7491 3.34738 0.179756
443.233 12.5467 39.6493 3.32919 0.175474
443.978 14.9457 38.2364 3.31155 0.17152
444.724 17.044 36.6004 3.29439 0.167717
445.469 18.2095 35.4433 3.28373 0.165727
446.214 19.2447 34.2453 3.27325 0.16378
446.96 20.517 32.9883 3.26171 0.159476
447.705 21.6855 31.6588 3.2502 0.154948
448.45 22.6865 30.1578 3.23795 0.150797
449.196 23.5057 28.6034 3.22561 0.146865
449.941 23.9854 27.0116 3.21311 0.144457
450.686 24.2164 25.4587 3.20061 0.143028
451.432 24.393 23.9173 3.18772 0.141051
452.177 24.5152 22.3824 3.17437 0.138482
452.922 24.5406 20.9052 3.16094 0.135792
453.668 24.4868 19.4519 3.14706 0.132795
454.413 24.3378 18.1506 3.1339 0.130156
455.158 24.1013 17.1088 3.12257 0.128612
455.904 23.8317 16.1407 3.11142 0.127132
456.649 23.4847 15.2097 3.09977 0.126093
457.394 23.1269 14.3532 3.08836 0.12507
458.14 22.9582 13.6028 3.07908 0.122097
458.885 22.7824 12.8984 3.07008 0.119058
459.63 22.6635 12.2842 3.06246 0.115666
460.376 22.5457 11.7106 3.05524 0.112246
461.121 22.24 11.1474 3.04624 0.110738
461.866 21.8516 10.6155 3.03644 0.110184
462.612 21.5445 10.1773 3.02828 0.109399
463.357 21.3054 9.81215 3.02155 0.10842
464.102 21.0303 9.36313 3.01319 0.106658
464.848 20.6958 8.79405 3.00234 0.103734
465.593 20.3711 8.30977 2.99234 0.101377
466.338 20.0773 7.97119 2.9843 0.10041
467.084 19.7962 7.65181 2.97646 0.0993744
467.829 19.5581 7.34217 2.9692 0.0977602
468.574 19.3236 7.04947 2.96206 0.0961829
469.32 18.9918 6.70237 2.95236 0.0946827
470.065 18.6698 6.37954 2.94282 0.0932236
470.81 18.3613 6.13185 2.9342 0.0927776
471.556 18.0651 5.90814 2.92586 0.0924941
472.301 17.8147 5.68846 2.91825 0.0915572
473.046 17.5847 5.47749 2.911 0.0903918
473.792 17.386 5.28753 2.90454 0.0891326
474.537 17.2089 5.11315 2.89865 0.0878165
475.282 17.0208 4.9423 2.89243 0.0866142
476.028 16.8201 4.77471 2.88583 0.0855405
476.773 16.6088 4.61358 2.87891 0.0846509
477.518 16.3711 4.45724 2.87123 0.0841174
478.264 16.149 4.30607 2.86382 0.0834031
479.009 15.9647 4.14799 2.85715 0.0818926
479.754 15.7865 3.99867 2.85064 0.0804168
480.5 15.6427 3.86953 2.84525 0.0789414
481.245 15.5015 3.74584 2.83991 0.0774969
481.99 15.3109 3.64603 2.83336 0.0773136
482.736 15.122 3.55243 2.82679 0.0772356
483.481 14.9339 3.43945 2.81984 0.0764919
484.226 14.7504 3.32593 2.81287 0.0755832
484.972 14.6036 3.2371 2.80728 0.0748964
485.717 14.477 3.16181 2.80244 0.0743293
486.462 14.3524 3.07426 2.79743 0.0732785
487.208 14.2294 2.9764 2.79226 0.071792
487.953 14.0971 2.89097 2.78686 0.0707826
488.698 13.9498 2.82244 2.78107 0.0705057
489.444 13.8165 2.75608 2.7757 0.0700786
490.189 13.7157 2.69026 2.77144 0.0692018
490.934 13.6114 2.62622 2.76703 0.0683943
491.68 13.4681 2.56141 2.76107 0.0680225
492.425 13.329 2.49931 2.7552 0.067654
493.17 13.208 2.42975 2.74984 0.0667114
493.916 13.0903 2.36284 2.74457 0.0657764
494.661 12.9824 2.30451 2.73973 0.065009
495.406 12.8783 2.2494 2.73502 0.0642827
496.152 12.7642 2.17818 2.72962 0.0629693
496.897 12.6479 2.10292 2.724 0.0614484
497.642 12.5365 2.05397 2.71885 0.0609315
498.388 12.4296 2.02323 2.71405 0.0611219
499.133 12.3305 1.9985 2.7096 0.0614649
499.878 12.24 1.98067 2.70557 0.0619985
500.624 12.1562 1.94972 2.70162 0.0618476
501.369 12.0838 1.89024 2.69778 0.0602171
502.115 12.0074 1.83499 2.69378 0.0587862
502.86 11.91 1.79226 2.68891 0.058166
503.605 11.8167 1.75129 2.68419 0.0575458
504.35 11.7634 1.71594 2.68141 0.0566667
505.096 11.7107 1.68145 2.67866 0.0557999
505.841 11.6207 1.65157 2.67412 0.0555972
506.587 11.5292 1.62301 2.66945 0.0554604
507.332 11.4533 1.59682 2.66554 0.0552303
508.077 11.3829 1.57177 2.66188 0.054975
508.823 11.3109 1.53925 2.658 0.054339
509.568 11.2385 1.50324 2.65403 0.0535006
510.313 11.1664 1.47427 2.65011 0.0530019
511.059 11.0947 1.45182 2.64626 0.0528246
511.804 11.016 1.4195 2.64186 0.0521863
512.549 10.9249 1.37113 2.63656 0.0507923
513.294 10.8438 1.33348 2.63186 0.0498222
514.04 10.7887 1.32434 2.62889 0.0501028
514.785 10.7319 1.31481 2.62581 0.0503777
515.531 10.6544 1.30103 2.62147 0.0506568
516.276 10.5788 1.28751 2.61719 0.0509235
517.021 10.5411 1.25766 2.61486 0.049783
517.767 10.5048 1.22791 2.61261 0.0486131
518.512 10.4505 1.18741 2.60916 0.0470041
519.257 10.3932 1.14603 2.60551 0.0453406
520.003 10.3497 1.13061 2.60294 0.0450376
520.748 10.3122 1.12591 2.60084 0.0453015
521.493 10.2581 1.12956 2.59781 0.0462579
522.239 10.192 1.13903 2.59411 0.047716
522.984 10.1383 1.13456 2.59095 0.0481899
523.729 10.0997 1.11286 2.58851 0.0474202
524.475 10.0581 1.08971 2.58584 0.0465809
525.22 10.0091 1.06271 2.58266 0.045568
525.965 9.95801 1.03725 2.57933 0.0446549
526.711 9.89356 1.0164 2.57518 0.0441651
527.456 9.83119 0.996464 2.57113 0.0436926
528.201 9.79035 0.9845 2.56853 0.0434825
528.947 9.75011 0.972779 2.56595 0.0432743
529.692 9.70004 0.946259 2.56255 0.0421924
530.437 9.64959 0.918871 2.55909 0.0410336
531.183 9.59269 0.916016 2.55543 0.0415649
531.928 9.53469 0.920278 2.55175 0.0425919
532.673 9.49175 0.912077 2.54891 0.0426128
533.419 9.4576 0.896925 2.54658 0.0420561
534.164 9.41581 0.876152 2.54366 0.0411854
534.909 9.36648 0.85003 2.54013 0.0400072
535.655 9.32458 0.831792 2.53718 0.0392786
536.4 9.29492 0.826385 2.5352 0.0393101
537.145 9.26307 0.820861 2.53306 0.0393541
537.891 9.223 0.814783 2.53032 0.0394429
538.636 9.18411 0.808546 2.52764 0.0395048
539.381 9.15109 0.800004 2.52534 0.0393352
540.127 9.11851 0.791618 2.52306 0.0391672
540.872 9.08527 0.788466 2.52078 0.039382
541.617 9.05243 0.785549 2.51851 0.0396086
542.363 9.03062 0.76693 2.51687 0.0385646
543.108 9.01114 0.745254 2.51537 0.0372612
543.853 8.97249 0.730835 2.51252 0.0366778
544.599 8.92597 0.719847 2.5091 0.036419
545.344 8.88954 0.713048 2.50645 0.0363647
546.089 8.86096 0.709473 2.50441 0.0364705
546.835 8.8301 0.703353 2.50216 0.0364046
547.58 8.79607 0.693833 2.49963 0.0361075
548.325 8.75881 0.686427 2.49685 0.0359984
549.071 8.71304 0.68383 2.49344 0.0363422
549.816 8.66992 0.679787 2.4902 0.0365466
550.561 8.63711 0.668037 2.48766 0.036041
551.307 8.60489 0.656482 2.48515 0.0355363
552.052 8.57921 0.640511 2.48311 0.0346088
552.797 8.55378 0.624884 2.48108 0.0336958
553.543 8.52278 0.616041 2.47867 0.0333679
554.288 8.49146 0.60823 2.47622 0.0331198
555.033 8.46129 0.608989 2.47394 0.0335474
555.779 8.43175 0.612448 2.47172 0.0341896
556.524 8.40327 0.604293 2.46946 0.0338783
557.269 8.37554 0.589211 2.46718 0.0329866
558.015 8.34866 0.583937 2.46506 0.0328835
558.76 8.32265 0.588866 2.4631 0.0336123
559.505 8.29934 0.587616 2.46129 0.0338063
560.251 8.28074 0.575071 2.45975 0.0330139
560.996 8.26167 0.563424 2.45818 0.0322939
561.741 8.24056 0.554508 2.45646 0.0318156
562.487 8.21975 0.546363 2.45477 0.0313941
563.232 8.2002 0.545632 2.45324 0.0315828
563.977 8.18084 0.544887 2.45173 0.0317683
564.723 8.15134 0.546085 2.44936 0.0322134
565.468 8.12165 0.547296 2.44696 0.0326633
566.213 8.09872 0.538723 2.44504 0.0322104
566.959 8.07753 0.52803 2.44324 0.031553
567.704 8.05789 0.520375 2.4416 0.0311379
568.449 8.0391 0.514211 2.44004 0.0308402
569.195 8.01666 0.506373 2.43813 0.0304261
569.94 7.99124 0.497205 2.43595 0.029917
570.685 7.96403 0.486123 2.43358 0.0292488
571.431 7.93408 0.472265 2.43094 0.0283501
572.176 7.90736 0.465722 2.42863 0.0280627
572.921 7.88837 0.477871 2.42716 0.0293724
573.667 7.86825 0.487099 2.42557 0.0304379
574.412 7.8406 0.479353 2.42313 0.0300516
575.157 7.81337 0.471787 2.42073 0.0296721
575.903 7.78459 0.461451 2.41814 0.0290487
576.648 7.75627 0.451395 2.41559 0.0284383
577.393 7.73959 0.445843 2.41413 0.028133
578.139 7.72478 0.441027 2.41285 0.0278762
578.884 7.7097 0.43719 2.41154 0.0277094
579.629 7.69461 0.433736 2.41023 0.0275761
580.375 7.67439 0.432581 2.40846 0.0276974
581.12 7.65091 0.432914 2.40639 0.0279844
581.865 7.63196 0.434052 2.40475 0.0283085
582.611 7.61806 0.43614 2.40357 0.0286788
583.356 7.60351 0.437585 2.40233 0.0289953
584.101 7.58754 0.437777 2.40094 0.029207
584.847 7.57083 0.435266 2.39945 0.0291701
585.592 7.55056 0.421728 2.39752 0.0281176
586.337 7.53099 0.408866 2.39566 0.0271145
587.083 7.51995 0.402064 2.39466 0.026611
587.828 7.50897 0.395347 2.39366 0.0261123
588.573 7.49299 0.390638 2.3922 0.0258433
589.319 7.47675 0.386162 2.39071 0.0255961
590.064 7.45818 0.383105 2.389 0.0255018
590.809 7.43918 0.380449 2.38725 0.025448
591.555 7.41987 0.380089 2.38548 0.0256178
592.3 7.40052 0.380887 2.3837 0.0259008
593.045 7.383 0.382007 2.3821 0.0262013
593.791 7.36713 0.383421 2.38066 0.026518
594.536 7.35093 0.380879 2.37915 0.0264491
595.281 7.33411 0.372185 2.37752 0.0257772
596.027 7.3153 0.365028 2.3757 0.0252677
596.772 7.29035 0.362063 2.3733 0.0252182
597.517 7.26778 0.358812 2.37113 0.0251195
598.263 7.26044 0.35306 2.37044 0.0246491
599.008 7.25312 0.347363 2.36976 0.0241821
599.753 7.23539 0.344852 2.36806 0.0241126
600.499 7.21766 0.342439 2.36635 0.0240512
601.244 7.19884 0.34324 2.36455 0.0243219
601.989 7.18001 0.344564 2.36275 0.0246464
602.735 7.16553 0.341712 2.36135 0.0245133
603.48 7.15284 0.337232 2.36011 0.0241986
604.225 7.14087 0.337401 2.35899 0.0243516
604.971 7.12944 0.340914 2.35794 0.024843
605.716 7.11632 0.338505 2.35666 0.0247409
606.461 7.10105 0.328785 2.35511 0.023901
607.207 7.08717 0.322534 2.35372 0.0234033
607.952 7.07624 0.323762 2.35269 0.0236545
608.697 7.06663 0.322977 2.35178 0.0236875
609.443 7.06302 0.312575 2.35141 0.0226769
610.188 7.05883 0.302738 2.351 0.0217271
610.933 7.04083 0.306524 2.34924 0.0222916
611.679 7.02303 0.310182 2.34749 0.0228438
612.424 7.00767 0.308857 2.34596 0.022858
613.169 6.99272 0.30701 2.34446 0.0228136
613.915 6.98464 0.309781 2.34372 0.0232046
614.66 6.97864 0.313927 2.3432 0.0237259
615.405 6.96786 0.309382 2.34212 0.0233656
616.151 6.95436 0.299921 2.3407 0.0225021
616.896 6.9389 0.295515 2.33912 0.0221844
617.641 6.92155 0.296071 2.33736 0.0224064
618.387 6.90518 0.29476 2.33568 0.0224222
619.132 6.8903 0.290264 2.33414 0.0220849
619.878 6.87804 0.286501 2.33288 0.0218054
620.623 6.87423 0.284997 2.33254 0.0217081
621.368 6.86918 0.283751 2.33207 0.0216467
622.113 6.85182 0.284966 2.33029 0.0219366
622.859 6.83469 0.28612 2.32852 0.0222192
623.604 6.81717 0.282227 2.32667 0.0219568
624.349 6.79986 0.27819 2.32484 0.0216744
625.095 6.79092 0.272592 2.3239 0.0211608
625.84 6.7838 0.266702 2.32316 0.0206007
626.586 6.77491 0.264821 2.32225 0.0204899
627.331 6.76527 0.264749 2.32127 0.0205821
628.076 6.75078 0.263292 2.31974 0.0205543
628.822 6.73252 0.260746 2.31779 0.0204307
629.567 6.71826 0.260598 2.31628 0.0205443
630.312 6.70937 0.263725 2.3154 0.0209855
631.057 6.70209 0.265629 2.31467 0.0212807
631.803 6.69882 0.264522 2.31438 0.0212138
632.548 6.69425 0.262996 2.31393 0.0211086
633.294 6.68213 0.259025 2.31263 0.0207809
634.039 6.67013 0.255158 2.31134 0.0204619
634.784 6.65843 0.25463 2.3101 0.0205135
635.53 6.64684 0.2541 2.30887 0.0205637
636.275 6.63471 0.253092 2.30757 0.0205634
637.02 6.62261 0.252025 2.30627 0.0205556
637.766 6.61426 0.248204 2.30537 0.0202107
638.511 6.60724 0.243467 2.30461 0.0197519
639.256 6.59981 0.242471 2.30384 0.0197185
640.002 6.59216 0.243865 2.30305 0.0199578
640.747 6.58195 0.24243 2.30195 0.0198919
641.492 6.56895 0.237904 2.30051 0.0194905
642.238 6.5591 0.235343 2.29944 0.0192912
642.983 6.55528 0.236512 2.29908 0.0194799
643.728 6.5515 0.237446 2.29872 0.0196414
644.474 6.5479 0.237478 2.29838 0.0196984
645.219 6.54354 0.237508 2.29795 0.0197597
645.964 6.52839 0.237493 2.29627 0.0198851
646.71 6.51344 0.237455 2.29462 0.0200065
647.455 6.50089 0.234729 2.29322 0.0198014
648.2 6.48866 0.231856 2.29185 0.0195756
648.946 6.48239 0.226053 2.29115 0.0189703
649.691 6.47762 0.219545 2.29062 0.018272
650.436 6.47127 0.215202 2.28992 0.0178335
651.182 6.46414 0.211982 2.28914 0.017529
651.927 6.45187 0.212611 2.28778 0.0177036
652.672 6.43513 0.216559 2.28591 0.0182946
653.418 6.42159 0.219064 2.2844 0.0186991
654.163 6.41278 0.219506 2.28343 0.0188329
654.908 6.40469 0.219274 2.28254 0.0188829
655.654 6.39852 0.21714 2.28186 0.0186962
656.399 6.39253 0.214763 2.2812 0.0184787
657.144 6.38764 0.210495 2.28066 0.0180301
657.89 6.38277 0.206266 2.28012 0.0175848
658.635 6.36464 0.206589 2.27803 0.0177565
659.38 6.34667 0.206924 2.27596 0.0179293
660.126 6.33867 0.206385 2.27506 0.0179386
660.871 6.33241 0.205702 2.27437 0.0179201
661.616 6.32806 0.205792 2.27391 0.0179824
662.362 6.32448 0.206181 2.27355 0.0180761
663.107 6.31918 0.207903 2.27298 0.0183399
663.852 6.31267 0.210551 2.27228 0.0187226
664.598 6.30527 0.208969 2.27144 0.0186024
665.343 6.29677 0.20229 2.27043 0.0178734
666.088 6.28749 0.198404 2.26935 0.0174835
666.834 6.27649 0.200401 2.26809 0.0178137
667.579 6.26735 0.201883 2.26705 0.0180717
668.324 6.26628 0.201246 2.26698 0.0180253
669.07 6.26513 0.200464 2.26689 0.0179615
669.815 6.26242 0.196452 2.2666 0.0175144
670.56 6.25971 0.192462 2.26631 0.0170694
671.306 6.24704 0.187811 2.2648 0.0165985
672.051 6.23355 0.183204 2.26318 0.0161347
672.796 6.22286 0.184648 2.26194 0.0163937
673.542 6.21302 0.187761 2.26081 0.0168533
674.287 6.20707 0.187601 2.26014 0.0168903
675.032 6.2033 0.185643 2.25972 0.016694
675.778 6.20025 0.185579 2.2594 0.0167262
676.523 6.19791 0.187351 2.25918 0.0169802
677.268 6.19367 0.188033 2.25872 0.0171108
678.014 6.18627 0.186887 2.25785 0.0170338
678.759 6.17721 0.185617 2.25678 0.0169502
679.504 6.16278 0.183931 2.25504 0.0168441
680.25 6.14982 0.182252 2.25348 0.0167297
680.995 6.14779 0.180388 2.25327 0.0165313
681.74 6.14577 0.178532 2.25307 0.0163335
682.486 6.14401 0.179294 2.25291 0.0164598
683.231 6.14226 0.180139 2.25275 0.0165963
683.976 6.13342 0.173973 2.25167 0.0158974
684.722 6.12324 0.166571 2.25041 0.0150481
685.467 6.11578 0.165282 2.24952 0.0149464
686.212 6.10951 0.166542 2.2488 0.0151577
686.958 6.09994 0.168618 2.24766 0.0154888
687.703 6.08795 0.171259 2.24622 0.0159049
688.448 6.07843 0.172573 2.24508 0.0161419
689.194 6.07206 0.172241 2.24433 0.0161546
689.939 6.06722 0.171932 2.24376 0.016162
690.684 6.06586 0.17168 2.24364 0.0161579
691.43 6.06293 0.171267 2.24332 0.0161416
692.175 6.05207 0.170039 2.24199 0.0160639
692.92 6.04145 0.168756 2.24069 0.0159774
693.666 6.03393 0.16527 2.23976 0.0155933
694.411 6.02647 0.16184 2.23885 0.0152147
695.156 6.0204 0.159323 2.23811 0.0149443
695.902 6.01451 0.156936 2.23739 0.0146885
696.647 6.0119 0.155361 2.2371 0.0145197
697.392 6.01029 0.154036 2.23694 0.0143774
698.138 6.00866 0.151388 2.23677 0.0140658
698.883 6.007 0.147973 2.23659 0.0136557
699.628 6.00111 0.148638 2.23589 0.0137881
700.374 5.99099 0.153329 2.23466 0.0144581
701.119 5.98219 0.157373 2.2336 0.0150405
701.864 5.97561 0.160427 2.23281 0.015486
702.61 5.9699 0.16232 2.23214 0.0157779
703.355 5.96703 0.160494 2.2318 0.0155757
704.1 5.96474 0.159091 2.23155 0.0154248
704.846 5.96779 0.16153 2.232 0.0157424
705.591 5.97086 0.16399 2.23246 0.0160625
706.336 5.96092 0.158892 2.2312 0.0154733
707.082 5.95061 0.15364 2.22988 0.0148633
707.827 5.93947 0.14764 2.22845 0.0141573
708.572 5.92827 0.141625 2.22702 0.0134461
709.318 5.92108 0.140287 2.22612 0.0133229
710.063 5.91561 0.140911 2.22546 0.0134472
710.808 5.91516 0.143093 2.22545 0.0137515
711.554 5.91852 0.146504 2.22595 0.014198
712.299 5.91874 0.147059 2.22603 0.0142866
713.044 5.91484 0.143861 2.22555 0.0139052
713.79 5.90879 0.141767 2.2248 0.0136771
714.535 5.89782 0.142157 2.22341 0.0137965
715.28 5.88687 0.142701 2.22202 0.0139361
716.026 5.87543 0.144081 2.22057 0.0141884
716.771 5.86449 0.14538 2.21918 0.0144285
717.516 5.86241 0.146048 2.21895 0.0145433
718.262 5.86033 0.146712 2.21872 0.0146576
719.007 5.86454 0.142783 2.2193 0.0141355
719.752 5.86942 0.138308 2.21997 0.0135391
720.498 5.86376 0.134522 2.21925 0.0130818
721.243 5.85506 0.131018 2.21813 0.0126738
721.988 5.84655 0.128081 2.21703 0.0123385
722.734 5.83817 0.125477 2.21595 0.0120454
723.479 5.83075 0.125497 2.21501 0.0120957
724.224 5.8242 0.127973 2.21419 0.012469
724.97 5.81961 0.128821 2.21363 0.0126177
725.715 5.81821 0.127057 2.21348 0.0124043
726.46 5.81661 0.126962 2.21331 0.0124141
727.206 5.81439 0.131947 2.21307 0.013104
727.951 5.81189 0.136782 2.21281 0.0137756
728.696 5.80752 0.140622 2.21228 0.014324
729.442 5.80314 0.144416 2.21176 0.0148669
730.187 5.79109 0.140214 2.21016 0.014377
730.932 5.7791 0.136011 2.20858 0.0138839
731.678 5.7722 0.133275 2.20768 0.0135626
732.423 5.76621 0.130815 2.2069 0.0132732
733.168 5.7629 0.129245 2.20649 0.0130913
733.914 5.76061 0.128016 2.20622 0.0129504
734.659 5.75945 0.127464 2.2061 0.0128957
735.404 5.75906 0.127376 2.20608 0.0129001
736.15 5.75787 0.125848 2.20596 0.0127138
736.895 5.75572 0.122657 2.20569 0.0123066
737.641 5.75142 0.119843 2.20514 0.0119589
738.386 5.74283 0.117786 2.20401 0.0117304
739.131 5.73482 0.117222 2.20296 0.011701
739.876 5.72873 0.122358 2.20219 0.0124375
740.622 5.72311 0.127191 2.20149 0.0131325
741.367 5.72333 0.129287 2.20157 0.0134306
742.112 5.72354 0.131387 2.20165 0.0137291
742.858 5.72393 0.13125 2.20174 0.0137228
743.603 5.72433 0.130976 2.20183 0.0136977
744.349 5.71992 0.128119 2.20125 0.0133425
745.094 5.71443 0.124717 2.20053 0.0129169
745.839 5.70739 0.118394 2.19958 0.012098
746.584 5.69964 0.110855 2.19853 0.0111132
747.33 5.69239 0.109372 2.19757 0.0109522
748.075 5.68558 0.112587 2.19669 0.0114327
748.82 5.68096 0.113652 2.1961 0.0116106
749.566 5.67925 0.111909 2.19589 0.0113913
750.311 5.67907 0.110777 2.1959 0.0112498
751.057 5.6825 0.111073 2.19641 0.01129
751.802 5.68435 0.111457 2.1967 0.0113484
752.547 5.67839 0.112245 2.19592 0.0114931
753.293 5.67236 0.112901 2.19513 0.0116203
754.038 5.66376 0.111009 2.19398 0.0114068
754.783 5.65529 0.109157 2.19284 0.0111975
755.529 5.65042 0.107129 2.1922 0.0109491
756.274 5.64591 0.105109 2.1916 0.0106997
757.019 5.64146 0.105107 2.19102 0.0107289
757.765 5.63703 0.105641 2.19045 0.010832
758.51 5.63358 0.108216 2.19001 0.0112147
759.255 5.63061 0.111824 2.18965 0.011739
760.001 5.62932 0.110839 2.18951 0.0116199
760.746 5.6295 0.105839 2.18955 0.0109375
761.491 5.62616 0.104682 2.18911 0.0108018
762.237 5.61777 0.109069 2.188 0.0114559
762.982 5.61004 0.111202 2.18697 0.0117955
763.727 5.60389 0.10784 2.18613 0.0113629
764.473 5.59787 0.105025 2.18531 0.0110051
765.218 5.5923 0.104919 2.18457 0.0110232
765.963 5.58694 0.104734 2.18385 0.0110296
766.709 5.58698 0.101861 2.18388 0.0106388
767.454 5.58701 0.098987 2.18391 0.010248
768.199 5.58825 0.0973659 2.18411 0.0100281
768.945 5.58962 0.0958746 2.18433 0.00982595
769.69 5.5885 0.0968745 2.18421 0.00998142
770.435 5.58666 0.098585 2.18399 0.0102391
771.181 5.58164 0.0983786 2.18332 0.0102397
771.926 5.57498 0.0971671 2.18242 0.010105
772.671 5.56719 0.0966069 2.18135 0.0100654
773.417 5.55842 0.0966098 2.18015 0.0101084
774.162 5.5533 0.0972806 2.17946 0.0102325
774.907 5.55341 0.0989586 2.17952 0.0104799
775.653 5.55343 0.098944 2.17955 0.0104889
776.398 5.55316 0.0945366 2.17953 0.00987901
777.143 5.55297 0.0908957 2.17953 0.00937687
777.889 5.5533 0.0914271 2.17961 0.0094616
778.634 5.55361 0.0919879 2.17968 0.00955056
779.379 5.55276 0.0934183 2.1796 0.00976618
780.125 5.55191 0.0948455 2.17952 0.00998142
780.87 5.54302 0.0924438 2.17829 0.00968367
781.615 5.53348 0.0897327 2.17696 0.00934304
782.361 5.52516 0.0903652 2.17581 0.00947149
783.106 5.51726 0.0918518 2.17473 0.00972029
783.851 5.51476 0.0881585 2.17439 0.00921388
784.597 5.51493 0.0818487 2.17442 0.00832594
785.342 5.51437 0.084739 2.17439 0.00874933
786.087 5.51309 0.0954078 2.17427 0.0102825
786.833 5.51282 0.100026 2.17428 0.0109513
787.578 5.51418 0.0962979 2.17449 0.010426
788.323 5.51385 0.0936897 2.17447 0.0100662
789.069 5.50959 0.0937491 2.17389 0.0100997
789.814 5.50432 0.093916 2.17317 0.0101521
790.559 5.4943 0.0945729 2.17177 0.0102911
791.305 5.48478 0.0948993 2.17044 0.0103814
792.05 5.48051 0.0904353 2.16984 0.00976659
792.795 5.47625 0.08604 2.16925 0.00916039
793.541 5.47622 0.0836948 2.16927 0.00883377
794.286 5.47647 0.0814821 2.16933 0.00852522
795.031 5.47854 0.0842446 2.16966 0.00892474
795.777 5.481 0.0881538 2.17006 0.00948708
796.522 5.48116 0.0864167 2.1701 0.00924718
797.267 5.48031 0.0822415 2.17 0.00866081
798.013 5.47328 0.082016 2.16902 0.00866021
798.758 5.46196 0.0845463 2.16743 0.00906975
799.503 5.45421 0.0852742 2.16634 0.00920928
800.249 5.45046 0.0840198 2.16583 0.00904993
800.994 5.44606 0.0840092 2.16522 0.00907198
801.739 5.44042 0.0863151 2.16444 0.00943301
802.485 5.43589 0.0866788 2.16382 0.00950991
803.23 5.43498 0.0805667 2.16369 0.00863716
803.975 5.43448 0.0752439 2.16363 0.00787703
804.721 5.43787 0.07619 2.16415 0.00801304
805.466 5.44129 0.0771489 2.16468 0.00815065
806.211 5.43904 0.0852727 2.16441 0.00934222
806.957 5.43662 0.0933884 2.16411 0.0105343
807.702 5.43043 0.0921681 2.16324 0.0103881
808.447 5.4238 0.089692 2.1623 0.0100606
809.193 5.41853 0.0862359 2.16155 0.00958513
809.938 5.4137 0.0825213 2.16086 0.00906948
810.683 5.41012 0.0820431 2.16037 0.00902011
811.429 5.40722 0.0833024 2.15998 0.0092216
812.174 5.40482 0.0834961 2.15966 0.00926632
812.919 5.40286 0.0827629 2.1594 0.00917446
813.665 5.40142 0.0811422 2.15921 0.00895131
814.41 5.4007 0.0782816 2.15912 0.00854481
815.155 5.3996 0.076387 2.15898 0.00828022
815.901 5.3977 0.076691 2.15873 0.00833889
816.646 5.39507 0.0772324 2.15838 0.00843445
817.391 5.38936 0.078769 2.15757 0.00868501
818.137 5.38354 0.080057 2.15675 0.00889998
818.882 5.37596 0.0788744 2.15566 0.0087585
819.627 5.36849 0.0777189 2.15459 0.00862008
820.373 5.36495 0.0788762 2.1541 0.00880936
821.118 5.36157 0.0800958 2.15363 0.00900756
821.863 5.36209 0.0795182 2.15373 0.00892923
822.609 5.36328 0.0786328 2.15393 0.00880357
823.354 5.36454 0.0763653 2.15414 0.00847438
824.099 5.36581 0.0736096 2.15434 0.00807345
824.845 5.36656 0.0722705 2.15447 0.00788247
825.59 5.36702 0.0717558 2.15457 0.00781356
826.335 5.36703 0.072028 2.15459 0.00786162
827.081 5.36664 0.0730156 2.15456 0.00801602
827.826 5.36356 0.0738235 2.15414 0.00815184
828.571 5.35674 0.0743624 2.15316 0.0082591
829.317 5.35027 0.07422 2.15223 0.00826498
830.062 5.34444 0.0726004 2.15139 0.0080506
830.807 5.33902 0.0708167 2.15061 0.00781019
831.553 5.33502 0.0682709 2.15004 0.00745233
832.298 5.33144 0.0663244 2.14953 0.00718147
833.043 5.33187 0.0699676 2.14963 0.00772788
833.789 5.33226 0.0736216 2.14972 0.00827591
834.534 5.33132 0.0718377 2.1496 0.00802196
835.279 5.33035 0.0699753 2.14947 0.0077563
836.025 5.33112 0.0700336 2.14961 0.00777039
836.77 5.33213 0.0703585 2.14979 0.00782331
837.515 5.32954 0.0729388 2.14944 0.0082208
838.261 5.32589 0.0761358 2.14893 0.00871334
839.006 5.32118 0.0765849 2.14826 0.00880163
839.751 5.316 0.0757008 2.14751 0.00869319
840.497 5.31108 0.0756602 2.1468 0.00870921
841.242 5.30638 0.0762494 2.14613 0.0088184
841.987 5.30404 0.0794167 2.14581 0.00930509
842.733 5.30435 0.085626 2.1459 0.0102374
843.478 5.30308 0.0855409 2.14574 0.0102362
844.223 5.29896 0.0743123 2.14511 0.00858084
844.969 5.29538 0.0666828 2.14458 0.0074587
845.714 5.29396 0.068916 2.14439 0.00780349
846.459 5.29226 0.0709078 2.14417 0.00811319
847.205 5.28907 0.0716435 2.14372 0.00823942
847.95 5.28609 0.072623 2.1433 0.00840169
848.695 5.28613 0.078016 2.14334 0.00921615
849.441 5.2861 0.0834177 2.14338 0.0100321
850.186 5.28054 0.0811522 2.14256 0.00971747
850.931 5.2748 0.0785864 2.14172 0.00935751
851.677 5.27146 0.0690004 2.14121 0.00793495
852.422 5.26831 0.0583776 2.14073 0.00635392
853.167 5.26825 0.061393 2.14075 0.00681417
853.913 5.26912 0.068775 2.14093 0.0079283
854.658 5.26784 0.0720992 2.14077 0.00843845
855.403 5.26551 0.0733084 2.14044 0.00863386
856.149 5.26263 0.0723244 2.14003 0.00850095
856.894 5.25932 0.069679 2.13955 0.00811875
857.639 5.25762 0.0699854 2.13931 0.00817643
858.385 5.25769 0.0736266 2.13936 0.00873164
859.13 5.25691 0.0732793 2.13926 0.00868831
859.875 5.25467 0.0662531 2.13892 0.00764198
860.621 5.25244 0.0624947 2.1386 0.00708756
861.366 5.2504 0.0670262 2.13833 0.00778336
862.112 5.24787 0.0704111 2.13798 0.00830798
862.857 5.24337 0.0689019 2.13731 0.00809903
863.602 5.23928 0.0676448 2.13671 0.00792665
864.347 5.2388 0.0686184 2.13667 0.0080818
865.093 5.23832 0.0695906 2.13662 0.00823675
865.838 5.23793 0.065158 2.13657 0.00757336
866.583 5.23749 0.0607347 2.13651 0.00691129
867.329 5.23851 0.0625457 2.13669 0.00718923
868.074 5.23967 0.0649961 2.1369 0.00756348
868.82 5.23745 0.0654248 2.13658 0.00764058
869.565 5.2345 0.065403 2.13616 0.0076514
870.31 5.2321 0.0657387 2.13581 0.00771495
871.056 5.2299 0.0662022 2.1355 0.00779736
871.801 5.22704 0.0654702 2.13509 0.00770015
872.546 5.22382 0.0640875 2.13462 0.0075049
873.292 5.22084 0.0627728 2.13418 0.00731907
874.037 5.21803 0.0615136 2.13377 0.00714094
874.782 5.21687 0.0608201 2.13362 0.00704451
875.528 5.21757 0.0607574 2.13374 0.00703933
876.273 5.2175 0.0614035 2.13376 0.00714387
877.018 5.21617 0.0631893 2.13358 0.00742499
877.764 5.21488 0.0639019 2.13341 0.00754281
878.509 5.2137 0.0621071 2.13324 0.00727868
879.254 5.21245 0.0605664 2.13307 0.00705322
880 5.21096 0.0599301 2.13286 0.00696596
880.745 5.20984 0.0590966 2.13271 0.00684764
881.49 5.21117 0.056922 2.13293 0.00651903
882.236 5.21209 0.0549644 2.13308 0.00622453
882.981 5.20537 0.0574156 2.13208 0.00661981
883.726 5.19873 0.05978 2.1311 0.00700267
884.472 5.19435 0.0588961 2.13044 0.00688412
885.217 5.19009 0.0579263 2.12981 0.00675187
885.962 5.18864 0.0558251 2.1296 0.00643944
886.708 5.18753 0.053593 2.12945 0.00610593
887.453 5.18726 0.0524932 2.12942 0.00594384
888.198 5.18717 0.0516568 2.12943 0.00582158
888.944 5.18825 0.0512516 2.12961 0.0057628
889.689 5.18977 0.0510018 2.12986 0.00572687
890.434 5.18889 0.0520197 2.12975 0.00589025
891.18 5.18676 0.0536872 2.12945 0.00615599
891.925 5.18374 0.0537097 2.12901 0.00617185
892.67 5.1801 0.052569 2.12847 0.00601065
893.416 5.17636 0.0526103 2.12791 0.00603084
894.161 5.17252 0.0537704 2.12734 0.00622318
894.906 5.16868 0.0545467 2.12677 0.00635675
895.652 5.16483 0.05484 2.1262 0.00641619
896.397 5.16188 0.0561434 2.12577 0.00662919
897.142 5.16044 0.0592327 2.12557 0.00711395
897.888 5.16 0.0602643 2.12553 0.00727944
898.633 5.16198 0.0562721 2.12584 0.00666501
899.378 5.16354 0.0541722 2.1261 0.00634337
900.124 5.16363 0.0589162 2.12614 0.00707908
900.869 5.16362 0.0620414 2.12617 0.00756578
901.614 5.16324 0.0560504 2.12611 0.00664936
902.36 5.16265 0.0505006 2.12603 0.00580108
903.105 5.16077 0.0496091 2.12575 0.00567299
903.85 5.15885 0.0487372 2.12548 0.00554785
904.596 5.15473 0.0485312 2.12486 0.0055299
905.341 5.15065 0.0483268 2.12425 0.00551204
906.086 5.14856 0.0477234 2.12394 0.00542832
906.832 5.14657 0.0471056 2.12365 0.00534203
907.577 5.14235 0.0480705 2.12302 0.0055051
908.322 5.13789 0.0492055 2.12235 0.00569524
909.068 5.13694 0.048994 2.12222 0.00566957
909.813 5.13673 0.0485018 2.1222 0.00559882
910.558 5.13656 0.046761 2.12219 0.00533448
911.304 5.13639 0.0446355 2.12218 0.00501045
912.049 5.13625 0.0467746 2.12218 0.00534723
912.794 5.13608 0.0507109 2.12218 0.0059626
913.54 5.13558 0.0522109 2.12212 0.00620118
914.285 5.13491 0.0523668 2.12204 0.0062318
915.03 5.1337 0.0511337 2.12187 0.00604822
915.776 5.13211 0.0489378 2.12163 0.00571595
916.521 5.12945 0.0479433 2.12124 0.00557206
917.266 5.12587 0.0479976 2.1207 0.00559274
918.012 5.12211 0.0488263 2.12013 0.00573423
918.757 5.11813 0.0504833 2.11953 0.00600523
919.502 5.11505 0.0521355 2.11908 0.00627394
920.248 5.11316 0.0538107 2.1188 0.00654385
920.993 5.11058 0.0540524 2.11842 0.00659217
921.738 5.10681 0.051901 2.11784 0.0062699
922.484 5.10441 0.0519089 2.11749 0.00628114
923.229 5.10489 0.0564763 2.11759 0.00699766
923.974 5.1056 0.058309 2.11772 0.00728672
924.72 5.10706 0.0526267 2.11795 0.00640154
925.465 5.10783 0.0472309 2.11808 0.00556288
926.21 5.10642 0.0430051 2.11787 0.00491102
926.956 5.1051 0.0392371 2.11767 0.00433001
927.701 5.10438 0.0374998 2.11757 0.00406465
928.446 5.1033 0.0367556 2.11742 0.00395485
929.192 5.0998 0.0426524 2.1169 0.00488687
929.937 5.09638 0.0479754 2.1164 0.00573036
930.682 5.09448 0.0482606 2.11612 0.00578345
931.428 5.09262 0.0483616 2.11584 0.00580766
932.173 5.09126 0.0443614 2.11564 0.00518868
932.918 5.08986 0.0404006 2.11543 0.00457553
933.664 5.08688 0.0434482 2.11498 0.00506303
934.409 5.0839 0.0464441 2.11454 0.00554303
935.154 5.07956 0.0440839 2.11387 0.00518569
935.9 5.07521 0.0415724 2.1132 0.00480391
936.645 5.07473 0.0424567 2.11314 0.00494815
937.39 5.07457 0.0436184 2.11313 0.00513541
938.136 5.07811 0.0439416 2.11371 0.00518377
938.881 5.08217 0.0441615 2.11436 0.00521486
939.626 5.0841 0.0469131 2.11469 0.00564714
940.372 5.08563 0.0501323 2.11495 0.00615325
941.117 5.08044 0.0484874 2.11415 0.00591036
941.862 5.07387 0.0458528 2.11312 0.00551409
942.608 5.07115 0.0438508 2.11271 0.00520885
943.353 5.06945 0.04202 2.11245 0.00492827
944.098 5.06668 0.048631 2.11205 0.00597864
944.844 5.06336 0.057797 2.11156 0.00743408
945.589 5.06493 0.0518905 2.11181 0.00650424
946.334 5.06805 0.0402419 2.1123 0.00466786
947.08 5.06624 0.0392691 2.11202 0.00452208
947.825 5.06244 0.042807 2.11145 0.00509062
948.57 5.06006 0.0450924 2.11109 0.00545968
949.316 5.05834 0.0467916 2.11084 0.00573529
950.061 5.05774 0.0501013 2.11077 0.00626292
950.806 5.05767 0.0542735 2.11078 0.0069256
951.552 5.05636 0.051058 2.11058 0.00642517
952.297 5.05421 0.043626 2.11025 0.00526019
953.042 5.05173 0.0467886 2.10988 0.00576873
953.788 5.04888 0.0565 2.10946 0.007314
954.533 5.05004 0.0504354 2.10965 0.00635678
955.278 5.05337 0.033385 2.11016 0.0036602
956.024 5.04987 0.0313417 2.10961 0.00334659
956.769 5.04177 0.0400844 2.10836 0.00474725
957.514 5.03865 0.04189 2.10789 0.00504295
958.26 5.03938 0.0385345 2.10801 0.00451386
959.005 5.04044 0.0358 2.10819 0.00408275
959.75 5.04178 0.0335682 2.10842 0.00373098
960.496 5.04081 0.0393898 2.10829 0.00465871
961.241 5.03748 0.0519543 2.1078 0.00666044
961.986 5.03737 0.0572034 2.10781 0.00749687
962.732 5.04045 0.0560849 2.10831 0.00731644
963.477 5.04136 0.054899 2.10846 0.00713042
964.222 5.04028 0.0536735 2.10831 0.00694261
964.968 5.0405 0.0494651 2.10835 0.00627918
965.713 5.04181 0.0424169 2.10855 0.00516371
966.458 5.03993 0.040898 2.10827 0.00493027
967.204 5.03516 0.0445843 2.10753 0.00552756
967.949 5.02933 0.0481134 2.10663 0.00610318
968.694 5.02255 0.0514539 2.10557 0.00665223
969.44 5.02034 0.0509262 2.10524 0.0065768
970.185 5.02239 0.0467653 2.10557 0.00591426
970.93 5.01937 0.0448995 2.1051 0.00562702
971.676 5.01172 0.0452254 2.10389 0.00569754
972.421 5.00736 0.043614 2.10321 0.00545254
973.166 5.00593 0.0402397 2.10299 0.00492021
973.912 5.0059 0.0389023 2.103 0.00471041
974.657 5.00716 0.0393993 2.10321 0.00479123
975.402 5.00827 0.0396006 2.10341 0.00482507
976.148 5.00926 0.0395385 2.10358 0.00481707
976.893 5.00913 0.0394563 2.10357 0.00480783
977.638 5.00806 0.0393577 2.10341 0.0047976
978.384 5.00755 0.0386117 2.10334 0.004683
979.129 5.00748 0.0373448 2.10335 0.00448445
979.874 5.00817 0.0374696 2.10347 0.00450681
980.62 5.00943 0.0386584 2.10369 0.00469801
981.365 5.00494 0.0400309 2.10299 0.00492855
982.11 4.99654 0.0414524 2.10166 0.0051744
982.856 4.99185 0.0431324 2.10093 0.00545558
983.601 4.98949 0.0450002 2.10057 0.0057629
984.346 4.98565 0.0443328 2.09996 0.00566679
985.092 4.98096 0.0422044 2.09922 0.0053375
985.837 4.9794 0.038643 2.09898 0.00477179
986.583 4.97946 0.034276 2.09899 0.00407366
987.328 4.97934 0.0345124 2.09899 0.00411527
988.073 4.97913 0.0369922 2.09897 0.00451742
988.818 4.98054 0.0403264 2.09922 0.00505402
989.564 4.98264 0.0440777 2.09957 0.00565602
990.309 4.98412 0.0471336 2.09983 0.00614715
991.055 4.98536 0.0499406 2.10005 0.00659855
991.8 4.98511 0.0472065 2.10002 0.00616376
992.545 4.98433 0.0427474 2.0999 0.00545301
993.291 4.98455 0.04253 2.09995 0.0054211
994.036 4.98505 0.0434068 2.10004 0.00556431
994.781 4.98517 0.0428623 2.10007 0.00548008
995.527 4.98521 0.0420281 2.10009 0.00534949
996.272 4.98396 0.040257 2.0999 0.00507077
997.017 4.98252 0.0383629 2.09968 0.00477244
997.763 4.97882 0.036376 2.09909 0.00446268
998.508 4.97494 0.0344272 2.09848 0.0041588
999.253 4.97699 0.0444621 2.09884 0.00577249
999.999 4.97895 0.0552579 2.09919 0.00750736
