# Z_nm	Fit_totale_conteggi	Gauss1_conteggi	Gauss2_conteggi
0.000000	3.841531	0.002658	3.838873
0.026742	3.900761	0.002841	3.897921
0.053485	3.960810	0.003036	3.957774
0.080227	4.021688	0.003244	4.018443
0.106969	4.083404	0.003466	4.079938
0.133712	4.145968	0.003702	4.142266
0.160454	4.209393	0.003954	4.205438
0.187197	4.273687	0.004223	4.269464
0.213939	4.338861	0.004509	4.334353
0.240681	4.404927	0.004813	4.400114
0.267424	4.471896	0.005137	4.466759
0.294166	4.539777	0.005482	4.534295
0.320908	4.608584	0.005850	4.602735
0.347651	4.678327	0.006240	4.672087
0.374393	4.749018	0.006656	4.742361
0.401136	4.820668	0.007099	4.813569
0.427878	4.893290	0.007570	4.885720
0.454620	4.966895	0.008070	4.958825
0.481363	5.041497	0.008603	5.032894
0.508105	5.117106	0.009169	5.107938
0.534847	5.193737	0.009770	5.183967
0.561590	5.271402	0.010410	5.260992
0.588332	5.350113	0.011089	5.339024
0.615074	5.429885	0.011811	5.418074
0.641817	5.510730	0.012578	5.498152
0.668559	5.592663	0.013393	5.579271
0.695302	5.675698	0.014258	5.661440
0.722044	5.759848	0.015176	5.744671
0.748786	5.845127	0.016151	5.828976
0.775529	5.931552	0.017186	5.914366
0.802271	6.019136	0.018284	6.000852
0.829013	6.107895	0.019449	6.088446
0.855756	6.197844	0.020685	6.177159
0.882498	6.288999	0.021996	6.267003
0.909241	6.381377	0.023386	6.357991
0.935983	6.474993	0.024860	6.450133
0.962725	6.569865	0.026423	6.543442
0.989468	6.666009	0.028079	6.637929
1.016210	6.763442	0.029835	6.733608
1.042952	6.862184	0.031695	6.830490
1.069695	6.962252	0.033665	6.928587
1.096437	7.063664	0.035752	7.027911
1.123179	7.166439	0.037963	7.128476
1.149922	7.270597	0.040303	7.230294
1.176664	7.376158	0.042781	7.333377
1.203407	7.483142	0.045404	7.437738
1.230149	7.591570	0.048180	7.543390
1.256891	7.701463	0.051118	7.650346
1.283634	7.812843	0.054225	7.758618
1.310376	7.925732	0.057513	7.868219
1.337118	8.040153	0.060989	7.979164
1.363861	8.156130	0.064666	8.091464
1.390603	8.273686	0.068553	8.205133
1.417346	8.392846	0.072661	8.320185
1.444088	8.513637	0.077004	8.436633
1.470830	8.636082	0.081593	8.554490
1.497573	8.760211	0.086441	8.673770
1.524315	8.886049	0.091562	8.794486
1.551057	9.013625	0.096971	8.916653
1.577800	9.142968	0.102684	9.040284
1.604542	9.274108	0.108714	9.165393
1.631284	9.407075	0.115081	9.291994
1.658027	9.541902	0.121801	9.420101
1.684769	9.678620	0.128892	9.549728
1.711512	9.817263	0.136373	9.680890
1.738254	9.957866	0.144266	9.813600
1.764996	10.100464	0.152591	9.947873
1.791739	10.245093	0.161370	10.083723
1.818481	10.391791	0.170626	10.221165
1.845223	10.540598	0.180384	10.360214
1.871966	10.691553	0.190669	10.500883
1.898708	10.844697	0.201508	10.643189
1.925451	11.000073	0.212929	10.787145
1.952193	11.157726	0.224960	10.932766
1.978935	11.317701	0.237633	11.080068
2.005678	11.480043	0.250979	11.229065
2.032420	11.644803	0.265031	11.379772
2.059162	11.812030	0.279825	11.532205
2.085905	11.981775	0.295397	11.686378
2.112647	12.154093	0.311785	11.842308
2.139389	12.329038	0.329029	12.000009
2.166132	12.506666	0.347170	12.159497
2.192874	12.687038	0.366251	12.320787
2.219617	12.870214	0.386320	12.483894
2.246359	13.056257	0.407421	12.648836
2.273101	13.245231	0.429606	12.815626
2.299844	13.437205	0.452925	12.984281
2.326586	13.632248	0.477432	13.154816
2.353328	13.830432	0.503184	13.327248
2.380071	14.031832	0.530239	13.501592
2.406813	14.236523	0.558659	13.677865
2.433556	14.444587	0.588506	13.856082
2.460298	14.656106	0.619847	14.036259
2.487040	14.871164	0.652751	14.218413
2.513783	15.089850	0.687291	14.402560
2.540525	15.312256	0.723540	14.588715
2.567267	15.538475	0.761579	14.776897
2.594010	15.768606	0.801487	14.967119
2.620752	16.002750	0.843350	15.159400
2.647494	16.241011	0.887255	15.353756
2.674237	16.483498	0.933295	15.550202
2.700979	16.730322	0.981565	15.748757
2.727722	16.981600	1.032164	15.949435
2.754464	17.237451	1.085196	16.152255
2.781206	17.497999	1.140767	16.357232
2.807949	17.763374	1.198990	16.564384
2.834691	18.033706	1.259979	16.773727
2.861433	18.309135	1.323857	16.985278
2.888176	18.589802	1.390748	17.199054
2.914918	18.875853	1.460781	17.415072
2.941661	19.167441	1.534093	17.633348
2.968403	19.464723	1.610822	17.853901
2.995145	19.767861	1.691115	18.076746
3.021888	20.077024	1.775123	18.301901
3.048630	20.392385	1.863002	18.529383
3.075372	20.714124	1.954914	18.759210
3.102115	21.042426	2.051029	18.991397
3.128857	21.377483	2.151520	19.225963
3.155599	21.719494	2.256569	19.462925
3.182342	22.068663	2.366363	19.702299
3.209084	22.425202	2.481098	19.944104
3.235827	22.789329	2.600973	20.188356
3.262569	23.161272	2.726198	20.435073
3.289311	23.541262	2.856990	20.684272
3.316054	23.929541	2.993570	20.935971
3.342796	24.326358	3.136172	21.190186
3.369538	24.731970	3.285034	21.446936
3.396281	25.146642	3.440404	21.706237
3.423023	25.570647	3.602539	21.968108
3.449766	26.004267	3.771703	22.232564
3.476508	26.447795	3.948170	22.499625
3.503250	26.901531	4.132224	22.769307
3.529993	27.365784	4.324157	23.041627
3.556735	27.840875	4.524271	23.316604
3.583477	28.327134	4.732879	23.594254
3.610220	28.824899	4.950304	23.874596
3.636962	29.334522	5.176877	24.157645
3.663705	29.856363	5.412942	24.443421
3.690447	30.390795	5.658855	24.731940
3.717189	30.938201	5.914981	25.023220
3.743932	31.498976	6.181697	25.317279
3.770674	32.073525	6.459393	25.614132
3.797416	32.662268	6.748469	25.913799
3.824159	33.265636	7.049340	26.216297
3.850901	33.884072	7.362430	26.521642
3.877643	34.518032	7.688180	26.829852
3.904386	35.167986	8.027042	27.140944
3.931128	35.834417	8.379480	27.454936
3.957871	36.517821	8.745975	27.771845
3.984613	37.218709	9.127020	28.091689
4.011355	37.937606	9.523122	28.414484
4.038098	38.675051	9.934804	28.740247
4.064840	39.431599	10.362603	29.068997
4.091582	40.207820	10.807071	29.400749
4.118325	41.004297	11.268776	29.735521
4.145067	41.821632	11.748302	30.073330
4.171810	42.660441	12.246248	30.414193
4.198552	43.521357	12.763229	30.758127
4.225294	44.405029	13.299880	31.105149
4.252037	45.312124	13.856848	31.455276
4.278779	46.243325	14.434800	31.808524
4.305521	47.199332	15.034421	32.164911
4.332264	48.180864	15.656412	32.524452
4.359006	49.188658	16.301492	32.887165
4.385748	50.223467	16.970401	33.253067
4.412491	51.286065	17.663893	33.622172
4.439233	52.377243	18.382744	33.994500
4.465976	53.497813	19.127749	34.370064
4.492718	54.648603	19.899720	34.748883
4.519460	55.830463	20.699492	35.130971
4.546203	57.044262	21.527917	35.516346
4.572945	58.290889	22.385867	35.905023
4.599687	59.571253	23.274235	36.297018
4.626430	60.886283	24.193936	36.692347
4.653172	62.236929	25.145903	37.091027
4.679915	63.624162	26.131090	37.493072
4.706657	65.048974	27.150475	37.898499
4.733399	66.512376	28.205054	38.307322
4.760142	68.015403	29.295845	38.719559
4.786884	69.559111	30.423889	39.135223
4.813626	71.144576	31.590247	39.554330
4.840369	72.772897	32.796002	39.976895
4.867111	74.445194	34.042261	40.402934
4.893853	76.162610	35.330150	40.832460
4.920596	77.926309	36.660819	41.265490
4.947338	79.737478	38.035440	41.702038
4.974081	81.597325	39.455207	42.142118
5.000823	83.507081	40.921336	42.585745
5.027565	85.467999	42.435066	43.032934
5.054308	87.481354	43.997657	43.483697
5.081050	89.548445	45.610394	43.938051
5.107792	91.670589	47.274581	44.396007
5.134535	93.849129	48.991548	44.857582
5.161277	96.085430	50.762643	45.322787
5.188020	98.380876	52.589239	45.791637
5.214762	100.736876	54.472731	46.264145
5.241504	103.154859	56.414534	46.740324
5.268247	105.636275	58.416087	47.220188
5.294989	108.182599	60.478850	47.703749
5.321731	110.795322	62.604301	48.191020
5.348474	113.475960	64.793945	48.682015
5.375216	116.226048	67.049304	49.176744
5.401958	119.047143	69.371921	49.675222
5.428701	121.940819	71.763360	50.177459
5.455443	124.908674	74.225205	50.683468
5.482186	127.952322	76.759060	51.193261
5.508928	131.073397	79.366547	51.706850
5.535670	134.273553	82.049308	52.224245
5.562413	137.554462	84.809003	52.745458
5.589155	140.917811	87.647310	53.270501
5.615897	144.365308	90.565924	53.799384
5.642640	147.898675	93.566557	54.332118
5.669382	151.519652	96.650938	54.868713
5.696125	155.229993	99.820812	55.409181
5.722867	159.031468	103.077938	55.953530
5.749609	162.925860	106.424089	56.501771
5.776352	166.914967	109.861053	57.053914
5.803094	171.000600	113.390632	57.609968
5.829836	175.184579	117.014637	58.169942
5.856579	179.468739	120.734893	58.733847
5.883321	183.854924	124.553235	59.301690
5.910063	188.344986	128.471507	59.873480
5.936806	192.940788	132.491563	60.449225
5.963548	197.644199	136.615264	61.028935
5.990291	202.457096	140.844479	61.612617
6.017033	207.381359	145.181082	62.200278
6.043775	212.418877	149.626951	62.791926
6.070518	217.571538	154.183969	63.387569
6.097260	222.841235	158.854021	63.987214
6.124002	228.229862	163.638995	64.590866
6.150745	233.739312	168.540778	65.198534
6.177487	239.371478	173.561255	65.810223
6.204230	245.128249	178.702310	66.425939
6.230972	251.011512	183.965823	67.045689
6.257714	257.023148	189.353671	67.669477
6.284457	263.165030	194.867722	68.297309
6.311199	269.439027	200.509837	68.929189
6.337941	275.846994	206.281870	69.565124
6.364684	282.390778	212.185661	70.205117
6.391426	289.072212	218.223040	70.849172
6.418168	295.893117	224.395824	71.497293
6.444911	302.855297	230.705813	72.149484
6.471653	309.960539	237.154790	72.805749
6.498396	317.210611	243.744522	73.466090
6.525138	324.607262	250.476752	74.130510
6.551880	332.152217	257.353205	74.799011
6.578623	339.847177	264.375580	75.471597
6.605365	347.693819	271.545551	76.148268
6.632107	355.693792	278.864765	76.829027
6.658850	363.848714	286.334840	77.513874
6.685592	372.160174	293.957362	78.202812
6.712335	380.629726	301.733887	78.895839
6.739077	389.258891	309.665934	79.592957
6.765819	398.049151	317.754985	80.294166
6.792562	407.001952	326.002486	80.999466
6.819304	416.118697	334.409841	81.708856
6.846046	425.400746	342.978412	82.422334
6.872789	434.849416	351.709516	83.139901
6.899531	444.465977	360.604424	83.861554
6.926273	454.251649	369.664358	84.587291
6.953016	464.207602	378.890491	85.317110
6.979758	474.334953	388.283943	86.051010
7.006501	484.634764	397.845779	86.788986
7.033243	495.108042	407.577007	87.531035
7.059985	505.755732	417.478577	88.277155
7.086728	516.578719	427.551379	89.027340
7.113470	527.577827	437.796239	89.781588
7.140212	538.753811	448.213919	90.539892
7.166955	550.107363	458.805114	91.302249
7.193697	561.639102	469.570449	92.068653
7.220440	573.349579	480.510481	92.839098
7.247182	585.239268	491.625690	93.613578
7.273924	597.308572	502.916485	94.392086
7.300667	609.557813	514.383196	95.174617
7.327409	621.987235	526.026073	95.961163
7.354151	634.597002	537.845286	96.751715
7.380894	647.387192	549.840924	97.546267
7.407636	660.357800	562.012989	98.344811
7.434378	673.508733	574.361397	99.147336
7.461121	686.839810	586.885975	99.953835
7.487863	700.350759	599.586460	100.764299
7.514606	714.041213	612.462498	101.578716
7.541348	727.910715	625.513638	102.397077
7.568090	741.958708	638.739336	103.219372
7.594833	756.184540	652.138951	104.045590
7.621575	770.587459	665.711740	104.875718
7.648317	785.166609	679.456863	105.709747
7.675060	799.921037	693.373375	106.547662
7.701802	814.849681	707.460229	107.389452
7.728545	829.951378	721.716273	108.235104
7.755287	845.224853	736.140248	109.084605
7.782029	860.668727	750.730787	109.937940
7.808772	876.281511	765.486415	110.795096
7.835514	892.061604	780.405546	111.656058
7.862256	908.007293	795.486482	112.520811
7.888999	924.116755	810.727415	113.389340
7.915741	940.388050	826.126421	114.261629
7.942483	956.819125	841.681464	115.137661
7.969226	973.407811	857.390390	116.017421
7.995968	990.151823	873.250933	116.900890
8.022711	1007.048760	889.260707	117.788053
8.049453	1024.096101	905.417211	118.678890
8.076195	1041.291208	921.717825	119.573383
8.102938	1058.631326	938.159811	120.471515
8.129680	1076.113579	954.740314	121.373265
8.156422	1093.734973	971.456360	122.278614
8.183165	1111.492395	988.304853	123.187542
8.209907	1129.382612	1005.282583	124.100029
8.236650	1147.402272	1022.386218	125.016054
8.263392	1165.547904	1039.612308	125.935595
8.290134	1183.815917	1056.957286	126.858632
8.316877	1202.202604	1074.417464	127.785141
8.343619	1220.704138	1091.989038	128.715100
8.370361	1239.316575	1109.668088	129.648487
8.397104	1258.035852	1127.450575	130.585277
8.423846	1276.857794	1145.332346	131.525448
8.450588	1295.778107	1163.309134	132.468974
8.477331	1314.792385	1181.376554	133.415831
8.504073	1333.896107	1199.530114	134.365994
8.530816	1353.084641	1217.765204	135.319437
8.557558	1372.353244	1236.077110	136.276134
8.584300	1391.697064	1254.461004	137.236059
8.611043	1411.111139	1272.911954	138.199185
8.637785	1430.590403	1291.424919	139.165484
8.664527	1450.129686	1309.994757	140.134929
8.691270	1469.723713	1328.616221	141.107492
8.718012	1489.367110	1347.283967	142.083143
8.744755	1509.054404	1365.992550	143.061854
8.771497	1528.780025	1384.736429	144.043595
8.798239	1548.538309	1403.509972	145.028337
8.824982	1568.323500	1422.307452	146.016048
8.851724	1588.129754	1441.123055	147.006698
8.878466	1607.951139	1459.950882	148.000256
8.905209	1627.781639	1478.784948	148.996690
8.931951	1647.615157	1497.619189	149.995968
8.958693	1667.445519	1516.447462	150.998057
8.985436	1687.266474	1535.263550	152.002924
9.012178	1707.071700	1554.061164	153.010536
9.038921	1726.854805	1572.833946	154.020859
9.065663	1746.609332	1591.575474	155.033858
9.092405	1766.328762	1610.279264	156.049499
9.119148	1786.006518	1628.938772	157.067746
9.145890	1805.635966	1647.547402	158.088564
9.172632	1825.210422	1666.098505	159.111917
9.199375	1844.723154	1684.585385	160.137769
9.226117	1864.167386	1703.001304	161.166081
9.252860	1883.536301	1721.339483	162.196818
9.279602	1902.823049	1739.593107	163.229941
9.306344	1922.020744	1757.755332	164.265412
9.333087	1941.122476	1775.819283	165.303193
9.359829	1960.121310	1793.778066	166.343244
9.386571	1979.010290	1811.624764	167.385526
9.413314	1997.782448	1829.352449	168.429998
9.440056	2016.430803	1846.954181	169.476622
9.466798	2034.948369	1864.423013	170.525355
9.493541	2053.328157	1881.752000	171.576157
9.520283	2071.563183	1898.934197	172.628986
9.547026	2089.646469	1915.962668	173.683801
9.573768	2107.571048	1932.830489	174.740558
9.600510	2125.329971	1949.530755	175.799216
9.627253	2142.916309	1966.056579	176.859730
9.653995	2160.323161	1982.401103	177.922057
9.680737	2177.543653	1998.557499	178.986154
9.707480	2194.570950	2014.518975	180.051975
9.734222	2211.398255	2030.278778	181.119477
9.760965	2228.018815	2045.830202	182.188613
9.787707	2244.425928	2061.166591	183.259338
9.814449	2260.612946	2076.281340	184.331606
9.841192	2276.573279	2091.167908	185.405371
9.867934	2292.300401	2105.819815	186.480586
9.894676	2307.787853	2120.230649	187.557204
9.921419	2323.029252	2134.394074	188.635177
9.948161	2338.018288	2148.303830	189.714458
9.974904	2352.748737	2161.953740	190.794998
10.001646	2367.214460	2175.337712	191.876748
10.028388	2381.409409	2188.449750	192.959659
10.055131	2395.327632	2201.283950	194.043682
10.081873	2408.963277	2213.834509	195.128768
10.108615	2422.310596	2226.095731	196.214865
10.135358	2435.363951	2238.062027	197.301924
10.162100	2448.117815	2249.727921	198.389894
10.188842	2460.566780	2261.088057	199.478723
10.215585	2472.705558	2272.137197	200.568361
10.242327	2484.528987	2282.870233	201.658754
10.269070	2496.032033	2293.282182	202.749851
10.295812	2507.209796	2303.368197	203.841600
10.322554	2518.057514	2313.123567	204.933947
10.349297	2528.570563	2322.543724	206.026838
10.376039	2538.744464	2331.624242	207.120222
10.402781	2548.574886	2340.360843	208.214043
10.429524	2558.057649	2348.749401	209.308248
10.456266	2567.188726	2356.785944	210.402782
10.483009	2575.964248	2364.466658	211.497590
10.509751	2584.380507	2371.787890	212.592617
10.536493	2592.433956	2378.746149	213.687807
10.563236	2600.121216	2385.338111	214.783105
10.589978	2607.439076	2391.560621	215.878455
10.616720	2614.384496	2397.410695	216.973801
10.643463	2620.954609	2402.885524	218.069085
10.670205	2627.146725	2407.982473	219.164252
10.696947	2632.958331	2412.699088	220.259243
10.723690	2638.387094	2417.033092	221.354001
10.750432	2643.430862	2420.982392	222.448469
10.777175	2648.087668	2424.545079	223.542589
10.803917	2652.355728	2427.719426	224.636302
10.830659	2656.233447	2430.503896	225.729551
10.857402	2659.719414	2432.897139	226.822275
10.884144	2662.812410	2434.897994	227.914417
10.910886	2665.511404	2436.505487	229.005916
10.937629	2667.815554	2437.718840	230.096715
10.964371	2669.724212	2438.537461	231.186752
10.991114	2671.236921	2438.960953	232.275968
11.017856	2672.353412	2438.989110	233.364303
11.044598	2673.073614	2438.621918	234.451696
11.071341	2673.397643	2437.859556	235.538087
11.098083	2673.325810	2436.702394	236.623416
11.124825	2672.858616	2435.150996	237.707620
11.151568	2671.996754	2433.206114	238.790640
11.178310	2670.741106	2430.868693	239.872414
11.205052	2669.092747	2428.139868	240.952879
11.231795	2667.052937	2425.020962	242.031976
11.258537	2664.623127	2421.513486	243.109641
11.285280	2661.804952	2417.619140	244.185812
11.312022	2658.600235	2413.339806	245.260428
11.338764	2655.010979	2408.677553	246.333426
11.365507	2651.039373	2403.634629	247.404744
11.392249	2646.687785	2398.213466	248.474319
11.418991	2641.958759	2392.416671	249.542088
11.445734	2636.855017	2386.247029	250.607988
11.472476	2631.379457	2379.707500	251.671957
11.499219	2625.535145	2372.801215	252.733930
11.525961	2619.325319	2365.531473	253.793846
11.552703	2612.753381	2357.901741	254.851640
11.579446	2605.822899	2349.915650	255.907249
11.606188	2598.537601	2341.576991	256.960610
11.632930	2590.901372	2332.889714	258.011658
11.659673	2582.918254	2323.857924	259.060330
11.686415	2574.592439	2314.485875	260.106563
11.713157	2565.928267	2304.777974	261.150293
11.739900	2556.930223	2294.738769	262.191454
11.766642	2547.602935	2284.372950	263.229985
11.793385	2537.951166	2273.685347	264.265819
11.820127	2527.979815	2262.680921	265.298894
11.846869	2517.693909	2251.364764	266.329146
11.873612	2507.098604	2239.742095	267.356509
11.900354	2496.199174	2227.818254	268.380920
11.927096	2485.001016	2215.598700	269.402315
11.953839	2473.509636	2203.089006	270.420630
11.980581	2461.730653	2190.294854	271.435799
12.007324	2449.669791	2177.222031	272.447760
12.034066	2437.332874	2163.876426	273.456447
12.060808	2424.725823	2150.264025	274.461798
12.087551	2411.854650	2136.390904	275.463746
12.114293	2398.725459	2122.263229	276.462229
12.141035	2385.344431	2107.887248	277.457182
12.167778	2371.717830	2093.269288	278.448542
12.194520	2357.851993	2078.415750	279.436243
12.221262	2343.753325	2063.333102	280.420223
12.248005	2329.428297	2048.027881	281.400417
12.274747	2314.883440	2032.506679	282.376761
12.301490	2300.125339	2016.776147	283.349192
12.328232	2285.160631	2000.842985	284.317646
12.354974	2269.995997	1984.713938	285.282060
12.381717	2254.638162	1968.395793	286.242369
12.408459	2239.093884	1951.895373	287.198511
12.435201	2223.369956	1935.219534	288.150422
12.461944	2207.473195	1918.375156	289.098039
12.488686	2191.410444	1901.369144	290.041300
12.515429	2175.188560	1884.208419	290.980140
12.542171	2158.814415	1866.899916	291.914498
12.568913	2142.294890	1849.450578	292.844311
12.595656	2125.636868	1831.867352	293.769516
12.622398	2108.847234	1814.157182	294.690052
12.649140	2091.932866	1796.327012	295.605855
12.675883	2074.900634	1778.383771	296.516864
12.702625	2057.757394	1760.334377	297.423017
12.729367	2040.509982	1742.185729	298.324252
12.756110	2023.165214	1723.944705	299.220509
12.782852	2005.729878	1705.618152	300.111726
12.809595	1988.210732	1687.212891	300.997841
12.836337	1970.614500	1668.735705	301.878795
12.863079	1952.947865	1650.193340	302.754526
12.889822	1935.217470	1631.592496	303.624974
12.916564	1917.429910	1612.939831	304.490079
12.943306	1899.591729	1594.241947	305.349782
12.970049	1881.709419	1575.505397	306.204022
12.996791	1863.789413	1556.736673	307.052740
13.023534	1845.838083	1537.942206	307.895877
13.050276	1827.861739	1519.128363	308.733375
13.077018	1809.866619	1500.301445	309.565175
13.103761	1791.858894	1481.467677	310.391218
13.130503	1773.844659	1462.633214	311.211446
13.157245	1755.829933	1443.804131	312.025802
13.183988	1737.820652	1424.986424	312.834229
13.210730	1719.822673	1406.186005	313.636668
13.237472	1701.841766	1387.408701	314.433065
13.264215	1683.883612	1368.660251	315.223361
13.290957	1665.953802	1349.946300	316.007502
13.317700	1648.057834	1331.272403	316.785431
13.344442	1630.201110	1312.644018	317.557092
13.371184	1612.388936	1294.066504	318.322432
13.397927	1594.626516	1275.545122	319.081394
13.424669	1576.918954	1257.085029	319.833925
13.451411	1559.271251	1238.691280	320.579971
13.478154	1541.688302	1220.368824	321.319477
13.504896	1524.174894	1202.122502	322.052392
13.531639	1506.735707	1183.957046	322.778661
13.558381	1489.375313	1165.877079	323.498233
13.585123	1472.098168	1147.887113	324.211056
13.611866	1454.908622	1129.991544	324.917077
13.638608	1437.810906	1112.194660	325.616246
13.665350	1420.809139	1094.500628	326.308512
13.692093	1403.907327	1076.913503	326.993824
13.718835	1387.109356	1059.437224	327.672132
13.745577	1370.418998	1042.075610	328.343387
13.772320	1353.839907	1024.832366	329.007540
13.799062	1337.375619	1007.711076	329.664543
13.825805	1321.029553	990.715207	330.314346
13.852547	1304.805010	973.848107	330.956903
13.879289	1288.705171	957.113006	331.592165
13.906032	1272.733100	940.513013	332.220088
13.932774	1256.891742	924.051120	332.840623
13.959516	1241.183925	907.730200	333.453725
13.986259	1225.612357	891.553008	334.059349
14.013001	1210.179629	875.522179	334.657451
14.039744	1194.888217	859.640232	335.247985
14.066486	1179.740477	843.909569	335.830908
14.093228	1164.738651	828.332475	336.406176
14.119971	1149.884865	812.911117	336.973748
14.146713	1135.181130	797.647549	337.533580
14.173455	1120.629343	782.543711	338.085631
14.200198	1106.231288	767.601428	338.629860
14.226940	1091.988639	752.822413	339.166226
14.253682	1077.902956	738.208267	339.694689
14.280425	1063.975691	723.760482	340.215209
14.307167	1050.208188	709.480440	340.727747
14.333910	1036.601681	695.369415	341.232266
14.360652	1023.157300	681.428574	341.728726
14.387394	1009.876071	667.658980	342.217091
14.414137	996.758915	654.061591	342.697324
14.440879	983.806652	640.637264	343.169389
14.467621	971.020002	627.386753	343.633249
14.494364	958.399586	614.310714	344.088871
14.521106	945.945927	601.409707	344.536220
14.547849	933.659455	588.684194	344.975262
14.574591	921.540505	576.134543	345.405963
14.601333	909.589321	563.761030	345.828291
14.628076	897.806055	551.563841	346.242214
14.654818	886.190773	539.543072	346.647701
14.681560	874.743454	527.698733	347.044721
14.708303	863.463992	516.030749	347.433243
14.735045	852.352199	504.538961	347.813239
14.761787	841.407807	493.223128	348.184679
14.788530	830.630467	482.082933	348.547534
14.815272	820.019756	471.117978	348.901778
14.842015	809.575175	460.327792	349.247383
14.868757	799.296154	449.711831	349.584323
14.895499	789.182050	439.269478	349.912573
14.922242	779.232153	429.000047	350.232106
14.948984	769.445687	418.902788	350.542899
14.975726	759.821809	408.976882	350.844927
15.002469	750.359617	399.221448	351.138169
15.029211	741.058147	389.635546	351.422601
15.055954	731.916376	380.218175	351.698201
15.082696	722.933226	370.968277	351.964948
15.109438	714.107564	361.884741	352.222823
15.136181	705.438206	352.966402	352.471804
15.162923	696.923917	344.212043	352.711874
15.189665	688.563415	335.620402	352.943013
15.216408	680.355371	327.190167	353.165203
15.243150	672.298411	318.919982	353.378429
15.269892	664.391122	310.808450	353.582672
15.296635	656.632049	302.854131	353.777918
15.323377	649.019699	295.055547	353.964152
15.350120	641.552542	287.411183	354.141359
15.376862	634.229016	279.919491	354.309525
15.403604	627.047526	272.578888	354.468638
15.430347	620.006445	265.387760	354.618685
15.457089	613.104119	258.344465	354.759655
15.483831	606.338867	251.447331	354.891536
15.510574	599.708983	244.694663	355.014320
15.537316	593.212736	238.084741	355.127995
15.564059	586.848377	231.615823	355.232554
15.590801	580.614135	225.286147	355.327988
15.617543	574.508220	219.093930	355.414290
15.644286	568.528829	213.037375	355.491454
15.671028	562.674141	207.114669	355.559472
15.697770	556.942323	201.323982	355.618341
15.724513	551.331530	195.663475	355.668055
15.751255	545.839908	190.131297	355.708612
15.777997	540.465594	184.725588	355.740006
15.804740	535.206716	179.444479	355.762237
15.831482	530.061399	174.286097	355.775302
15.858225	525.027762	169.248561	355.779200
15.884967	520.103920	164.329988	355.773932
15.911709	515.287989	159.528492	355.759497
15.938452	510.578083	154.842186	355.735897
15.965194	505.972317	150.269183	355.703133
15.991936	501.468807	145.807598	355.661208
16.018679	497.065673	141.455548	355.610126
16.045421	492.761041	137.211152	355.549889
16.072164	488.553040	133.072536	355.480504
16.098906	484.439806	129.037832	355.401974
16.125648	480.419482	125.105176	355.314307
16.152391	476.490222	121.272713	355.217509
16.179133	472.650186	117.538599	355.111587
16.205875	468.897547	113.900997	354.996550
16.232618	465.230486	110.358080	354.872406
16.259360	461.647201	106.908035	354.739166
16.286103	458.145897	103.549058	354.596839
16.312845	454.724798	100.279361	354.445437
16.339587	451.382138	97.097168	354.284970
16.366330	448.116168	94.000716	354.115452
16.393072	444.925156	90.988260	353.936895
16.419814	441.807383	88.058069	353.749314
16.446557	438.761151	85.208428	353.552722
16.473299	435.784775	82.437639	353.347136
16.500041	432.876592	79.744022	353.132569
16.526784	430.034955	77.125915	352.909040
16.553526	427.258238	74.581672	352.676566
16.580269	424.544832	72.109669	352.435163
16.607011	421.893150	69.708298	352.184852
16.633753	419.301625	67.375975	351.925650
16.660496	416.768710	65.111131	351.657578
16.687238	414.292878	62.912221	351.380657
16.713980	411.872626	60.777718	351.094907
16.740723	409.506470	58.706118	350.800351
16.767465	407.192948	56.695937	350.497012
16.794208	404.930622	54.745711	350.184911
16.820950	402.718075	52.854001	349.864074
16.847692	400.553911	51.019387	349.534524
16.874435	398.436758	49.240471	349.196288
16.901177	396.365268	47.515878	348.849390
16.927919	394.338112	45.844254	348.493857
16.954662	392.353987	44.224270	348.129717
16.981404	390.411612	42.654615	347.756997
17.008146	388.509728	41.134003	347.375725
17.034889	386.647102	39.661170	346.985931
17.061631	384.822519	38.234875	346.587644
17.088374	383.034792	36.853897	346.180895
17.115116	381.282753	35.517040	345.765713
17.141858	379.565260	34.223128	345.342132
17.168601	377.881192	32.971009	344.910182
17.195343	376.229450	31.759553	344.469897
17.222085	374.608960	30.587650	344.021310
17.248828	373.018670	29.454215	343.564455
17.275570	371.457548	28.358182	343.099366
17.302313	369.924586	27.298508	342.626078
17.329055	368.418800	26.274172	342.144628
17.355797	366.939224	25.284174	341.655051
17.382540	365.484918	24.327534	341.157384
17.409282	364.054960	23.403295	340.651665
17.436024	362.648451	22.510520	340.137931
17.462767	361.264514	21.648292	339.616221
17.489509	359.902291	20.815716	339.086575
17.516251	358.560948	20.011916	338.549032
17.542994	357.239667	19.236036	338.003631
17.569736	355.937655	18.487240	337.450415
17.596479	354.654136	17.764713	336.889423
17.623221	353.388356	17.067657	336.320699
17.649963	352.139577	16.395294	335.744284
17.676706	350.907085	15.746865	335.160220
17.703448	349.690182	15.121630	334.568553
17.730190	348.488190	14.518866	333.969324
17.756933	347.300449	13.937869	333.362580
17.783675	346.126317	13.377954	332.748364
17.810418	344.965171	12.838449	332.126722
17.837160	343.816405	12.318705	331.497700
17.863902	342.679430	11.818086	330.861344
17.890645	341.553675	11.335974	330.217702
17.917387	340.438586	10.871766	329.566819
17.944129	339.333624	10.424878	328.908745
17.970872	338.238267	9.994739	328.243528
17.997614	337.152010	9.580795	327.571215
18.024356	336.074363	9.182506	326.891857
18.051099	335.004851	8.799348	326.205503
18.077841	333.943014	8.430811	325.512203
18.104584	332.888407	8.076400	324.812007
18.131326	331.840599	7.735634	324.104966
18.158068	330.799175	7.408044	323.391131
18.184811	329.763732	7.093177	322.670555
18.211553	328.733882	6.790593	321.943289
18.238295	327.709248	6.499862	321.209386
18.265038	326.689469	6.220570	320.468899
18.291780	325.674195	5.952314	319.721881
18.318523	324.663088	5.694703	318.968385
18.345265	323.655825	5.447358	318.208466
18.372007	322.652091	5.209912	317.442179
18.398750	321.651585	4.982008	316.669577
18.425492	320.654018	4.763302	315.890717
18.452234	319.659110	4.553458	315.105653
18.478977	318.666594	4.352153	314.314441
18.505719	317.676211	4.159073	313.517138
18.532461	316.687715	3.973915	312.713800
18.559204	315.700868	3.796385	311.904483
18.585946	314.715444	3.626198	311.089246
18.612689	313.731224	3.463078	310.268145
18.639431	312.747999	3.306760	309.441238
18.666173	311.765570	3.156987	308.608584
18.692916	310.783748	3.013508	307.770240
18.719658	309.802349	2.876084	306.926264
18.746400	308.821199	2.744482	306.076717
18.773143	307.840134	2.618477	305.221657
18.799885	306.858996	2.497853	304.361143
18.826628	305.877635	2.382399	303.495236
18.853370	304.895907	2.271913	302.623994
18.880112	303.913679	2.166200	301.747479
18.906855	302.930821	2.065071	300.865750
18.933597	301.947212	1.968343	299.978869
18.960339	300.962738	1.875843	299.086895
18.987082	299.977290	1.787400	298.189890
19.013824	298.990766	1.702850	297.287916
19.040566	298.003071	1.622037	296.381033
19.067309	297.014113	1.544809	295.469304
19.094051	296.023809	1.471020	294.552790
19.120794	295.032080	1.400528	293.631553
19.147536	294.038853	1.333197	292.705655
19.174278	293.044058	1.268898	291.775159
19.201021	292.047632	1.207505	290.840127
19.227763	291.049517	1.148895	289.900622
19.254505	290.049660	1.092953	288.956707
19.281248	289.048010	1.039567	288.008444
19.307990	288.044524	0.988628	287.055896
19.334733	287.039160	0.940032	286.099128
19.361475	286.031881	0.893680	285.138201
19.388217	285.022656	0.849477	284.173180
19.414960	284.011456	0.807328	283.204127
19.441702	282.998254	0.767147	282.231107
19.468444	281.983031	0.728847	281.254184
19.495187	280.965767	0.692347	280.273420
19.521929	279.946449	0.657569	279.288880
19.548671	278.925064	0.624436	278.300628
19.575414	277.901604	0.592877	277.308728
19.602156	276.876064	0.562821	276.313243
19.628899	275.848440	0.534202	275.314238
19.655641	274.818734	0.506957	274.311777
19.682383	273.786947	0.481023	273.305924
19.709126	272.753085	0.456342	272.296743
19.735868	271.717155	0.432857	271.284299
19.762610	270.679169	0.410514	270.268655
19.789353	269.639137	0.389261	269.249876
19.816095	268.597075	0.369048	268.228027
19.842838	267.552999	0.349829	267.203170
19.869580	266.506928	0.331557	266.175371
19.896322	265.458881	0.314188	265.144694
19.923065	264.408883	0.297680	264.111202
19.949807	263.356955	0.281995	263.074961
19.976549	262.303125	0.267092	262.036033
20.003292	261.247420	0.252936	260.994484
20.030034	260.189868	0.239492	259.950376
20.056776	259.130500	0.226725	258.903775
20.083519	258.069347	0.214604	257.854743
20.110261	257.006444	0.203099	256.803345
20.137004	255.941823	0.192179	255.749644
20.163746	254.875521	0.181816	254.693705
20.190488	253.807574	0.171985	253.635590
20.217231	252.738021	0.162658	252.575363
20.243973	251.666900	0.153813	251.513087
20.270715	250.594250	0.145425	250.448826
20.297458	249.520114	0.137472	249.382642
20.324200	248.444532	0.129933	248.314599
20.350943	247.367547	0.122787	247.244760
20.377685	246.289203	0.116016	246.173187
20.404427	245.209544	0.109600	245.099943
20.431170	244.128614	0.103523	244.025091
20.457912	243.046458	0.097766	242.948692
20.484654	241.963124	0.092315	241.870809
20.511397	240.878658	0.087153	240.791505
20.538139	239.793106	0.082267	239.710840
20.564881	238.706518	0.077642	238.628876
20.591624	237.618940	0.073265	237.545675
20.618366	236.530423	0.069124	236.461299
20.645109	235.441014	0.065206	235.375807
20.671851	234.350763	0.061501	234.289263
20.698593	233.259721	0.057996	233.201725
20.725336	232.167937	0.054682	232.113254
20.752078	231.075461	0.051550	231.023912
20.778820	229.982346	0.048589	229.933757
20.805563	228.888640	0.045790	228.842850
20.832305	227.794397	0.043146	227.751251
20.859048	226.699666	0.040648	226.659018
20.885790	225.604500	0.038288	225.566212
20.912532	224.508950	0.036059	224.472891
20.939275	223.413068	0.033955	223.379113
20.966017	222.316906	0.031968	222.284937
20.992759	221.220515	0.030093	221.190422
21.019502	220.123948	0.028323	220.095625
21.046244	219.027257	0.026653	219.000604
21.072986	217.930494	0.025077	217.905417
21.099729	216.833710	0.023591	216.810119
21.126471	215.736958	0.022189	215.714770
21.153214	214.640291	0.020867	214.619424
21.179956	213.543759	0.019620	213.524138
21.206698	212.447414	0.018446	212.428968
21.233441	211.351309	0.017338	211.333971
21.260183	210.255495	0.016295	210.239200
21.286925	209.160024	0.015311	209.144712
21.313668	208.064947	0.014385	208.050561
21.340410	206.970315	0.013513	206.956802
21.367153	205.876180	0.012691	205.863489
21.393895	204.782592	0.011918	204.770675
21.420637	203.689603	0.011190	203.678414
21.447380	202.597264	0.010504	202.586759
21.474122	201.505623	0.009859	201.495764
21.500864	200.414733	0.009252	200.405480
21.527607	199.324642	0.008681	199.315961
21.554349	198.235401	0.008144	198.227256
21.581091	197.147059	0.007639	197.139420
21.607834	196.059665	0.007164	196.052501
21.634576	194.973269	0.006718	194.966551
21.661319	193.887920	0.006298	193.881622
21.688061	192.803665	0.005904	192.797761
21.714803	191.720553	0.005533	191.715020
21.741546	190.638633	0.005185	190.633448
21.768288	189.557951	0.004858	189.553094
21.795030	188.478556	0.004551	188.474005
21.821773	187.400494	0.004262	187.396232
21.848515	186.323812	0.003991	186.319820
21.875258	185.248556	0.003737	185.244819
21.902000	184.174773	0.003499	184.171275
21.928742	183.102509	0.003275	183.099234
21.955485	182.031808	0.003065	182.028743
21.982227	180.962716	0.002868	180.959849
22.008969	179.895278	0.002683	179.892595
22.035712	178.829539	0.002510	178.827029
22.062454	177.765541	0.002347	177.763194
22.089196	176.703330	0.002195	176.701135
22.115939	175.642947	0.002052	175.640895
22.142681	174.584437	0.001918	174.582519
22.169424	173.527842	0.001793	173.526049
22.196166	172.473204	0.001675	172.471529
22.222908	171.420565	0.001565	171.419000
22.249651	170.369967	0.001462	170.368504
22.276393	169.321450	0.001366	169.320084
22.303135	168.275055	0.001276	168.273779
22.329878	167.230822	0.001191	167.229631
22.356620	166.188792	0.001112	166.187680
22.383363	165.149004	0.001038	165.147966
22.410105	164.111497	0.000969	164.110528
22.436847	163.076309	0.000904	163.075406
22.463590	162.043480	0.000843	162.042637
22.490332	161.013046	0.000787	161.012260
22.517074	159.985046	0.000734	159.984312
22.543817	158.959516	0.000684	158.958832
22.570559	157.936493	0.000638	157.935855
22.597302	156.916014	0.000595	156.915419
22.624044	155.898113	0.000554	155.897559
22.650786	154.882827	0.000517	154.882311
22.677529	153.870191	0.000481	153.869709
22.704271	152.860238	0.000448	152.859789
22.731013	151.853003	0.000418	151.852586
22.757756	150.848521	0.000389	150.848132
22.784498	149.846823	0.000362	149.846461
22.811240	148.847943	0.000337	148.847606
22.837983	147.851914	0.000314	147.851600
22.864725	146.858766	0.000292	146.858474
22.891468	145.868533	0.000272	145.868261
22.918210	144.881245	0.000253	144.880992
22.944952	143.896932	0.000235	143.896697
22.971695	142.915625	0.000219	142.915406
22.998437	141.937354	0.000204	141.937151
23.025179	140.962148	0.000189	140.961959
23.051922	139.990037	0.000176	139.989861
23.078664	139.021048	0.000164	139.020884
23.105407	138.055209	0.000152	138.055057
23.132149	137.092549	0.000141	137.092408
23.158891	136.133095	0.000131	136.132964
23.185634	135.176873	0.000122	135.176751
23.212376	134.223910	0.000113	134.223796
23.239118	133.274231	0.000105	133.274126
23.265861	132.327862	0.000098	132.327765
23.292603	131.384829	0.000091	131.384739
23.319345	130.445156	0.000084	130.445072
23.346088	129.508866	0.000078	129.508788
23.372830	128.575985	0.000072	128.575912
23.399573	127.646534	0.000067	127.646467
23.426315	126.720538	0.000062	126.720476
23.453057	125.798018	0.000058	125.797960
23.479800	124.878996	0.000054	124.878943
23.506542	123.963495	0.000050	123.963445
23.533284	123.051535	0.000046	123.051489
23.560027	122.143137	0.000043	122.143094
23.586769	121.238321	0.000040	121.238282
23.613512	120.337108	0.000037	120.337071
23.640254	119.439516	0.000034	119.439482
23.666996	118.545565	0.000031	118.545534
23.693739	117.655274	0.000029	117.655245
23.720481	116.768660	0.000027	116.768633
23.747223	115.885742	0.000025	115.885717
23.773966	115.006536	0.000023	115.006513
23.800708	114.131060	0.000021	114.131039
23.827450	113.259331	0.000020	113.259311
23.854193	112.391364	0.000018	112.391346
23.880935	111.527175	0.000017	111.527158
23.907678	110.666780	0.000016	110.666764
23.934420	109.810193	0.000014	109.810178
23.961162	108.957428	0.000013	108.957415
23.987905	108.108501	0.000012	108.108489
24.014647	107.263424	0.000011	107.263413
24.041389	106.422211	0.000011	106.422201
24.068132	105.584875	0.000010	105.584866
24.094874	104.751428	0.000009	104.751419
24.121617	103.921883	0.000008	103.921874
24.148359	103.096250	0.000008	103.096242
24.175101	102.274542	0.000007	102.274535
24.201844	101.456768	0.000007	101.456762
24.228586	100.642941	0.000006	100.642935
24.255328	99.833069	0.000006	99.833063
24.282071	99.027163	0.000005	99.027157
24.308813	98.225231	0.000005	98.225226
24.335555	97.427283	0.000004	97.427279
24.362298	96.633328	0.000004	96.633324
24.389040	95.843373	0.000004	95.843370
24.415783	95.057427	0.000003	95.057424
24.442525	94.275497	0.000003	94.275494
24.469267	93.497589	0.000003	93.497586
24.496010	92.723712	0.000003	92.723709
24.522752	91.953870	0.000002	91.953868
24.549494	91.188071	0.000002	91.188068
24.576237	90.426319	0.000002	90.426317
24.602979	89.668620	0.000002	89.668618
24.629722	88.914979	0.000002	88.914977
24.656464	88.165401	0.000002	88.165399
24.683206	87.419889	0.000002	87.419888
24.709949	86.678448	0.000001	86.678447
24.736691	85.941081	0.000001	85.941080
24.763433	85.207791	0.000001	85.207790
24.790176	84.478581	0.000001	84.478580
24.816918	83.753454	0.000001	83.753453
24.843660	83.032412	0.000001	83.032411
24.870403	82.315456	0.000001	82.315455
24.897145	81.602588	0.000001	81.602587
24.923888	80.893810	0.000001	80.893809
24.950630	80.189121	0.000001	80.189121
24.977372	79.488523	0.000001	79.488523
25.004115	78.792016	0.000001	78.792016
25.030857	78.099600	0.000001	78.099600
25.057599	77.411274	0.000000	77.411274
25.084342	76.727038	0.000000	76.727037
25.111084	76.046890	0.000000	76.046890
25.137827	75.370829	0.000000	75.370829
25.164569	74.698854	0.000000	74.698854
25.191311	74.030962	0.000000	74.030962
25.218054	73.367152	0.000000	73.367152
25.244796	72.707420	0.000000	72.707420
25.271538	72.051765	0.000000	72.051765
25.298281	71.400182	0.000000	71.400182
25.325023	70.752669	0.000000	70.752668
25.351765	70.109221	0.000000	70.109221
25.378508	69.469835	0.000000	69.469835
25.405250	68.834506	0.000000	68.834506
25.431993	68.203231	0.000000	68.203231
25.458735	67.576004	0.000000	67.576004
25.485477	66.952820	0.000000	66.952819
25.512220	66.333673	0.000000	66.333673
25.538962	65.718559	0.000000	65.718559
25.565704	65.107471	0.000000	65.107471
25.592447	64.500404	0.000000	64.500404
25.619189	63.897351	0.000000	63.897351
25.645932	63.298305	0.000000	63.298305
25.672674	62.703259	0.000000	62.703259
25.699416	62.112207	0.000000	62.112207
25.726159	61.525141	0.000000	61.525141
25.752901	60.942053	0.000000	60.942053
25.779643	60.362937	0.000000	60.362937
25.806386	59.787783	0.000000	59.787782
25.833128	59.216583	0.000000	59.216583
25.859870	58.649329	0.000000	58.649329
25.886613	58.086013	0.000000	58.086013
25.913355	57.526625	0.000000	57.526624
25.940098	56.971156	0.000000	56.971156
25.966840	56.419596	0.000000	56.419596
25.993582	55.871937	0.000000	55.871937
26.020325	55.328169	0.000000	55.328169
26.047067	54.788281	0.000000	54.788281
26.073809	54.252263	0.000000	54.252263
26.100552	53.720106	0.000000	53.720106
26.127294	53.191797	0.000000	53.191797
26.154037	52.667327	0.000000	52.667327
26.180779	52.146685	0.000000	52.146685
26.207521	51.629860	0.000000	51.629860
26.234264	51.116839	0.000000	51.116839
26.261006	50.607612	0.000000	50.607612
26.287748	50.102168	0.000000	50.102168
26.314491	49.600493	0.000000	49.600493
26.341233	49.102576	0.000000	49.102576
26.367975	48.608405	0.000000	48.608405
26.394718	48.117968	0.000000	48.117968
26.421460	47.631252	0.000000	47.631252
26.448203	47.148244	0.000000	47.148244
26.474945	46.668932	0.000000	46.668932
26.501687	46.193302	0.000000	46.193302
26.528430	45.721342	0.000000	45.721342
26.555172	45.253037	0.000000	45.253037
26.581914	44.788375	0.000000	44.788375
26.608657	44.327343	0.000000	44.327343
26.635399	43.869925	0.000000	43.869925
26.662142	43.416109	0.000000	43.416109
26.688884	42.965881	0.000000	42.965881
26.715626	42.519226	0.000000	42.519226
26.742369	42.076129	0.000000	42.076129
26.769111	41.636578	0.000000	41.636578
26.795853	41.200557	0.000000	41.200557
26.822596	40.768051	0.000000	40.768051
26.849338	40.339047	0.000000	40.339047
26.876080	39.913528	0.000000	39.913528
26.902823	39.491481	0.000000	39.491481
26.929565	39.072889	0.000000	39.072889
26.956308	38.657738	0.000000	38.657738
26.983050	38.246013	0.000000	38.246013
27.009792	37.837698	0.000000	37.837698
27.036535	37.432777	0.000000	37.432777
27.063277	37.031236	0.000000	37.031236
27.090019	36.633058	0.000000	36.633058
27.116762	36.238228	0.000000	36.238228
27.143504	35.846730	0.000000	35.846730
27.170247	35.458547	0.000000	35.458547
27.196989	35.073665	0.000000	35.073665
27.223731	34.692066	0.000000	34.692066
27.250474	34.313735	0.000000	34.313735
27.277216	33.938655	0.000000	33.938655
27.303958	33.566811	0.000000	33.566811
27.330701	33.198185	0.000000	33.198185
27.357443	32.832761	0.000000	32.832761
27.384185	32.470523	0.000000	32.470523
27.410928	32.111454	0.000000	32.111454
27.437670	31.755537	0.000000	31.755537
27.464413	31.402757	0.000000	31.402757
27.491155	31.053095	0.000000	31.053095
27.517897	30.706535	0.000000	30.706535
27.544640	30.363061	0.000000	30.363061
27.571382	30.022656	0.000000	30.022656
27.598124	29.685301	0.000000	29.685301
27.624867	29.350982	0.000000	29.350982
27.651609	29.019679	0.000000	29.019679
27.678352	28.691377	0.000000	28.691377
27.705094	28.366058	0.000000	28.366058
27.731836	28.043706	0.000000	28.043706
27.758579	27.724302	0.000000	27.724302
27.785321	27.407830	0.000000	27.407830
27.812063	27.094272	0.000000	27.094272
27.838806	26.783611	0.000000	26.783611
27.865548	26.475830	0.000000	26.475830
27.892290	26.170912	0.000000	26.170912
27.919033	25.868839	0.000000	25.868839
27.945775	25.569594	0.000000	25.569594
27.972518	25.273159	0.000000	25.273159
27.999260	24.979517	0.000000	24.979517
28.026002	24.688650	0.000000	24.688650
28.052745	24.400542	0.000000	24.400542
28.079487	24.115175	0.000000	24.115175
28.106229	23.832531	0.000000	23.832531
28.132972	23.552593	0.000000	23.552593
28.159714	23.275343	0.000000	23.275343
28.186457	23.000764	0.000000	23.000764
28.213199	22.728839	0.000000	22.728839
28.239941	22.459550	0.000000	22.459550
28.266684	22.192880	0.000000	22.192880
28.293426	21.928811	0.000000	21.928811
28.320168	21.667326	0.000000	21.667326
28.346911	21.408407	0.000000	21.408407
28.373653	21.152037	0.000000	21.152037
28.400395	20.898199	0.000000	20.898199
28.427138	20.646875	0.000000	20.646875
28.453880	20.398048	0.000000	20.398048
28.480623	20.151700	0.000000	20.151700
28.507365	19.907815	0.000000	19.907815
28.534107	19.666374	0.000000	19.666374
28.560850	19.427361	0.000000	19.427361
28.587592	19.190759	0.000000	19.190759
28.614334	18.956549	0.000000	18.956549
28.641077	18.724716	0.000000	18.724716
28.667819	18.495241	0.000000	18.495241
28.694562	18.268107	0.000000	18.268107
28.721304	18.043299	0.000000	18.043299
28.748046	17.820797	0.000000	17.820797
28.774789	17.600586	0.000000	17.600586
28.801531	17.382648	0.000000	17.382648
28.828273	17.166966	0.000000	17.166966
28.855016	16.953524	0.000000	16.953524
28.881758	16.742304	0.000000	16.742304
28.908501	16.533289	0.000000	16.533289
28.935243	16.326464	0.000000	16.326464
28.961985	16.121810	0.000000	16.121810
28.988728	15.919311	0.000000	15.919311
29.015470	15.718951	0.000000	15.718951
29.042212	15.520713	0.000000	15.520713
29.068955	15.324580	0.000000	15.324580
29.095697	15.130535	0.000000	15.130535
29.122439	14.938563	0.000000	14.938563
29.149182	14.748646	0.000000	14.748646
29.175924	14.560769	0.000000	14.560769
29.202667	14.374914	0.000000	14.374914
29.229409	14.191066	0.000000	14.191066
29.256151	14.009209	0.000000	14.009209
29.282894	13.829326	0.000000	13.829326
29.309636	13.651400	0.000000	13.651400
29.336378	13.475417	0.000000	13.475417
29.363121	13.301359	0.000000	13.301359
29.389863	13.129212	0.000000	13.129212
29.416606	12.958958	0.000000	12.958958
29.443348	12.790583	0.000000	12.790583
29.470090	12.624070	0.000000	12.624070
29.496833	12.459404	0.000000	12.459404
29.523575	12.296569	0.000000	12.296569
29.550317	12.135549	0.000000	12.135549
29.577060	11.976330	0.000000	11.976330
29.603802	11.818894	0.000000	11.818894
29.630544	11.663228	0.000000	11.663228
29.657287	11.509316	0.000000	11.509316
29.684029	11.357142	0.000000	11.357142
29.710772	11.206691	0.000000	11.206691
29.737514	11.057948	0.000000	11.057948
29.764256	10.910899	0.000000	10.910899
29.790999	10.765527	0.000000	10.765527
29.817741	10.621819	0.000000	10.621819
29.844483	10.479759	0.000000	10.479759
29.871226	10.339332	0.000000	10.339332
29.897968	10.200525	0.000000	10.200525
29.924711	10.063321	0.000000	10.063321
29.951453	9.927708	0.000000	9.927708
29.978195	9.793669	0.000000	9.793669
30.004938	9.661192	0.000000	9.661192
30.031680	9.530260	0.000000	9.530260
30.058422	9.400861	0.000000	9.400861
30.085165	9.272980	0.000000	9.272980
30.111907	9.146603	0.000000	9.146603
30.138649	9.021716	0.000000	9.021716
30.165392	8.898304	0.000000	8.898304
30.192134	8.776355	0.000000	8.776355
30.218877	8.655854	0.000000	8.655854
30.245619	8.536788	0.000000	8.536788
30.272361	8.419142	0.000000	8.419142
30.299104	8.302904	0.000000	8.302904
30.325846	8.188059	0.000000	8.188059
30.352588	8.074596	0.000000	8.074596
30.379331	7.962499	0.000000	7.962499
30.406073	7.851756	0.000000	7.851756
30.432816	7.742354	0.000000	7.742354
30.459558	7.634279	0.000000	7.634279
30.486300	7.527519	0.000000	7.527519
30.513043	7.422061	0.000000	7.422061
30.539785	7.317892	0.000000	7.317892
30.566527	7.214999	0.000000	7.214999
30.593270	7.113369	0.000000	7.113369
30.620012	7.012990	0.000000	7.012990
30.646754	6.913850	0.000000	6.913850
30.673497	6.815935	0.000000	6.815935
30.700239	6.719234	0.000000	6.719234
30.726982	6.623734	0.000000	6.623734
30.753724	6.529423	0.000000	6.529423
30.780466	6.436290	0.000000	6.436290
30.807209	6.344321	0.000000	6.344321
30.833951	6.253505	0.000000	6.253505
30.860693	6.163831	0.000000	6.163831
30.887436	6.075285	0.000000	6.075285
30.914178	5.987858	0.000000	5.987858
30.940921	5.901536	0.000000	5.901536
30.967663	5.816310	0.000000	5.816310
30.994405	5.732166	0.000000	5.732166
31.021148	5.649094	0.000000	5.649094
31.047890	5.567082	0.000000	5.567082
31.074632	5.486120	0.000000	5.486120
31.101375	5.406196	0.000000	5.406196
31.128117	5.327299	0.000000	5.327299
31.154859	5.249418	0.000000	5.249418
31.181602	5.172542	0.000000	5.172542
31.208344	5.096661	0.000000	5.096661
31.235087	5.021764	0.000000	5.021764
31.261829	4.947839	0.000000	4.947839
31.288571	4.874878	0.000000	4.874878
31.315314	4.802868	0.000000	4.802868
31.342056	4.731801	0.000000	4.731801
31.368798	4.661665	0.000000	4.661665
31.395541	4.592450	0.000000	4.592450
31.422283	4.524146	0.000000	4.524146
31.449026	4.456743	0.000000	4.456743
31.475768	4.390231	0.000000	4.390231
31.502510	4.324601	0.000000	4.324601
31.529253	4.259842	0.000000	4.259842
31.555995	4.195944	0.000000	4.195944
31.582737	4.132899	0.000000	4.132899
31.609480	4.070695	0.000000	4.070695
31.636222	4.009325	0.000000	4.009325
31.662964	3.948778	0.000000	3.948778
31.689707	3.889046	0.000000	3.889046
31.716449	3.830118	0.000000	3.830118
31.743192	3.771986	0.000000	3.771986
31.769934	3.714640	0.000000	3.714640
31.796676	3.658073	0.000000	3.658073
31.823419	3.602273	0.000000	3.602273
31.850161	3.547234	0.000000	3.547234
31.876903	3.492945	0.000000	3.492945
31.903646	3.439399	0.000000	3.439399
31.930388	3.386586	0.000000	3.386586
31.957131	3.334498	0.000000	3.334498
31.983873	3.283127	0.000000	3.283127
32.010615	3.232464	0.000000	3.232464
32.037358	3.182501	0.000000	3.182501
32.064100	3.133229	0.000000	3.133229
