# Z_nm	Fit_totale_conteggi	LogN1_conteggi	LogN2_conteggi
0.007344	0.000000	0.000000	0.000000
0.034081	0.000000	0.000000	0.000000
0.060817	0.000000	0.000000	0.000000
0.087553	0.000000	0.000000	0.000000
0.114289	0.000000	0.000000	0.000000
0.141026	0.000000	0.000000	0.000000
0.167762	0.000000	0.000000	0.000000
0.194498	0.000000	0.000000	0.000000
0.221234	0.000000	0.000000	0.000000
0.247971	0.000000	0.000000	0.000000
0.274707	0.000000	0.000000	0.000000
0.301443	0.000000	0.000000	0.000000
0.328179	0.000000	0.000000	0.000000
0.354916	0.000000	0.000000	0.000000
0.381652	0.000000	0.000000	0.000000
0.408388	0.000000	0.000000	0.000000
0.435124	0.000000	0.000000	0.000000
0.461861	0.000000	0.000000	0.000000
0.488597	0.000000	0.000000	0.000000
0.515333	0.000000	0.000000	0.000000
0.542069	0.000000	0.000000	0.000000
0.568805	0.000000	0.000000	0.000000
0.595542	0.000000	0.000000	0.000000
0.622278	0.000000	0.000000	0.000000
0.649014	0.000000	0.000000	0.000000
0.675750	0.000000	0.000000	0.000000
0.702487	0.000000	0.000000	0.000000
0.729223	0.000000	0.000000	0.000000
0.755959	0.000000	0.000000	0.000000
0.782695	0.000000	0.000000	0.000000
0.809432	0.000000	0.000000	0.000000
0.836168	0.000000	0.000000	0.000000
0.862904	0.000000	0.000000	0.000000
0.889640	0.000000	0.000000	0.000000
0.916377	0.000000	0.000000	0.000000
0.943113	0.000000	0.000000	0.000000
0.969849	0.000001	0.000000	0.000001
0.996585	0.000001	0.000000	0.000001
1.023322	0.000001	0.000000	0.000001
1.050058	0.000002	0.000000	0.000002
1.076794	0.000004	0.000000	0.000004
1.103530	0.000005	0.000000	0.000005
1.130267	0.000008	0.000000	0.000008
1.157003	0.000012	0.000000	0.000012
1.183739	0.000017	0.000000	0.000017
1.210475	0.000024	0.000000	0.000024
1.237212	0.000034	0.000000	0.000034
1.263948	0.000047	0.000000	0.000047
1.290684	0.000065	0.000000	0.000065
1.317420	0.000089	0.000000	0.000089
1.344157	0.000121	0.000000	0.000121
1.370893	0.000163	0.000000	0.000163
1.397629	0.000218	0.000000	0.000218
1.424365	0.000289	0.000000	0.000289
1.451102	0.000379	0.000000	0.000379
1.477838	0.000495	0.000000	0.000495
1.504574	0.000640	0.000000	0.000640
1.531310	0.000823	0.000000	0.000823
1.558046	0.001052	0.000000	0.001052
1.584783	0.001335	0.000000	0.001335
1.611519	0.001684	0.000000	0.001684
1.638255	0.002113	0.000000	0.002113
1.664991	0.002636	0.000000	0.002636
1.691728	0.003271	0.000000	0.003271
1.718464	0.004038	0.000000	0.004038
1.745200	0.004959	0.000000	0.004959
1.771936	0.006062	0.000000	0.006062
1.798673	0.007376	0.000000	0.007376
1.825409	0.008934	0.000000	0.008934
1.852145	0.010774	0.000000	0.010774
1.878881	0.012939	0.000000	0.012939
1.905618	0.015477	0.000000	0.015477
1.932354	0.018440	0.000000	0.018440
1.959090	0.021887	0.000000	0.021887
1.985826	0.025883	0.000000	0.025883
2.012563	0.030501	0.000000	0.030501
2.039299	0.035820	0.000000	0.035820
2.066035	0.041925	0.000000	0.041925
2.092771	0.048914	0.000000	0.048914
2.119508	0.056888	0.000000	0.056888
2.146244	0.065962	0.000000	0.065962
2.172980	0.076258	0.000000	0.076258
2.199716	0.087908	0.000000	0.087908
2.226453	0.101057	0.000000	0.101057
2.253189	0.115859	0.000000	0.115859
2.279925	0.132480	0.000000	0.132480
2.306661	0.151099	0.000000	0.151099
2.333398	0.171907	0.000000	0.171907
2.360134	0.195109	0.000000	0.195109
2.386870	0.220922	0.000000	0.220922
2.413606	0.249578	0.000000	0.249578
2.440343	0.281324	0.000000	0.281324
2.467079	0.316419	0.000000	0.316419
2.493815	0.355141	0.000000	0.355141
2.520551	0.397782	0.000000	0.397782
2.547287	0.444648	0.000000	0.444648
2.574024	0.496063	0.000000	0.496063
2.600760	0.552368	0.000000	0.552368
2.627496	0.613920	0.000000	0.613920
2.654232	0.681092	0.000000	0.681092
2.680969	0.754274	0.000000	0.754274
2.707705	0.833876	0.000000	0.833876
2.734441	0.920322	0.000000	0.920322
2.761177	1.014055	0.000000	1.014055
2.787914	1.115536	0.000000	1.115536
2.814650	1.225242	0.000000	1.225242
2.841386	1.343668	0.000000	1.343668
2.868122	1.471326	0.000000	1.471326
2.894859	1.608748	0.000000	1.608748
2.921595	1.756478	0.000000	1.756478
2.948331	1.915082	0.000000	1.915082
2.975067	2.085140	0.000000	2.085140
3.001804	2.267249	0.000000	2.267249
3.028540	2.462022	0.000000	2.462022
3.055276	2.670087	0.000000	2.670087
3.082012	2.892090	0.000000	2.892090
3.108749	3.128690	0.000000	3.128690
3.135485	3.380561	0.000000	3.380561
3.162221	3.648391	0.000000	3.648391
3.188957	3.932882	0.000000	3.932882
3.215694	4.234749	0.000000	4.234749
3.242430	4.554719	0.000000	4.554719
3.269166	4.893532	0.000000	4.893532
3.295902	5.251937	0.000000	5.251937
3.322639	5.630697	0.000000	5.630697
3.349375	6.030582	0.000000	6.030582
3.376111	6.452373	0.000000	6.452373
3.402847	6.896858	0.000000	6.896858
3.429584	7.364833	0.000000	7.364833
3.456320	7.857102	0.000000	7.857102
3.483056	8.374475	0.000000	8.374475
3.509792	8.917766	0.000000	8.917766
3.536528	9.487794	0.000000	9.487794
3.563265	10.085382	0.000000	10.085382
3.590001	10.711356	0.000000	10.711356
3.616737	11.366543	0.000000	11.366543
3.643473	12.051773	0.000000	12.051773
3.670210	12.767873	0.000000	12.767873
3.696946	13.515672	0.000000	13.515672
3.723682	14.295996	0.000000	14.295996
3.750418	15.109668	0.000000	15.109668
3.777155	15.957511	0.000000	15.957511
3.803891	16.840338	0.000000	16.840338
3.830627	17.758962	0.000000	17.758962
3.857363	18.714187	0.000000	18.714187
3.884100	19.706811	0.000000	19.706811
3.910836	20.737624	0.000000	20.737624
3.937572	21.807407	0.000000	21.807407
3.964308	22.916932	0.000000	22.916932
3.991045	24.066960	0.000000	24.066959
4.017781	25.258240	0.000000	25.258240
4.044517	26.491511	0.000000	26.491510
4.071253	27.767497	0.000000	27.767497
4.097990	29.086910	0.000001	29.086910
4.124726	30.450447	0.000001	30.450446
4.151462	31.858788	0.000001	31.858787
4.178198	33.312600	0.000001	33.312599
4.204935	34.812531	0.000002	34.812530
4.231671	36.359213	0.000002	36.359211
4.258407	37.953259	0.000003	37.953256
4.285143	39.595264	0.000004	39.595260
4.311880	41.285803	0.000005	41.285798
4.338616	43.025431	0.000006	43.025425
4.365352	44.814684	0.000008	44.814676
4.392088	46.654075	0.000011	46.654064
4.418825	48.544096	0.000014	48.544082
4.445561	50.485218	0.000018	50.485200
4.472297	52.477887	0.000023	52.477864
4.499033	54.522528	0.000030	54.522498
4.525769	56.619541	0.000038	56.619504
4.552506	58.769305	0.000048	58.769257
4.579242	60.972171	0.000061	60.972110
4.605978	63.228467	0.000076	63.228391
4.632714	65.538498	0.000096	65.538402
4.659451	67.902541	0.000121	67.902420
4.686187	70.320848	0.000151	70.320697
4.712923	72.793648	0.000188	72.793460
4.739659	75.321141	0.000235	75.320907
4.766396	77.903504	0.000291	77.903213
4.793132	80.540884	0.000360	80.540524
4.819868	83.233407	0.000445	83.232962
4.846604	85.981169	0.000548	85.980621
4.873341	88.784240	0.000673	88.783567
4.900077	91.642667	0.000824	91.641843
4.926813	94.556468	0.001007	94.555460
4.953549	97.525635	0.001228	97.524407
4.980286	100.550137	0.001494	100.548644
5.007022	103.629915	0.001812	103.628103
5.033758	106.764886	0.002193	106.762692
5.060494	109.954940	0.002649	109.952291
5.087231	113.199944	0.003191	113.196753
5.113967	116.499741	0.003836	116.495905
5.140703	119.854149	0.004601	119.849548
5.167439	123.262964	0.005507	123.257457
5.194176	126.725958	0.006576	126.719382
5.220912	130.242881	0.007837	130.235045
5.247648	133.813463	0.009319	133.804144
5.274384	137.437410	0.011058	137.426352
5.301121	141.114412	0.013095	141.101317
5.327857	144.844138	0.015476	144.828663
5.354593	148.626240	0.018253	148.607987
5.381329	152.460351	0.021485	152.438866
5.408066	156.346091	0.025241	156.320850
5.434802	160.283063	0.029596	160.253467
5.461538	164.270859	0.034636	164.236223
5.488274	168.309058	0.040459	168.268600
5.515010	172.397230	0.047172	172.350058
5.541747	176.534935	0.054899	176.480036
5.568483	180.721727	0.063775	180.657952
5.595219	184.957157	0.073954	184.883202
5.621955	189.240769	0.085607	189.155162
5.648692	193.572110	0.098923	193.473187
5.675428	197.950728	0.114113	197.836615
5.702164	202.376174	0.131411	202.244763
5.728900	206.848006	0.151078	206.696928
5.755637	211.365793	0.173399	211.192393
5.782373	215.929113	0.198692	215.730420
5.809109	220.537561	0.227305	220.310256
5.835845	225.190751	0.259623	224.931128
5.862582	229.888317	0.296066	229.592251
5.889318	234.629919	0.337096	234.292823
5.916054	239.415245	0.383220	239.032025
5.942790	244.244016	0.434990	243.809026
5.969527	249.115988	0.493008	248.622980
5.996263	254.030959	0.557932	253.473027
6.022999	258.988770	0.630476	258.358295
6.049735	263.989312	0.711413	263.277899
6.076472	269.032528	0.801586	268.230942
6.103208	274.118420	0.901903	273.216517
6.129944	279.247050	1.013346	278.233704
6.156680	284.418551	1.136978	283.281574
6.183417	289.633126	1.273938	288.359188
6.210153	294.891055	1.425458	293.465598
6.236889	300.192701	1.592855	298.599846
6.263625	305.538515	1.777546	303.760969
6.290362	310.929039	1.981046	308.947994
6.317098	316.364915	2.204975	314.159940
6.343834	321.846886	2.451065	319.395821
6.370570	327.375804	2.721159	324.654645
6.397307	332.952636	3.017222	329.935414
6.424043	338.578466	3.341342	335.237125
6.450779	344.254503	3.695733	340.558770
6.477515	349.982084	4.082746	345.899338
6.504251	355.762680	4.504866	351.257814
6.530988	361.597901	4.964721	356.633179
6.557724	367.489500	5.465086	362.024413
6.584460	373.439377	6.008883	367.430494
6.611196	379.449585	6.599189	372.850396
6.637933	385.522333	7.239239	378.283094
6.664669	391.659987	7.932425	383.727562
6.691405	397.865078	8.682305	389.182774
6.718141	404.140304	9.492601	394.647703
6.744878	410.488527	10.367204	400.121323
6.771614	416.912786	11.310175	405.602612
6.798350	423.416288	12.325744	411.090544
6.825086	430.002417	13.418317	416.584100
6.851823	436.674731	14.592469	422.082261
6.878559	443.436964	15.852952	427.584011
6.905295	450.293025	17.204687	433.088338
6.932031	457.247001	18.652769	438.594231
6.958768	464.303149	20.202462	444.100687
6.985504	471.465901	21.859197	449.606704
7.012240	478.739859	23.628573	455.111286
7.038976	486.129789	25.516347	460.613441
7.065713	493.640623	27.528438	466.112185
7.092449	501.277451	29.670915	471.606535
7.119185	509.045517	31.949997	477.095520
7.145921	516.950213	34.372043	482.578170
7.172658	524.997073	36.943549	488.053524
7.199394	533.191767	39.671137	493.520629
7.226130	541.540089	42.561551	498.978538
7.252866	550.047955	45.621644	504.426310
7.279603	558.721388	48.858372	509.863016
7.306339	567.566511	52.278780	515.287730
7.333075	576.589536	55.889996	520.699540
7.359811	585.796753	59.699216	526.097536
7.386548	595.194517	63.713693	531.480824
7.413284	604.789236	67.940723	536.848513
7.440020	614.587358	72.387633	542.199725
7.466756	624.595357	77.061767	547.533590
7.493492	634.819719	81.970470	552.849248
7.520229	645.266925	87.121075	558.145850
7.546965	655.943439	92.520883	563.422556
7.573701	666.855689	98.177153	568.678537
7.600437	678.010052	104.097079	573.912973
7.627174	689.412837	110.287780	579.125057
7.653910	701.070266	116.756275	584.313991
7.680646	712.988458	123.509469	589.478989
7.707382	725.173414	130.554138	594.619276
7.734119	737.630993	137.896905	599.734088
7.760855	750.366898	145.544224	604.822674
7.787591	763.386653	153.502363	609.884291
7.814327	776.695593	161.777383	614.918211
7.841064	790.298836	170.375120	619.923716
7.867800	804.201269	179.301168	624.900102
7.894536	818.407530	188.560857	629.846674
7.921272	832.921989	198.159238	634.762751
7.948009	847.748727	208.101063	639.647664
7.974745	862.891524	218.390768	644.500756
8.001481	878.353834	229.032452	649.321382
8.028217	894.138776	240.029866	654.108910
8.054954	910.249109	251.386390	658.862719
8.081690	926.687222	263.105019	663.582203
8.108426	943.455114	275.188348	668.266765
8.135162	960.554381	287.638556	672.915825
8.161899	977.986201	300.457390	677.528811
8.188635	995.751320	313.646152	682.105167
8.215371	1013.850037	327.205689	686.644348
8.242107	1032.282194	341.136373	691.145822
8.268844	1051.047164	355.438096	695.609069
8.295580	1070.143839	370.110257	700.033582
8.322316	1089.570621	385.151753	704.418868
8.349052	1109.325411	400.560967	708.764445
8.375789	1129.405607	416.335764	713.069843
8.402525	1149.808089	432.473482	717.334608
8.429261	1170.529220	448.970926	721.558294
8.455997	1191.564837	465.824366	725.740471
8.482733	1212.910248	483.029528	729.880720
8.509470	1234.560231	500.581596	733.978635
8.536206	1256.509032	518.475209	738.033822
8.562942	1278.750362	536.704462	742.045900
8.589678	1301.277402	555.262902	746.014500
8.616415	1324.082803	574.143538	749.939265
8.643151	1347.158687	593.338838	753.819850
8.669887	1370.496655	612.840732	757.655923
8.696623	1394.087791	632.640627	761.447164
8.723360	1417.922666	652.729401	765.193265
8.750096	1441.991351	673.097421	768.893930
8.776832	1466.283420	693.734546	772.548874
8.803568	1490.787965	714.630140	776.157825
8.830305	1515.493603	735.773081	779.720522
8.857041	1540.388492	757.151776	783.236716
8.883777	1565.460340	778.754170	786.706170
8.910513	1590.696421	800.567764	790.128657
8.937250	1616.083592	822.579628	793.503963
8.963986	1641.608305	844.776420	796.831885
8.990722	1667.256627	867.144397	800.112230
9.017458	1693.014258	889.669440	803.344817
9.044195	1718.866546	912.337069	806.529477
9.070931	1744.798511	935.132461	809.666050
9.097667	1770.794862	958.040474	812.754388
9.124403	1796.840018	981.045666	815.794353
9.151140	1822.918131	1004.132313	818.785818
9.177876	1849.013107	1027.284440	821.728666
9.204612	1875.108626	1050.485834	824.622792
9.231348	1901.188171	1073.720072	827.468098
9.258085	1927.235045	1096.970545	830.264500
9.284821	1953.232400	1120.220479	833.011921
9.311557	1979.163256	1143.452961	835.710295
9.338293	2005.010529	1166.650963	838.359566
9.365029	2030.757055	1189.797368	840.959687
9.391766	2056.385612	1212.874991	843.510621
9.418502	2081.878949	1235.866608	846.012341
9.445238	2107.219806	1258.754979	848.464827
9.471974	2132.390943	1281.522872	850.868071
9.498711	2157.375161	1304.153089	853.222072
9.525447	2182.155330	1326.628491	855.526839
9.552183	2206.714411	1348.932021	857.782389
9.578919	2231.035478	1371.046729	859.988749
9.605656	2255.101748	1392.955796	862.145952
9.632392	2278.896599	1414.642557	864.254042
9.659128	2302.403595	1436.090525	866.313070
9.685864	2325.606509	1457.283414	868.323095
9.712601	2348.489342	1478.205158	870.284185
9.739337	2371.036351	1498.839938	872.196414
9.766073	2393.232064	1519.172199	874.059865
9.792809	2415.061304	1539.186674	875.874629
9.819546	2436.509205	1558.868400	877.640805
9.846282	2457.561238	1578.202741	879.358496
9.873018	2478.203221	1597.175405	881.027817
9.899754	2498.421344	1615.772459	882.648885
9.926491	2518.202183	1633.980354	884.221829
9.953227	2537.532713	1651.785932	885.746780
9.979963	2556.400330	1669.176450	887.223881
10.006699	2574.792862	1686.139586	888.653276
10.033436	2592.698580	1702.663462	890.035119
10.060172	2610.106218	1718.736649	891.369569
10.086908	2627.004978	1734.348185	892.656793
10.113644	2643.384545	1749.487584	893.896961
10.140381	2659.235096	1764.144844	895.090252
10.167117	2674.547308	1778.310460	896.236848
10.193853	2689.312371	1791.975432	897.336939
10.220589	2703.521990	1805.131271	898.390719
10.247326	2717.168394	1817.770007	899.398388
10.274062	2730.244344	1829.884193	900.360151
10.300798	2742.743132	1841.466912	901.276220
10.327534	2754.658591	1852.511783	902.146808
10.354270	2765.985094	1863.012956	902.972138
10.381007	2776.717557	1872.965123	903.752434
10.407743	2786.851442	1882.363516	904.487926
10.434479	2796.382755	1891.203906	905.178849
10.461215	2805.308045	1899.482604	905.825442
10.487952	2813.624407	1907.196460	906.427947
10.514688	2821.329475	1914.342862	906.986613
10.541424	2828.421421	1920.919729	907.501692
10.568160	2834.898952	1926.925514	907.973438
10.594897	2840.761304	1932.359192	908.402112
10.621633	2846.008239	1937.220263	908.787976
10.648369	2850.640036	1941.508738	909.131298
10.675105	2854.657488	1945.225140	909.432348
10.701842	2858.061892	1948.370492	909.691400
10.728578	2860.855041	1950.946309	909.908732
10.755314	2863.039218	1952.954596	910.084623
10.782050	2864.617187	1954.397829	910.219357
10.808787	2865.592177	1955.278956	910.313222
10.835523	2865.967883	1955.601378	910.366505
10.862259	2865.748444	1955.368944	910.379501
10.888995	2864.938441	1954.585939	910.352502
10.915732	2863.542880	1953.257071	910.285808
10.942468	2861.567181	1951.387462	910.179719
10.969204	2859.017168	1948.982633	910.034536
10.995940	2855.899055	1946.048491	909.850564
11.022677	2852.219431	1942.591320	909.628111
11.049413	2847.985251	1938.617766	909.367485
11.076149	2843.203819	1934.134821	909.068998
11.102885	2837.882776	1929.149814	908.732962
11.129622	2832.030086	1923.670393	908.359693
11.156358	2825.654022	1917.704515	907.949507
11.183094	2818.763150	1911.260428	907.502722
11.209830	2811.366317	1904.346659	907.019658
11.236567	2803.472637	1896.972000	906.500637
11.263303	2795.091472	1889.145492	905.945981
11.290039	2786.232425	1880.876412	905.356014
11.316775	2776.905319	1872.174258	904.731061
11.343511	2767.120184	1863.048735	904.071449
11.370248	2756.887245	1853.509740	903.377505
11.396984	2746.216906	1843.567348	902.649558
11.423720	2735.119734	1833.231797	901.887937
11.450456	2723.606448	1822.513476	901.092972
11.477193	2711.687902	1811.422909	900.264994
11.503929	2699.375076	1799.970741	899.404335
11.530665	2686.679053	1788.167726	898.511326
11.557401	2673.611015	1776.024713	897.586302
11.584138	2660.182225	1763.552631	896.629594
11.610874	2646.404014	1750.762477	895.641538
11.637610	2632.287769	1737.665303	894.622466
11.664346	2617.844918	1724.272206	893.572712
11.691083	2603.086922	1710.594310	892.492612
11.717819	2588.025258	1696.642758	891.382500
11.744555	2572.671410	1682.428699	890.242711
11.771291	2557.036856	1667.963278	889.073579
11.798028	2541.133059	1653.257621	887.875438
11.824764	2524.971452	1638.322828	886.648624
11.851500	2508.563431	1623.169960	885.393471
11.878236	2491.920341	1607.810029	884.110312
11.904973	2475.053470	1592.253988	882.799482
11.931709	2457.974038	1576.512724	881.461314
11.958445	2440.693185	1560.597044	880.096141
11.985181	2423.221964	1544.517669	878.704295
12.011918	2405.571335	1528.285225	877.286110
12.038654	2387.752150	1511.910234	875.841915
12.065390	2369.775151	1495.403108	874.372043
12.092126	2351.650961	1478.774137	872.876824
12.118863	2333.390075	1462.033488	871.356587
12.145599	2315.002854	1445.191194	869.811660
12.172335	2296.499519	1428.257146	868.242373
12.199071	2277.890145	1411.241093	866.649052
12.225808	2259.184653	1394.152629	865.032024
12.252544	2240.392807	1377.001193	863.391614
12.279280	2221.524208	1359.796062	861.728147
12.306016	2202.588289	1342.546344	860.041945
12.332752	2183.594309	1325.260978	858.333331
12.359489	2164.551353	1307.948725	856.602628
12.386225	2145.468323	1290.618169	854.850154
12.412961	2126.353939	1273.277711	853.076229
12.439697	2107.216733	1255.935564	851.281170
12.466434	2088.065048	1238.599754	849.465294
12.493170	2068.907033	1221.278115	847.628918
12.519906	2049.750643	1203.978290	845.772353
12.546642	2030.603636	1186.707722	843.895914
12.573379	2011.473572	1169.473661	841.999911
12.600115	1992.367811	1152.283157	840.084655
12.626851	1973.293513	1135.143060	838.150453
12.653587	1954.257634	1118.060020	836.197613
12.680324	1935.266929	1101.040488	834.226441
12.707060	1916.327951	1084.090711	832.237240
12.733796	1897.447049	1067.216735	830.230314
12.760532	1878.630369	1050.424407	828.205962
12.787269	1859.883855	1033.719371	826.164484
12.814005	1841.213251	1017.107072	824.106179
12.840741	1822.624096	1000.592754	822.031341
12.867477	1804.121732	984.181466	819.940266
12.894214	1785.711302	967.878055	817.833247
12.920950	1767.397750	951.687176	815.710574
12.947686	1749.185824	935.613287	813.572536
12.974422	1731.080078	919.660656	811.419422
13.001159	1713.084875	903.833358	809.251517
13.027895	1695.204385	888.135280	807.069106
13.054631	1677.442591	872.570122	804.872469
13.081367	1659.803290	857.141401	802.661889
13.108104	1642.290094	841.852450	800.437644
13.134840	1624.906435	826.706425	798.200009
13.161576	1607.655566	811.706304	795.949262
13.188312	1590.540564	796.854891	793.685673
13.215049	1573.564334	782.154819	791.409515
13.241785	1556.729610	767.608553	789.121057
13.268521	1540.038960	753.218393	786.820567
13.295257	1523.494785	738.986477	784.508309
13.321993	1507.099330	724.914783	782.184547
13.348730	1490.854678	711.005135	779.849543
13.375466	1474.762760	697.259204	777.503556
13.402202	1458.825356	683.678512	775.146844
13.428938	1443.044098	670.264435	772.779663
13.455675	1427.420474	657.018207	770.402267
13.482411	1411.955830	643.940923	768.014906
13.509147	1396.651376	631.033544	765.617832
13.535883	1381.508188	618.296897	763.211291
13.562620	1366.527211	605.731682	760.795529
13.589356	1351.709265	593.338474	758.370791
13.616092	1337.055044	581.117727	755.937317
13.642828	1322.565124	569.069777	753.495347
13.669565	1308.239964	557.194845	751.045119
13.696301	1294.079912	545.493043	748.586869
13.723037	1280.085204	533.964374	746.120830
13.749773	1266.255973	522.608739	743.647234
13.776510	1252.592246	511.425937	741.166309
13.803246	1239.093956	500.415671	738.678285
13.829982	1225.760937	489.577552	736.183385
13.856718	1212.592931	478.911098	733.681834
13.883455	1199.589595	468.415742	731.173852
13.910191	1186.750495	458.090836	728.659659
13.936927	1174.075120	447.935647	726.139473
13.963663	1161.562878	437.949370	723.613508
13.990400	1149.213100	428.131123	721.081977
14.017136	1137.025048	418.479956	718.545092
14.043872	1124.997912	408.994850	716.003061
14.070608	1113.130816	399.674724	713.456092
14.097345	1101.422822	390.518432	710.904390
14.124081	1089.872931	381.524774	708.348157
14.150817	1078.480087	372.692492	705.787595
14.177553	1067.243178	364.020276	703.222902
14.204290	1056.161042	355.506767	700.654275
14.231026	1045.232469	347.150559	698.081910
14.257762	1034.456199	338.950201	695.505998
14.284498	1023.830932	330.904202	692.926730
14.311234	1013.355326	323.011030	690.344296
14.337971	1003.028000	315.269117	687.758883
14.364707	992.847537	307.676863	685.170674
14.391443	982.812486	300.232633	682.579853
14.418179	972.921366	292.934765	679.986601
14.444916	963.172666	285.781570	677.391096
14.471652	953.564848	278.771333	674.793515
14.498388	944.096350	271.902316	672.194034
14.525124	934.765587	265.172763	669.592824
14.551861	925.570953	258.580896	666.990058
14.578597	916.510825	252.124922	664.385903
14.605333	907.583562	245.803034	661.780528
14.632069	898.787508	239.613411	659.174097
14.658806	890.120995	233.554222	656.566773
14.685542	881.582344	227.623626	653.958718
14.712278	873.169864	221.819773	651.350091
14.739014	864.881859	216.140809	648.741050
14.765751	856.716625	210.584875	646.131750
14.792487	848.672454	205.150109	643.522344
14.819223	840.747633	199.834647	640.912985
14.845959	832.940448	194.636625	638.303823
14.872696	825.249185	189.554179	635.695006
14.899432	817.672130	184.585450	633.086680
14.926168	810.207570	179.728581	630.478988
14.952904	802.853796	174.981720	627.872075
14.979641	795.609102	170.343021	625.266081
15.006377	788.471789	165.810645	622.661144
15.033113	781.440163	161.382762	620.057402
15.059849	774.512538	157.057548	617.454989
15.086586	767.687234	152.833193	614.854041
15.113322	760.962584	148.707896	612.254688
15.140058	754.336928	144.679868	609.657060
15.166794	747.808617	140.747331	607.061286
15.193531	741.376014	136.908522	604.467492
15.220267	735.037495	133.161691	601.875803
15.247003	728.791447	129.505104	599.286343
15.273739	722.636273	125.937041	596.699232
15.300475	716.570388	122.455799	594.114590
15.327212	710.592224	119.059688	591.532535
15.353948	704.700225	115.747041	588.953184
15.380684	698.892853	112.516202	586.376651
15.407420	693.168587	109.365538	583.803049
15.434157	687.525920	106.293431	581.232489
15.460893	681.963365	103.298282	578.665082
15.487629	676.479449	100.378514	576.100935
15.514365	671.072721	97.532565	573.540155
15.541102	665.741743	94.758897	570.982847
15.567838	660.485101	92.055987	568.429113
15.594574	655.301394	89.422337	565.879057
15.621310	650.189243	86.856466	563.332777
15.648047	645.147288	84.356915	560.790373
15.674783	640.174187	81.922245	558.251941
15.701519	635.268617	79.551039	555.717578
15.728255	630.429276	77.241899	553.187377
15.754992	625.654881	74.993450	550.661431
15.781728	620.944168	72.804337	548.139831
15.808464	616.295892	70.673226	545.622666
15.835200	611.708830	68.598806	543.110024
15.861937	607.181776	66.579783	540.601993
15.888673	602.713546	64.614890	538.098657
15.915409	598.302975	62.702875	535.600100
15.942145	593.948918	60.842513	533.106404
15.968882	589.650247	59.032596	530.617651
15.995618	585.405858	57.271938	528.133920
16.022354	581.214664	55.559375	525.655289
16.049090	577.075598	53.893763	523.181835
16.075827	572.987611	52.273978	520.713632
16.102563	568.949675	50.698918	518.250757
16.129299	564.960781	49.167501	515.793280
16.156035	561.019938	47.678664	513.341273
16.182772	557.126174	46.231367	510.894807
16.209508	553.278538	44.824587	508.453950
16.236244	549.476094	43.457323	506.018770
16.262980	545.717926	42.128593	503.589333
16.289716	542.003138	40.837434	501.165704
16.316453	538.330848	39.582902	498.747946
16.343189	534.700196	38.364073	496.336122
16.369925	531.110337	37.180043	493.930294
16.396661	527.560444	36.029924	491.530520
16.423398	524.049708	34.912848	489.136861
16.450134	520.577337	33.827964	486.749373
16.476870	517.142554	32.774442	484.368112
16.503606	513.744602	31.751467	481.993135
16.530343	510.382736	30.758242	479.624495
16.557079	507.056232	29.793987	477.262245
16.583815	503.764377	28.857941	474.906436
16.610551	500.506478	27.949358	472.557120
16.637288	497.281855	27.067509	470.214346
16.664024	494.089843	26.211681	467.878162
16.690760	490.929795	25.381179	465.548615
16.717496	487.801074	24.575321	463.225753
16.744233	484.703062	23.793443	460.909619
16.770969	481.635152	23.034894	458.600258
16.797705	478.596754	22.299041	456.297713
16.824441	475.587290	21.585263	454.002026
16.851178	472.606194	20.892956	451.713238
16.877914	469.652917	20.221528	449.431389
16.904650	466.726920	19.570402	447.156518
16.931386	463.827679	18.939017	444.888662
16.958123	460.954681	18.326822	442.627859
16.984859	458.107427	17.733282	440.374145
17.011595	455.285427	17.157873	438.127555
17.038331	452.488207	16.600086	435.888122
17.065068	449.715302	16.059423	433.655880
17.091804	446.966260	15.535399	431.430860
17.118540	444.240637	15.027542	429.213096
17.145276	441.538005	14.535389	427.002615
17.172013	438.857942	14.058493	424.799449
17.198749	436.200039	13.596414	422.603626
17.225485	433.563898	13.148726	420.415172
17.252221	430.949129	12.715013	418.234116
17.278957	428.355352	12.294870	416.060482
17.305694	425.782199	11.887902	413.894297
17.332430	423.229309	11.493725	411.735584
17.359166	420.696331	11.111964	409.584367
17.385902	418.182924	10.742255	407.440668
17.412639	415.688753	10.384244	405.304509
17.439375	413.213496	10.037584	403.175912
17.466111	410.756836	9.701940	401.054895
17.492847	408.318464	9.376985	398.941479
17.519584	405.898082	9.062399	396.835683
17.546320	403.495397	8.757873	394.737524
17.573056	401.110124	8.463106	392.647019
17.599792	398.741988	8.177804	390.564185
17.626529	396.390719	7.901682	388.489037
17.653265	394.056053	7.634463	386.421590
17.680001	391.737736	7.375877	384.361859
17.706737	389.435519	7.125662	382.309857
17.733474	387.149159	6.883563	380.265596
17.760210	384.878421	6.649332	378.229089
17.786946	382.623075	6.422728	376.200348
17.813682	380.382899	6.203517	374.179382
17.840419	378.157674	5.991471	372.166203
17.867155	375.947188	5.786370	370.160819
17.893891	373.751237	5.587998	368.163239
17.920627	371.569618	5.396147	366.173472
17.947364	369.402138	5.210614	364.191525
17.974100	367.248606	5.031202	362.217404
18.000836	365.108837	4.857721	360.251117
18.027572	362.982652	4.689983	358.292668
18.054309	360.869874	4.527810	356.342064
18.081045	358.770334	4.371026	354.399308
18.107781	356.683865	4.219461	352.464404
18.134517	354.610306	4.072950	350.537356
18.161254	352.549499	3.931333	348.618166
18.187990	350.501292	3.794455	346.706838
18.214726	348.465536	3.662165	344.803371
18.241462	346.442084	3.534316	342.907768
18.268198	344.430797	3.410767	341.020030
18.294935	342.431535	3.291380	339.140155
18.321671	340.444166	3.176021	337.268145
18.348407	338.468558	3.064561	335.403998
18.375143	336.504585	2.956874	333.547712
18.401880	334.552123	2.852838	331.699285
18.428616	332.611051	2.752335	329.858716
18.455352	330.681252	2.655251	328.026001
18.482088	328.762611	2.561474	326.201137
18.508825	326.855017	2.470897	324.384120
18.535561	324.958360	2.383415	322.574946
18.562297	323.072536	2.298927	320.773610
18.589033	321.197441	2.217335	318.980107
18.615770	319.332974	2.138543	317.194431
18.642506	317.479037	2.062461	315.416576
18.669242	315.635534	1.988998	313.646536
18.695978	313.802373	1.918068	311.884304
18.722715	311.979461	1.849588	310.129873
18.749451	310.166710	1.783476	308.383234
18.776187	308.364033	1.719653	306.644380
18.802923	306.571346	1.658043	304.913303
18.829660	304.788566	1.598573	303.189993
18.856396	303.015613	1.541172	301.474441
18.883132	301.252407	1.485769	299.766638
18.909868	299.498872	1.432299	298.066573
18.936605	297.754932	1.380696	296.374236
18.963341	296.020514	1.330897	294.689617
18.990077	294.295547	1.282842	293.012704
19.016813	292.579959	1.236473	291.343487
19.043550	290.873683	1.191731	289.681953
19.070286	289.176652	1.148562	288.028090
19.097022	287.488799	1.106913	286.381886
19.123758	285.810060	1.066732	284.743328
19.150495	284.140372	1.027969	283.112403
19.177231	282.479674	0.990575	281.489099
19.203967	280.827906	0.954505	279.873400
19.230703	279.185008	0.919713	278.265294
19.257439	277.550922	0.886155	276.664766
19.284176	275.925591	0.853789	275.071802
19.310912	274.308961	0.822574	273.486387
19.337648	272.700975	0.792470	271.908506
19.364384	271.101582	0.763439	270.338143
19.391121	269.510727	0.735444	268.775283
19.417857	267.928360	0.708450	267.219910
19.444593	266.354429	0.682421	265.672008
19.471329	264.788886	0.657325	264.131561
19.498066	263.231681	0.633128	262.598553
19.524802	261.682765	0.609800	261.072965
19.551538	260.142092	0.587311	259.554782
19.578274	258.609616	0.565630	258.043985
19.605011	257.085289	0.544731	256.540558
19.631747	255.569068	0.524585	255.044483
19.658483	254.060909	0.505167	253.555742
19.685219	252.560766	0.486451	252.074316
19.711956	251.068598	0.468411	250.600187
19.738692	249.584363	0.451025	249.133337
19.765428	248.108017	0.434270	247.673747
19.792164	246.639521	0.418123	246.221398
19.818901	245.178833	0.402562	244.776271
19.845637	243.725914	0.387568	243.338346
19.872373	242.280724	0.373120	241.907604
19.899109	240.843223	0.359198	240.484025
19.925846	239.413374	0.345785	239.067590
19.952582	237.991139	0.332861	237.658278
19.979318	236.576479	0.320410	236.256069
20.006054	235.169357	0.308415	234.860943
20.032791	233.769738	0.296859	233.472879
20.059527	232.377584	0.285727	232.091857
20.086263	230.992859	0.275004	230.717855
20.112999	229.615528	0.264675	229.350853
20.139736	228.245556	0.254725	227.990830
20.166472	226.882907	0.245142	226.637765
20.193208	225.527548	0.235913	225.291635
20.219944	224.179444	0.227024	223.952420
20.246680	222.838561	0.218463	222.620098
20.273417	221.504866	0.210218	221.294647
20.300153	220.178324	0.202279	219.976046
20.326889	218.858905	0.194633	218.664272
20.353625	217.546573	0.187271	217.359302
20.380362	216.241298	0.180182	216.061116
20.407098	214.943046	0.173356	214.769690
20.433834	213.651787	0.166784	213.485003
20.460570	212.367487	0.160456	212.207031
20.487307	211.090116	0.154364	210.935752
20.514043	209.819643	0.148499	209.671144
20.540779	208.556035	0.142853	208.413182
20.567515	207.299263	0.137417	207.161846
20.594252	206.049296	0.132185	205.917111
20.620988	204.806102	0.127148	204.678954
20.647724	203.569653	0.122300	203.447353
20.674460	202.339917	0.117633	202.222284
20.701197	201.116865	0.113142	201.003723
20.727933	199.900467	0.108818	199.791648
20.754669	198.690693	0.104658	198.586035
20.781405	197.487514	0.100653	197.386861
20.808142	196.290900	0.096799	196.194101
20.834878	195.100823	0.093090	195.007733
20.861614	193.917253	0.089521	193.827732
20.888350	192.740161	0.086087	192.654075
20.915087	191.569519	0.082782	191.486737
20.941823	190.405298	0.079602	190.325697
20.968559	189.247470	0.076542	189.170928
20.995295	188.096005	0.073598	188.022408
21.022032	186.950877	0.070765	186.880112
21.048768	185.812055	0.068039	185.744016
21.075504	184.679514	0.065417	184.614096
21.102240	183.553224	0.062895	183.490329
21.128977	182.433158	0.060468	182.372690
21.155713	181.319288	0.058133	181.261155
21.182449	180.211586	0.055887	180.155699
21.209185	179.110025	0.053727	179.056299
21.235921	178.014578	0.051648	177.962930
21.262658	176.925217	0.049649	176.875567
21.289394	175.841915	0.047727	175.794188
21.316130	174.764644	0.045877	174.718767
21.342866	173.693378	0.044098	173.649280
21.369603	172.628090	0.042388	172.585702
21.396339	171.568752	0.040742	171.528010
21.423075	170.515339	0.039160	170.476179
21.449811	169.467823	0.037638	169.430185
21.476548	168.426177	0.036174	168.390002
21.503284	167.390375	0.034767	167.355608
21.530020	166.360391	0.033413	166.326977
21.556756	165.336197	0.032112	165.304085
21.583493	164.317769	0.030860	164.286908
21.610229	163.305078	0.029657	163.275421
21.636965	162.298100	0.028500	162.269600
21.663701	161.296809	0.027388	161.269421
21.690438	160.301177	0.026318	160.274859
21.717174	159.311179	0.025289	159.285890
21.743910	158.326789	0.024301	158.302489
21.770646	157.347982	0.023350	157.324632
21.797383	156.374731	0.022436	156.352295
21.824119	155.407011	0.021558	155.385454
21.850855	154.444796	0.020713	154.424083
21.877591	153.488061	0.019901	153.468160
21.904328	152.536780	0.019120	152.517659
21.931064	151.590927	0.018370	151.572557
21.957800	150.650478	0.017649	150.632829
21.984536	149.715407	0.016956	149.698451
22.011273	148.785689	0.016289	148.769399
22.038009	147.861298	0.015649	147.845649
22.064745	146.942210	0.015033	146.927176
22.091481	146.028399	0.014442	146.013957
22.118218	145.119840	0.013873	145.105967
22.144954	144.216509	0.013327	144.203183
22.171690	143.318381	0.012801	143.305580
22.198426	142.425431	0.012297	142.413134
22.225162	141.537634	0.011812	141.525822
22.251899	140.654965	0.011345	140.643620
22.278635	139.777401	0.010897	139.766504
22.305371	138.904916	0.010467	138.894449
22.332107	138.037486	0.010053	138.027433
22.358844	137.175087	0.009656	137.165431
22.385580	136.317694	0.009274	136.308420
22.412316	135.465283	0.008907	135.456376
22.439052	134.617830	0.008554	134.609276
22.465789	133.775311	0.008215	133.767095
22.492525	132.937701	0.007890	132.929811
22.519261	132.104977	0.007577	132.097400
22.545997	131.277115	0.007277	131.269838
22.572734	130.454091	0.006988	130.447103
22.599470	129.635881	0.006711	129.629170
22.626206	128.822461	0.006444	128.816017
22.652942	128.013808	0.006188	128.007620
22.679679	127.209898	0.005942	127.203956
22.706415	126.410708	0.005706	126.405002
22.733151	125.616214	0.005479	125.610735
22.759887	124.826393	0.005261	124.821132
22.786624	124.041221	0.005051	124.036170
22.813360	123.260675	0.004850	123.255825
22.840096	122.484733	0.004657	122.480076
22.866832	121.713370	0.004471	121.708899
22.893569	120.946565	0.004293	120.942271
22.920305	120.184293	0.004122	120.180171
22.947041	119.426532	0.003958	119.422574
22.973777	118.673259	0.003800	118.669460
23.000514	117.924452	0.003648	117.920804
23.027250	117.180087	0.003502	117.176585
23.053986	116.440143	0.003362	116.436781
23.080722	115.704596	0.003228	115.701368
23.107459	114.973424	0.003099	114.970325
23.134195	114.246604	0.002975	114.243629
23.160931	113.524115	0.002856	113.521259
23.187667	112.805934	0.002741	112.803193
23.214403	112.092039	0.002632	112.089407
23.241140	111.382407	0.002526	111.379881
23.267876	110.677017	0.002425	110.674592
23.294612	109.975846	0.002328	109.973519
23.321348	109.278874	0.002234	109.276639
23.348085	108.586077	0.002145	108.583932
23.374821	107.897434	0.002059	107.895375
23.401557	107.212924	0.001976	107.210948
23.428293	106.532524	0.001897	106.530628
23.455030	105.856214	0.001820	105.854394
23.481766	105.183972	0.001747	105.182225
23.508502	104.515776	0.001677	104.514099
23.535238	103.851605	0.001610	103.849996
23.561975	103.191438	0.001545	103.189894
23.588711	102.535254	0.001483	102.533771
23.615447	101.883032	0.001423	101.881608
23.642183	101.234749	0.001366	101.233384
23.668920	100.590387	0.001311	100.589076
23.695656	99.949923	0.001258	99.948665
23.722392	99.313338	0.001207	99.312130
23.749128	98.680609	0.001159	98.679451
23.775865	98.051717	0.001112	98.050605
23.802601	97.426641	0.001067	97.425574
23.829337	96.805361	0.001024	96.804337
23.856073	96.187856	0.000983	96.186873
23.882810	95.574106	0.000943	95.573163
23.909546	94.964090	0.000905	94.963185
23.936282	94.357788	0.000868	94.356920
23.963018	93.755181	0.000833	93.754348
23.989755	93.156248	0.000800	93.155449
24.016491	92.560970	0.000767	92.560202
24.043227	91.969325	0.000736	91.968589
24.069963	91.381296	0.000706	91.380589
24.096700	90.796861	0.000678	90.796183
24.123436	90.216001	0.000650	90.215351
24.150172	89.638697	0.000624	89.638073
24.176908	89.064929	0.000599	89.064330
24.203644	88.494678	0.000575	88.494104
24.230381	87.927924	0.000551	87.927373
24.257117	87.364649	0.000529	87.364120
24.283853	86.804832	0.000507	86.804325
24.310589	86.248456	0.000487	86.247969
24.337326	85.695500	0.000467	85.695033
24.364062	85.145946	0.000448	85.145498
24.390798	84.599775	0.000430	84.599345
24.417534	84.056969	0.000413	84.056556
24.444271	83.517508	0.000396	83.517112
24.471007	82.981374	0.000380	82.980994
24.497743	82.448548	0.000364	82.448183
24.524479	81.919012	0.000350	81.918662
24.551216	81.392748	0.000335	81.392412
24.577952	80.869736	0.000322	80.869415
24.604688	80.349960	0.000309	80.349651
24.631424	79.833400	0.000296	79.833104
24.658161	79.320039	0.000284	79.319755
24.684897	78.809859	0.000272	78.809587
24.711633	78.302841	0.000261	78.302580
24.738369	77.798969	0.000251	77.798718
24.765106	77.298223	0.000241	77.297983
24.791842	76.800587	0.000231	76.800356
24.818578	76.306042	0.000221	76.305821
24.845314	75.814572	0.000212	75.814360
24.872051	75.326158	0.000204	75.325955
24.898787	74.840784	0.000195	74.840589
24.925523	74.358432	0.000187	74.358245
24.952259	73.879085	0.000180	73.878905
24.978996	73.402725	0.000172	73.402553
25.005732	72.929336	0.000165	72.929171
25.032468	72.458900	0.000159	72.458742
25.059204	71.991402	0.000152	71.991249
25.085941	71.526823	0.000146	71.526677
25.112677	71.065147	0.000140	71.065007
25.139413	70.606357	0.000134	70.606223
25.166149	70.150437	0.000129	70.150308
25.192885	69.697370	0.000124	69.697247
25.219622	69.247140	0.000118	69.247022
25.246358	68.799731	0.000114	68.799617
25.273094	68.355125	0.000109	68.355016
25.299830	67.913307	0.000105	67.913202
25.326567	67.474261	0.000100	67.474160
25.353303	67.037970	0.000096	67.037874
25.380039	66.604419	0.000092	66.604327
25.406775	66.173591	0.000088	66.173503
25.433512	65.745472	0.000085	65.745387
25.460248	65.320044	0.000081	65.319962
25.486984	64.897292	0.000078	64.897214
25.513720	64.477201	0.000075	64.477126
25.540457	64.059755	0.000072	64.059684
25.567193	63.644939	0.000069	63.644870
25.593929	63.232737	0.000066	63.232671
25.620665	62.823134	0.000063	62.823071
25.647402	62.416115	0.000061	62.416054
25.674138	62.011663	0.000058	62.011605
25.700874	61.609766	0.000056	61.609710
25.727610	61.210406	0.000054	61.210353
25.754347	60.813570	0.000051	60.813519
25.781083	60.419242	0.000049	60.419193
25.807819	60.027408	0.000047	60.027361
25.834555	59.638053	0.000045	59.638008
25.861292	59.251162	0.000043	59.251119
25.888028	58.866721	0.000042	58.866679
25.914764	58.484715	0.000040	58.484675
25.941500	58.105129	0.000038	58.105091
25.968237	57.727950	0.000037	57.727913
25.994973	57.353163	0.000035	57.353128
26.021709	56.980753	0.000034	56.980720
26.048445	56.610708	0.000032	56.610675
26.075182	56.243011	0.000031	56.242980
26.101918	55.877650	0.000030	55.877621
26.128654	55.514611	0.000029	55.514583
26.155390	55.153880	0.000027	55.153852
26.182126	54.795442	0.000026	54.795416
26.208863	54.439284	0.000025	54.439259
26.235599	54.085393	0.000024	54.085369
26.262335	53.733755	0.000023	53.733732
26.289071	53.384356	0.000022	53.384334
26.315808	53.037183	0.000021	53.037162
26.342544	52.692223	0.000020	52.692202
26.369280	52.349462	0.000020	52.349442
26.396016	52.008886	0.000019	52.008868
26.422753	51.670484	0.000018	51.670466
26.449489	51.334241	0.000017	51.334224
26.476225	51.000145	0.000017	51.000129
26.502961	50.668183	0.000016	50.668167
26.529698	50.338341	0.000015	50.338326
26.556434	50.010608	0.000015	50.010593
26.583170	49.684969	0.000014	49.684955
26.609906	49.361413	0.000013	49.361400
26.636643	49.039927	0.000013	49.039914
26.663379	48.720498	0.000012	48.720486
26.690115	48.403115	0.000012	48.403103
26.716851	48.087763	0.000011	48.087752
26.743588	47.774431	0.000011	47.774420
26.770324	47.463107	0.000010	47.463097
26.797060	47.153779	0.000010	47.153769
26.823796	46.846434	0.000010	46.846424
26.850533	46.541060	0.000009	46.541051
26.877269	46.237645	0.000009	46.237637
26.904005	45.936178	0.000008	45.936169
26.930741	45.636646	0.000008	45.636638
26.957478	45.339037	0.000008	45.339029
26.984214	45.043340	0.000007	45.043332
27.010950	44.749543	0.000007	44.749536
27.037686	44.457634	0.000007	44.457627
27.064423	44.167602	0.000007	44.167595
27.091159	43.879435	0.000006	43.879429
27.117895	43.593122	0.000006	43.593116
27.144631	43.308651	0.000006	43.308645
27.171367	43.026011	0.000006	43.026006
27.198104	42.745191	0.000005	42.745186
27.224840	42.466180	0.000005	42.466175
27.251576	42.188966	0.000005	42.188961
27.278312	41.913538	0.000005	41.913533
27.305049	41.639885	0.000004	41.639881
27.331785	41.367997	0.000004	41.367992
27.358521	41.097862	0.000004	41.097858
27.385257	40.829469	0.000004	40.829466
27.411994	40.562809	0.000004	40.562805
27.438730	40.297869	0.000004	40.297866
27.465466	40.034640	0.000003	40.034637
27.492202	39.773111	0.000003	39.773107
27.518939	39.513271	0.000003	39.513267
27.545675	39.255109	0.000003	39.255106
27.572411	38.998616	0.000003	38.998613
27.599147	38.743781	0.000003	38.743778
27.625884	38.490593	0.000003	38.490591
27.652620	38.239043	0.000003	38.239040
27.679356	37.989120	0.000002	37.989118
27.706092	37.740814	0.000002	37.740812
27.732829	37.494115	0.000002	37.494113
27.759565	37.249013	0.000002	37.249011
27.786301	37.005498	0.000002	37.005496
27.813037	36.763561	0.000002	36.763558
27.839774	36.523190	0.000002	36.523188
27.866510	36.284377	0.000002	36.284375
27.893246	36.047111	0.000002	36.047109
27.919982	35.811384	0.000002	35.811382
27.946719	35.577185	0.000002	35.577183
27.973455	35.344504	0.000002	35.344503
28.000191	35.113333	0.000001	35.113332
28.026927	34.883662	0.000001	34.883661
28.053664	34.655481	0.000001	34.655480
28.080400	34.428782	0.000001	34.428780
28.107136	34.203554	0.000001	34.203552
28.133872	33.979788	0.000001	33.979787
28.160608	33.757476	0.000001	33.757475
28.187345	33.536608	0.000001	33.536607
28.214081	33.317175	0.000001	33.317174
28.240817	33.099169	0.000001	33.099168
28.267553	32.882579	0.000001	32.882578
28.294290	32.667397	0.000001	32.667397
28.321026	32.453615	0.000001	32.453614
28.347762	32.241223	0.000001	32.241223
28.374498	32.030213	0.000001	32.030212
28.401235	31.820576	0.000001	31.820575
28.427971	31.612303	0.000001	31.612302
28.454707	31.405386	0.000001	31.405385
28.481443	31.199815	0.000001	31.199815
28.508180	30.995584	0.000001	30.995583
28.534916	30.792682	0.000001	30.792681
28.561652	30.591102	0.000001	30.591101
28.588388	30.390835	0.000001	30.390835
28.615125	30.191874	0.000001	30.191873
28.641861	29.994208	0.000001	29.994208
28.668597	29.797832	0.000001	29.797831
28.695333	29.602736	0.000000	29.602735
28.722070	29.408911	0.000000	29.408911
28.748806	29.216351	0.000000	29.216351
28.775542	29.025047	0.000000	29.025047
28.802278	28.834991	0.000000	28.834991
28.829015	28.646175	0.000000	28.646175
28.855751	28.458592	0.000000	28.458591
28.882487	28.272232	0.000000	28.272232
28.909223	28.087090	0.000000	28.087089
28.935960	27.903156	0.000000	27.903155
28.962696	27.720423	0.000000	27.720423
28.989432	27.538884	0.000000	27.538883
29.016168	27.358530	0.000000	27.358530
29.042905	27.179355	0.000000	27.179355
29.069641	27.001351	0.000000	27.001351
29.096377	26.824510	0.000000	26.824510
29.123113	26.648825	0.000000	26.648825
29.149849	26.474288	0.000000	26.474288
29.176586	26.300893	0.000000	26.300892
29.203322	26.128631	0.000000	26.128631
29.230058	25.957496	0.000000	25.957496
29.256794	25.787480	0.000000	25.787480
29.283531	25.618576	0.000000	25.618576
29.310267	25.450778	0.000000	25.450778
29.337003	25.284078	0.000000	25.284077
29.363739	25.118468	0.000000	25.118468
29.390476	24.953943	0.000000	24.953942
29.417212	24.790494	0.000000	24.790494
29.443948	24.628116	0.000000	24.628115
29.470684	24.466800	0.000000	24.466800
29.497421	24.306542	0.000000	24.306542
29.524157	24.147333	0.000000	24.147332
29.550893	23.989166	0.000000	23.989166
29.577629	23.832036	0.000000	23.832036
29.604366	23.675936	0.000000	23.675936
29.631102	23.520858	0.000000	23.520858
29.657838	23.366797	0.000000	23.366797
29.684574	23.213745	0.000000	23.213745
29.711311	23.061697	0.000000	23.061697
29.738047	22.910645	0.000000	22.910645
29.764783	22.760584	0.000000	22.760584
29.791519	22.611507	0.000000	22.611507
29.818256	22.463407	0.000000	22.463407
29.844992	22.316279	0.000000	22.316279
29.871728	22.170116	0.000000	22.170116
29.898464	22.024912	0.000000	22.024912
29.925201	21.880660	0.000000	21.880660
29.951937	21.737355	0.000000	21.737355
29.978673	21.594991	0.000000	21.594991
30.005409	21.453560	0.000000	21.453560
30.032146	21.313058	0.000000	21.313058
30.058882	21.173479	0.000000	21.173479
30.085618	21.034815	0.000000	21.034815
30.112354	20.897062	0.000000	20.897062
30.139090	20.760214	0.000000	20.760214
30.165827	20.624264	0.000000	20.624264
30.192563	20.489207	0.000000	20.489207
30.219299	20.355037	0.000000	20.355037
30.246035	20.221748	0.000000	20.221748
30.272772	20.089335	0.000000	20.089335
30.299508	19.957792	0.000000	19.957792
30.326244	19.827113	0.000000	19.827113
30.352980	19.697293	0.000000	19.697293
30.379717	19.568325	0.000000	19.568325
30.406453	19.440206	0.000000	19.440206
30.433189	19.312928	0.000000	19.312928
30.459925	19.186487	0.000000	19.186487
30.486662	19.060878	0.000000	19.060878
30.513398	18.936094	0.000000	18.936094
30.540134	18.812130	0.000000	18.812130
30.566870	18.688981	0.000000	18.688981
30.593607	18.566643	0.000000	18.566643
30.620343	18.445108	0.000000	18.445108
30.647079	18.324374	0.000000	18.324374
30.673815	18.204433	0.000000	18.204433
30.700552	18.085281	0.000000	18.085281
30.727288	17.966912	0.000000	17.966912
30.754024	17.849323	0.000000	17.849323
30.780760	17.732507	0.000000	17.732507
30.807497	17.616460	0.000000	17.616460
30.834233	17.501176	0.000000	17.501176
30.860969	17.386650	0.000000	17.386650
30.887705	17.272879	0.000000	17.272879
30.914442	17.159856	0.000000	17.159856
30.941178	17.047577	0.000000	17.047577
30.967914	16.936037	0.000000	16.936037
30.994650	16.825231	0.000000	16.825231
31.021387	16.715154	0.000000	16.715154
31.048123	16.605802	0.000000	16.605802
31.074859	16.497170	0.000000	16.497170
31.101595	16.389254	0.000000	16.389254
31.128331	16.282047	0.000000	16.282047
31.155068	16.175547	0.000000	16.175547
31.181804	16.069748	0.000000	16.069748
31.208540	15.964645	0.000000	15.964645
31.235276	15.860235	0.000000	15.860235
31.262013	15.756512	0.000000	15.756512
31.288749	15.653472	0.000000	15.653472
31.315485	15.551111	0.000000	15.551111
31.342221	15.449424	0.000000	15.449424
31.368958	15.348407	0.000000	15.348407
31.395694	15.248056	0.000000	15.248056
31.422430	15.148365	0.000000	15.148365
31.449166	15.049331	0.000000	15.049331
31.475903	14.950950	0.000000	14.950950
31.502639	14.853217	0.000000	14.853217
31.529375	14.756127	0.000000	14.756127
31.556111	14.659677	0.000000	14.659677
31.582848	14.563863	0.000000	14.563863
31.609584	14.468680	0.000000	14.468680
31.636320	14.374125	0.000000	14.374125
31.663056	14.280192	0.000000	14.280192
31.689793	14.186878	0.000000	14.186878
31.716529	14.094180	0.000000	14.094180
31.743265	14.002092	0.000000	14.002092
31.770001	13.910611	0.000000	13.910611
31.796738	13.819733	0.000000	13.819733
31.823474	13.729454	0.000000	13.729454
31.850210	13.639770	0.000000	13.639770
31.876946	13.550677	0.000000	13.550677
31.903683	13.462171	0.000000	13.462171
31.930419	13.374249	0.000000	13.374249
31.957155	13.286906	0.000000	13.286906
31.983891	13.200139	0.000000	13.200139
32.010628	13.113944	0.000000	13.113944
32.037364	13.028317	0.000000	13.028317
32.064100	12.943255	0.000000	12.943255
