# Z_nm	Fit_totale_conteggi	Gauss1_conteggi	Gauss2_conteggi
0.000000	7.119629	0.000247	7.119382
0.030451	7.213354	0.000274	7.213080
0.060903	7.308107	0.000304	7.307803
0.091354	7.403896	0.000336	7.403560
0.121806	7.500731	0.000373	7.500358
0.152257	7.598619	0.000413	7.598206
0.182708	7.697569	0.000457	7.697112
0.213160	7.797589	0.000506	7.797084
0.243611	7.898689	0.000559	7.898129
0.274062	8.000876	0.000619	8.000257
0.304514	8.104160	0.000684	8.103476
0.334965	8.208548	0.000756	8.207792
0.365417	8.314051	0.000835	8.313216
0.395868	8.420676	0.000922	8.419754
0.426319	8.528434	0.001019	8.527415
0.456771	8.637332	0.001124	8.636208
0.487222	8.747380	0.001241	8.746140
0.517673	8.858588	0.001368	8.857219
0.548125	8.970964	0.001509	8.969455
0.578576	9.084518	0.001663	9.082854
0.609028	9.199259	0.001833	9.197426
0.639479	9.315198	0.002019	9.313179
0.669930	9.432344	0.002224	9.430120
0.700382	9.550707	0.002448	9.548259
0.730833	9.670297	0.002694	9.667602
0.761284	9.791124	0.002964	9.788160
0.791736	9.913199	0.003260	9.909939
0.822187	10.036533	0.003585	10.032948
0.852639	10.161135	0.003940	10.157195
0.883090	10.287018	0.004329	10.282689
0.913541	10.414193	0.004755	10.409438
0.943993	10.542671	0.005222	10.537449
0.974444	10.672464	0.005732	10.666732
1.004895	10.803584	0.006290	10.797294
1.035347	10.936043	0.006900	10.929143
1.065798	11.069855	0.007567	11.062288
1.096250	11.205033	0.008296	11.196738
1.126701	11.341590	0.009091	11.332499
1.157152	11.479541	0.009960	11.469580
1.187604	11.618899	0.010909	11.607990
1.218055	11.759680	0.011944	11.747736
1.248506	11.901899	0.013072	11.888827
1.278958	12.045573	0.014303	12.031270
1.309409	12.190719	0.015645	12.175074
1.339861	12.337354	0.017107	12.320247
1.370312	12.485496	0.018699	12.466796
1.400763	12.635164	0.020433	12.614731
1.431215	12.786379	0.022321	12.764058
1.461666	12.939161	0.024375	12.914786
1.492117	13.093532	0.026610	13.066922
1.522569	13.249514	0.029040	13.220475
1.553020	13.407133	0.031681	13.375452
1.583472	13.566413	0.034552	13.531861
1.613923	13.727381	0.037670	13.689711
1.644374	13.890065	0.041057	13.849008
1.674826	14.054495	0.044734	14.009761
1.705277	14.220701	0.048724	14.171977
1.735728	14.388716	0.053053	14.335664
1.766180	14.558576	0.057747	14.500829
1.796631	14.730318	0.062837	14.667481
1.827083	14.903979	0.068353	14.835626
1.857534	15.079602	0.074329	15.005273
1.887985	15.257229	0.080801	15.176428
1.918437	15.436908	0.087809	15.349099
1.948888	15.618687	0.095393	15.523294
1.979339	15.802619	0.103599	15.699020
2.009791	15.988758	0.112474	15.876284
2.040242	16.177163	0.122070	16.055093
2.070694	16.367896	0.132442	16.235454
2.101145	16.561024	0.143648	16.417376
2.131596	16.756615	0.155752	16.600864
2.162048	16.954746	0.168821	16.785925
2.192499	17.155495	0.182927	16.972568
2.222950	17.358946	0.198148	17.160798
2.253402	17.565188	0.214565	17.350623
2.283853	17.774316	0.232268	17.542049
2.314305	17.986432	0.251349	17.735083
2.344756	18.201641	0.271910	17.929731
2.375207	18.420058	0.294057	18.126001
2.405659	18.641804	0.317905	18.323899
2.436110	18.867007	0.343575	18.523431
2.466561	19.095802	0.371198	18.724604
2.497013	19.328336	0.400912	18.927424
2.527464	19.564760	0.432864	19.131897
2.557916	19.805240	0.467211	19.338029
2.588367	20.049946	0.504119	19.545827
2.618818	20.299063	0.543767	19.755296
2.649270	20.552786	0.586343	19.966443
2.679721	20.811320	0.632047	20.179274
2.710172	21.074886	0.681093	20.393793
2.740624	21.343714	0.733706	20.610008
2.771075	21.618050	0.790128	20.827922
2.801527	21.898155	0.850612	21.047543
2.831978	22.184305	0.915430	21.268875
2.862429	22.476791	0.984867	21.491924
2.892881	22.775923	1.059227	21.716696
2.923332	23.082026	1.138832	21.943194
2.953783	23.395448	1.224023	22.171425
2.984235	23.716553	1.315160	22.401392
3.014686	24.045727	1.412624	22.633103
3.045138	24.383379	1.516819	22.866560
3.075589	24.729940	1.628172	23.101768
3.106040	25.085865	1.747132	23.338733
3.136492	25.451634	1.874175	23.577459
3.166943	25.827754	2.009804	23.817949
3.197394	26.214759	2.154550	24.060209
3.227846	26.613214	2.308971	24.304243
3.258297	27.023711	2.473657	24.550054
3.288749	27.446876	2.649229	24.797646
3.319200	27.883367	2.836343	25.047024
3.349651	28.333879	3.035688	25.298191
3.380103	28.799140	3.247989	25.551150
3.410554	29.279917	3.474011	25.805906
3.441006	29.777016	3.714556	26.062461
3.471457	30.291286	3.970468	26.320818
3.501908	30.823616	4.242634	26.580982
3.532360	31.374941	4.531987	26.842954
3.562811	31.946241	4.839503	27.106738
3.593262	32.538546	5.166210	27.372336
3.623714	33.152935	5.513184	27.639751
3.654165	33.790538	5.881552	27.908986
3.684617	34.452541	6.272499	28.180043
3.715068	35.140185	6.687261	28.452923
3.745519	35.854768	7.127138	28.727630
3.775971	36.597650	7.593485	29.004165
3.806422	37.370251	8.087722	29.282530
3.836873	38.174059	8.611333	29.562726
3.867325	39.010626	9.165870	29.844756
3.897776	39.881572	9.752953	30.128619
3.928228	40.788592	10.374273	30.414319
3.958679	41.733451	11.031596	30.701855
3.989130	42.717991	11.726762	30.991229
4.019582	43.744133	12.461691	31.282442
4.050033	44.813878	13.238385	31.575494
4.080484	45.929310	14.058925	31.870385
4.110936	47.092598	14.925482	32.167117
4.141387	48.306000	15.840311	32.465688
4.171839	49.571861	16.805761	32.766100
4.202290	50.892623	17.824270	33.068352
4.232741	52.270819	18.898375	33.372444
4.263193	53.709083	20.030707	33.678376
4.293644	55.210144	21.223998	33.986146
4.324095	56.776838	22.481084	34.295754
4.354547	58.412102	23.804903	34.607199
4.384998	60.118981	25.198500	34.920481
4.415450	61.900627	26.665030	35.235597
4.445901	63.760306	28.207759	35.552546
4.476352	65.701394	29.830066	35.871327
4.506804	67.727383	31.535444	36.191938
4.537255	69.841883	33.327506	36.514378
4.567706	72.048623	35.209980	36.838642
4.598158	74.351451	37.186720	37.164731
4.628609	76.754338	39.261697	37.492641
4.659061	79.261381	41.439012	37.822369
4.689512	81.876799	43.722886	38.153912
4.719963	84.604941	46.117672	38.487269
4.750415	87.450281	48.627847	38.822435
4.780866	90.417426	51.258019	39.159406
4.811317	93.511108	54.012927	39.498181
4.841769	96.736194	56.897440	39.838754
4.872220	100.097680	59.916558	40.181122
4.902672	103.600693	63.075413	40.525281
4.933123	107.250494	66.379268	40.871226
4.963574	111.052473	69.833520	41.218953
4.994026	115.012153	73.443696	41.568457
5.024477	119.135188	77.215454	41.919734
5.054928	123.427361	81.154583	42.272778
5.085380	127.894585	85.267001	42.627583
5.115831	132.542900	89.558754	42.984146
5.146283	137.378473	94.036014	43.342459
5.176734	142.407596	98.705078	43.702518
5.207185	147.636681	103.572365	44.064315
5.237637	153.072262	108.644416	44.427846
5.268088	158.720989	113.927887	44.793102
5.298539	164.589627	119.429548	45.160079
5.328991	170.685049	125.156281	45.528768
5.359442	177.014238	131.115076	45.899163
5.389894	183.584277	137.313021	46.271256
5.420345	190.402349	143.757308	46.645040
5.450796	197.475727	150.455219	47.020508
5.481248	204.811776	157.414125	47.397651
5.511699	212.417940	164.641478	47.776462
5.542150	220.301739	172.144808	48.156932
5.572602	228.470766	179.931713	48.539052
5.603053	236.932672	188.009857	48.922815
5.633505	245.695166	196.386956	49.308210
5.663956	254.766004	205.070775	49.695229
5.694407	264.152983	214.069120	50.083863
5.724859	273.863928	223.389826	50.474102
5.755310	283.906687	233.040751	50.865936
5.785761	294.289121	243.029766	51.259356
5.816213	305.019094	253.364743	51.654350
5.846664	316.104459	264.053549	52.050910
5.877116	327.553054	275.104031	52.449023
5.907567	339.372685	286.524006	52.848680
5.938018	351.571118	298.321250	53.249869
5.968470	364.156065	310.503486	53.652578
5.998921	377.135171	323.078373	54.056798
6.029372	390.516005	336.053490	54.462515
6.059824	404.306043	349.436324	54.869718
6.090275	418.512654	363.234258	55.278395
6.120727	433.143090	377.454556	55.688534
6.151178	448.204468	392.104347	56.100121
6.181629	463.703758	407.190613	56.513145
6.212081	479.647765	422.720173	56.927591
6.242532	496.043117	438.699668	57.343448
6.272983	512.896246	455.135545	57.760701
6.303435	530.213377	472.034039	58.179338
6.333886	548.000505	489.401162	58.599343
6.364338	566.263386	507.242683	59.020703
6.394789	585.007515	525.564111	59.443404
6.425240	604.238113	544.370682	59.867431
6.455692	623.960106	563.667337	60.292770
6.486143	644.178113	583.458708	60.719405
6.516594	664.896425	603.749104	61.147321
6.547046	686.118990	624.542486	61.576504
6.577497	707.849395	645.842458	62.006937
6.607949	730.090847	667.652242	62.438605
6.638400	752.846161	689.974670	62.871491
6.668851	776.117738	712.812158	63.305579
6.699303	799.907549	736.166695	63.740854
6.729754	824.217120	760.039823	64.177297
6.760206	849.047515	784.432622	64.614893
6.790657	874.399318	809.345693	65.053625
6.821108	900.272617	834.779143	65.493474
6.851560	926.666989	860.732566	65.934424
6.882011	953.581486	887.205030	66.376456
6.912462	981.014616	914.195064	66.819553
6.942914	1008.964333	941.700636	67.263697
6.973365	1037.428017	969.719149	67.708869
7.003817	1066.402467	998.247417	68.155050
7.034268	1095.883881	1027.281658	68.602222
7.064719	1125.867848	1056.817482	69.050367
7.095171	1156.349337	1086.849873	69.499464
7.125622	1187.322679	1117.373185	69.949494
7.156073	1218.781565	1148.381127	70.400438
7.186525	1250.719029	1179.866754	70.852275
7.216976	1283.127445	1211.822458	71.304987
7.247428	1315.998513	1244.239961	71.758552
7.277879	1349.323256	1277.110306	72.212950
7.308330	1383.092013	1310.423852	72.668161
7.338782	1417.294431	1344.170268	73.124163
7.369233	1451.919465	1378.338529	73.580936
7.399684	1486.955369	1412.916910	74.038458
7.430136	1522.389699	1447.892990	74.496709
7.460587	1558.209308	1483.253643	74.955666
7.491039	1594.400349	1518.985042	75.415307
7.521490	1630.948274	1555.072663	75.875611
7.551941	1667.837834	1591.501279	76.336555
7.582393	1705.053088	1628.254970	76.798118
7.612844	1742.577404	1665.317128	77.260276
7.643295	1780.393465	1702.670458	77.723006
7.673747	1818.483275	1740.296989	78.186286
7.704198	1856.828172	1778.178079	78.650093
7.734650	1895.408833	1816.294430	79.114403
7.765101	1934.205286	1854.626093	79.579193
7.795552	1973.196925	1893.152485	80.044439
7.826004	2012.362518	1931.852400	80.510118
7.856455	2051.680228	1970.704024	80.976204
7.886906	2091.127627	2009.684952	81.442675
7.917358	2130.681710	2048.772205	81.909505
7.947809	2170.318919	2087.942248	82.376670
7.978261	2210.015159	2127.171013	82.844146
8.008712	2249.745824	2166.433916	83.311907
8.039163	2289.485813	2205.705883	83.779929
8.069615	2329.209559	2244.961372	84.248186
8.100066	2368.891052	2284.174398	84.716653
8.130517	2408.503866	2323.318561	85.185305
8.160969	2448.021184	2362.367069	85.654115
8.191420	2487.415831	2401.292773	86.123058
8.221872	2526.660297	2440.068190	86.592107
8.252323	2565.726774	2478.665536	87.061238
8.282774	2604.587182	2517.056760	87.530423
8.313226	2643.213206	2555.213571	87.999636
8.343677	2681.576326	2593.107476	88.468850
8.374128	2719.647853	2630.709814	88.938039
8.404580	2757.398962	2667.991787	89.407176
8.435031	2794.800731	2704.924498	89.876233
8.465483	2831.824174	2741.478990	90.345184
8.495934	2868.440279	2777.626277	90.814002
8.526385	2904.620047	2813.337389	91.282658
8.556837	2940.334529	2848.583403	91.751126
8.587288	2975.554862	2883.335484	92.219378
8.617739	3010.252313	2917.564927	92.687385
8.648191	3044.398312	2951.243191	93.155121
8.678642	3077.964497	2984.341940	93.622557
8.709094	3110.922749	3016.833084	94.089665
8.739545	3143.245232	3048.688816	94.556416
8.769996	3174.904436	3079.881653	95.022783
8.800448	3205.873211	3110.384474	95.488736
8.830899	3236.124810	3140.170561	95.954248
8.861350	3265.632926	3169.213636	96.419290
8.891802	3294.371732	3197.487899	96.883832
8.922253	3322.315916	3224.968069	97.347847
8.952705	3349.440722	3251.629418	97.811304
8.983156	3375.721985	3277.447809	98.274175
9.013607	3401.136168	3302.399737	98.736431
9.044059	3425.660398	3326.462355	99.198043
9.074510	3449.272499	3349.613518	99.658981
9.104961	3471.951029	3371.831813	100.119216
9.135413	3493.675309	3393.096590	100.578718
9.165864	3514.425458	3413.388000	101.037459
9.196316	3534.182425	3432.687018	101.495407
9.226767	3552.928014	3450.975479	101.952535
9.257218	3570.644915	3468.236104	102.408811
9.287670	3587.316734	3484.452528	102.864206
9.318121	3602.928014	3499.609324	103.318690
9.348572	3617.464263	3513.692029	103.772234
9.379024	3630.911975	3526.687167	104.224807
9.409475	3643.258651	3538.582271	104.676380
9.439927	3654.492823	3549.365901	105.126922
9.470378	3664.604068	3559.027665	105.576403
9.500829	3673.583024	3567.558231	106.024793
9.531281	3681.421411	3574.949349	106.472062
9.561732	3688.112038	3581.193858	106.918180
9.592183	3693.648818	3586.285701	107.363116
9.622635	3698.026775	3590.219934	107.806841
9.653086	3701.242058	3592.992734	108.249323
9.683538	3703.291938	3594.601404	108.690534
9.713989	3704.174820	3595.044379	109.130441
9.744440	3703.890244	3594.321228	109.569016
9.774892	3702.438882	3592.432655	110.006227
9.805343	3699.822541	3589.380496	110.442044
9.835794	3696.044159	3585.167720	110.876438
9.866246	3691.107798	3579.798420	111.309377
9.896697	3685.018641	3573.277809	111.740832
9.927149	3677.782980	3565.612209	112.170772
9.957600	3669.408210	3556.809044	112.599166
9.988051	3659.902811	3546.876826	113.025985
10.018503	3649.276340	3535.825141	113.451198
10.048954	3637.539412	3523.664637	113.874775
10.079406	3624.703687	3510.407001	114.296686
10.109857	3610.781845	3496.064946	114.716900
10.140308	3595.787572	3480.652185	115.135387
10.170760	3579.735534	3464.183416	115.552118
10.201211	3562.641355	3446.674293	115.967062
10.231662	3544.521592	3428.141403	116.380189
10.262114	3525.393710	3408.602242	116.791469
10.292565	3505.276055	3388.075183	117.200872
10.323017	3484.187819	3366.579451	117.608368
10.353468	3462.149020	3344.135092	118.013928
10.383919	3439.180463	3320.762941	118.417521
10.414371	3415.303710	3296.484591	118.819119
10.444822	3390.541049	3271.322359	119.218691
10.475273	3364.915458	3245.299251	119.616207
10.505725	3338.450569	3218.438930	120.011639
10.536176	3311.170633	3190.765676	120.404957
10.566628	3283.100486	3162.304355	120.796131
10.597079	3254.265508	3133.080375	121.185133
10.627530	3224.691587	3103.119655	121.571933
10.657982	3194.405083	3072.448581	121.956502
10.688433	3163.432785	3041.093974	122.338811
10.718884	3131.801875	3009.083043	122.718832
10.749336	3099.539890	2976.443355	123.096535
10.779787	3066.674678	2943.202786	123.471893
10.810239	3033.234365	2909.389490	123.844876
10.840690	2999.247310	2875.031855	124.215455
10.871141	2964.742069	2840.158465	124.583604
10.901593	2929.747355	2804.798062	124.949294
10.932044	2894.291999	2768.979503	125.312496
10.962495	2858.404909	2732.731727	125.673183
10.992947	2822.115037	2696.083711	126.031326
11.023398	2785.451337	2659.064438	126.386899
11.053850	2748.442728	2621.702853	126.739874
11.084301	2711.118057	2584.027834	127.090224
11.114752	2673.506067	2546.068146	127.437920
11.145204	2635.635354	2507.852417	127.782937
11.175655	2597.534340	2469.409093	128.125248
11.206106	2559.231233	2430.766409	128.464825
11.236558	2520.753998	2391.952356	128.801642
11.267009	2482.130321	2352.994648	129.135672
11.297461	2443.387581	2313.920691	129.466891
11.327912	2404.552821	2274.757551	129.795270
11.358363	2365.652712	2235.531927	130.120785
11.388815	2326.713534	2196.270124	130.443410
11.419266	2287.761139	2156.998020	130.763119
11.449717	2248.820937	2117.741050	131.079887
11.480169	2209.917858	2078.524170	131.393689
11.510620	2171.076341	2039.371842	131.704499
11.541072	2132.320304	2000.308010	132.012294
11.571523	2093.673123	1961.356075	132.317048
11.601974	2055.157618	1922.538881	132.618738
11.632426	2016.796029	1883.878692	132.917338
11.662877	1978.610002	1845.397176	133.212825
11.693328	1940.620569	1807.115394	133.505176
11.723780	1902.848141	1769.053775	133.794366
11.754231	1865.312487	1731.232114	134.080373
11.784683	1828.032726	1693.669552	134.363174
11.815134	1791.027315	1656.384570	134.642745
11.845585	1754.314041	1619.394978	134.919064
11.876037	1717.910013	1582.717905	135.192108
11.906488	1681.831653	1546.369797	135.461856
11.936939	1646.094692	1510.366407	135.728285
11.967391	1610.714165	1474.722791	135.991375
11.997842	1575.704410	1439.453308	136.251102
12.028294	1541.079063	1404.571616	136.507447
12.058745	1506.851059	1370.090671	136.760388
12.089196	1473.032632	1336.022728	137.009904
12.119648	1439.635318	1302.379342	137.255976
12.150099	1406.669954	1269.171372	137.498582
12.180550	1374.146685	1236.408982	137.737703
12.211002	1342.074968	1204.101648	137.973320
12.241453	1310.463577	1172.258165	138.205413
12.271905	1279.320609	1140.886647	138.433962
12.302356	1248.653493	1109.994543	138.658949
12.332807	1218.468996	1079.588640	138.880356
12.363259	1188.773237	1049.675073	139.098164
12.393710	1159.571690	1020.259336	139.312354
12.424161	1130.869203	991.346292	139.522910
12.454613	1102.670001	962.940187	139.729814
12.485064	1074.977704	935.044655	139.933048
12.515516	1047.795337	907.662741	140.132596
12.545967	1021.125347	880.796905	140.328442
12.576418	994.969610	854.449043	140.520567
12.606870	969.329453	828.620494	140.708958
12.637321	944.205662	803.312064	140.893598
12.667772	919.598504	778.524033	141.074471
12.698224	895.507737	754.256174	141.251563
12.728675	871.932628	730.507770	141.424859
12.759127	848.871971	707.277628	141.594343
12.789578	826.324100	684.564097	141.760003
12.820029	804.286907	662.365084	141.921824
12.850481	782.757862	640.678070	142.079792
12.880932	761.734026	619.500131	142.233895
12.911383	741.212068	598.827950	142.384118
12.941835	721.188286	578.657835	142.530451
12.972286	701.658619	558.985740	142.672879
13.002738	682.618670	539.807277	142.811392
13.033189	664.063718	521.117740	142.945978
13.063640	645.988737	502.912112	143.076625
13.094092	628.388415	485.185093	143.203322
13.124543	611.257167	467.931108	143.326059
13.154994	594.589154	451.144329	143.444825
13.185446	578.378300	434.818690	143.559610
13.215897	562.618306	418.947902	143.670404
13.246349	547.302668	403.525469	143.777199
13.276800	532.424693	388.544708	143.879984
13.307251	517.977512	373.998760	143.978752
13.337703	503.954098	359.880604	144.073494
13.368154	490.347279	346.183078	144.164201
13.398606	477.149756	332.898888	144.250867
13.429057	464.354110	320.020626	144.333484
13.459508	451.952825	307.540780	144.412044
13.489960	439.938293	295.451752	144.486542
13.520411	428.302836	283.745865	144.556970
13.550862	417.038708	272.415384	144.623324
13.581314	406.138117	261.452521	144.685596
13.611765	395.593233	250.849450	144.743782
13.642217	385.396197	240.598319	144.797878
13.672668	375.539136	230.691259	144.847877
13.703119	366.014174	221.120397	144.893777
13.733571	356.813438	211.877865	144.935573
13.764022	347.929070	202.955809	144.973261
13.794473	339.353239	194.346400	145.006839
13.824925	331.078145	186.041841	145.036304
13.855376	323.096031	178.034379	145.061652
13.885828	315.399190	170.316308	145.082882
13.916279	307.979974	162.879981	145.099993
13.946730	300.830797	155.717815	145.112982
13.977182	293.944147	148.822299	145.121848
14.007633	287.312590	142.185999	145.126591
14.038084	280.928775	135.801564	145.127211
14.068536	274.785441	129.661734	145.123707
14.098987	268.875422	123.759343	145.116079
14.129439	263.191653	118.087324	145.104329
14.159890	257.727170	112.638714	145.088456
14.190341	252.475121	107.406657	145.068464
14.220793	247.428763	102.384410	145.044353
14.251244	242.581469	97.565344	145.016125
14.281695	237.926731	92.942948	144.983783
14.312147	233.458161	88.510832	144.947329
14.342598	229.169496	84.262729	144.906767
14.373050	225.054596	80.192496	144.862100
14.403501	221.107450	76.294118	144.813332
14.433952	217.322175	72.561708	144.760467
14.464404	213.693018	68.989509	144.703509
14.494855	210.214358	65.571894	144.642464
14.525306	206.880703	62.303367	144.577336
14.555758	203.686696	59.178564	144.508132
14.586209	200.627109	56.192253	144.434856
14.616661	197.696849	53.339333	144.357516
14.647112	194.890953	50.614836	144.276117
14.677563	192.204591	48.013924	144.190667
14.708015	189.633064	45.531890	144.101173
14.738466	187.171801	43.164159	144.007643
14.768917	184.816364	40.906281	143.910084
14.799369	182.562441	38.753937	143.808505
14.829820	180.405847	36.702933	143.702914
14.860272	178.342522	34.749202	143.593320
14.890723	176.368532	32.888799	143.479733
14.921174	174.480064	31.117901	143.362162
14.951626	172.673426	29.432809	143.240618
14.982077	170.945047	27.829938	143.115109
15.012528	169.291470	26.305822	142.985648
15.042980	167.709354	24.857110	142.852245
15.073431	166.195473	23.480563	142.714911
15.103883	164.746710	22.173053	142.573657
15.134334	163.360056	20.931560	142.428496
15.164785	162.032611	19.753170	142.279441
15.195237	160.761577	18.635075	142.126502
15.225688	159.544259	17.574565	141.969694
15.256139	158.378062	16.569033	141.809030
15.286591	157.260487	15.615965	141.644522
15.317042	156.189131	14.712946	141.476185
15.347494	155.161681	13.857648	141.304033
15.377945	154.175919	13.047838	141.128080
15.408396	153.229709	12.281367	140.948342
15.438848	152.321003	11.556171	140.764832
15.469299	151.447837	10.870270	140.577567
15.499750	150.608325	10.221764	140.386561
15.530202	149.800661	9.608828	140.191832
15.560653	149.023112	9.029717	139.993395
15.591105	148.274023	8.482756	139.791267
15.621556	147.551806	7.966342	139.585464
15.652007	146.854943	7.478939	139.376003
15.682459	146.181983	7.019080	139.162903
15.712910	145.531540	6.585360	138.946180
15.743361	144.902288	6.176436	138.725853
15.773813	144.292965	5.791025	138.501939
15.804264	143.702362	5.427903	138.274458
15.834716	143.129329	5.085900	138.043428
15.865167	142.572770	4.763901	137.808869
15.895618	142.031639	4.460841	137.570798
15.926070	141.504942	4.175705	137.329237
15.956521	140.991732	3.907528	137.084204
15.986972	140.491108	3.655387	136.835721
16.017424	140.002215	3.418408	136.583807
16.047875	139.524237	3.195755	136.328483
16.078327	139.056404	2.986635	136.069769
16.108778	138.597982	2.790294	135.807688
16.139229	138.148275	2.606015	135.542260
16.169681	137.706623	2.433116	135.273507
16.200132	137.272403	2.270952	135.001451
16.230583	136.845022	2.118909	134.726113
16.261035	136.423921	1.976404	134.447517
16.291486	136.008569	1.842885	134.165685
16.321938	135.598467	1.717828	133.880639
16.352389	135.193141	1.600739	133.592402
16.382840	134.792145	1.491147	133.300999
16.413292	134.395058	1.388607	133.006451
16.443743	134.001483	1.292699	132.708784
16.474194	133.611045	1.203025	132.408020
16.504646	133.223393	1.119208	132.104184
16.535097	132.838194	1.040894	131.797301
16.565549	132.455139	0.967745	131.487394
16.596000	132.073933	0.899445	131.174488
16.626451	131.694303	0.835694	130.858609
16.656903	131.315991	0.776210	130.539781
16.687354	130.938755	0.720726	130.218029
16.717806	130.562371	0.668991	129.893380
16.748257	130.186627	0.620768	129.565859
16.778708	129.811325	0.575835	129.235491
16.809160	129.436283	0.533980	128.902302
16.839611	129.061327	0.495008	128.566320
16.870062	128.686300	0.458730	128.227569
16.900514	128.311051	0.424974	127.886077
16.930965	127.935445	0.393574	127.541871
16.961417	127.559352	0.364376	127.194976
16.991868	127.182655	0.337234	126.845421
17.022319	126.805245	0.312013	126.493232
17.052771	126.427022	0.288585	126.138437
17.083222	126.047892	0.266829	125.781063
17.113673	125.667770	0.246633	125.421137
17.144125	125.286580	0.227892	125.058688
17.174576	124.904250	0.210507	124.693743
17.205028	124.520715	0.194385	124.326330
17.235479	124.135917	0.179439	123.956478
17.265930	123.749803	0.165589	123.584214
17.296382	123.362325	0.152758	123.209567
17.326833	122.973442	0.140876	122.832566
17.357284	122.583114	0.129876	122.453238
17.387736	122.191309	0.119696	122.071614
17.418187	121.797998	0.110278	121.687720
17.448639	121.403156	0.101568	121.301588
17.479090	121.006760	0.093516	120.913245
17.509541	120.608794	0.086074	120.522720
17.539993	120.209242	0.079199	120.130043
17.570444	119.808092	0.072849	119.735243
17.600895	119.405337	0.066987	119.338350
17.631347	119.000969	0.061576	118.939393
17.661798	118.594985	0.056584	118.538401
17.692250	118.187384	0.051980	118.135404
17.722701	117.778167	0.047735	117.730432
17.753152	117.367337	0.043823	117.323514
17.783604	116.954899	0.040218	116.914681
17.814055	116.540859	0.036897	116.503962
17.844506	116.125227	0.033840	116.091387
17.874958	115.708012	0.031026	115.676986
17.905409	115.289226	0.028437	115.260789
17.935861	114.868882	0.026056	114.842826
17.966312	114.446993	0.023866	114.423128
17.996763	114.023576	0.021853	114.001723
18.027215	113.598647	0.020003	113.578644
18.057666	113.172224	0.018304	113.153919
18.088117	112.744324	0.016744	112.727580
18.118569	112.314968	0.015312	112.299656
18.149020	111.884175	0.013998	111.870177
18.179472	111.451967	0.012792	111.439174
18.209923	111.018365	0.011687	111.006678
18.240374	110.583391	0.010673	110.572718
18.270826	110.147070	0.009745	110.137325
18.301277	109.709423	0.008894	109.700530
18.331728	109.270476	0.008115	109.262361
18.362180	108.830253	0.007401	108.822851
18.392631	108.388778	0.006749	108.382029
18.423083	107.946077	0.006151	107.939926
18.453534	107.502177	0.005605	107.496571
18.483985	107.057102	0.005106	107.051996
18.514437	106.610880	0.004650	106.606230
18.544888	106.163536	0.004233	106.159304
18.575339	105.715099	0.003852	105.711247
18.605791	105.265595	0.003504	105.262091
18.636242	104.815051	0.003187	104.811864
18.666694	104.363496	0.002897	104.360598
18.697145	103.910956	0.002633	103.908323
18.727596	103.457460	0.002392	103.455067
18.758048	103.003035	0.002173	103.000862
18.788499	102.547711	0.001973	102.545738
18.818950	102.091514	0.001791	102.089723
18.849402	101.634473	0.001625	101.632848
18.879853	101.176617	0.001474	101.175144
18.910305	100.717975	0.001337	100.716638
18.940756	100.258573	0.001212	100.257362
18.971207	99.798442	0.001098	99.797344
19.001659	99.337608	0.000995	99.336614
19.032110	98.876102	0.000901	98.875201
19.062561	98.413951	0.000815	98.413136
19.093013	97.951184	0.000738	97.950446
19.123464	97.487830	0.000668	97.487162
19.153916	97.023916	0.000604	97.023312
19.184367	96.559471	0.000546	96.558925
19.214818	96.094524	0.000494	96.094030
19.245270	95.629103	0.000446	95.628657
19.275721	95.163236	0.000403	95.162833
19.306172	94.696951	0.000364	94.696587
19.336624	94.230277	0.000328	94.229949
19.367075	93.763241	0.000296	93.762945
19.397527	93.295872	0.000267	93.295605
19.427978	92.828197	0.000241	92.827956
19.458429	92.360245	0.000217	92.360027
19.488881	91.892042	0.000196	91.891846
19.519332	91.423617	0.000176	91.423440
19.549783	90.954996	0.000159	90.954837
19.580235	90.486209	0.000143	90.486065
19.610686	90.017280	0.000129	90.017152
19.641138	89.548239	0.000116	89.548123
19.671589	89.079112	0.000104	89.079007
19.702040	88.609925	0.000094	88.609831
19.732492	88.140706	0.000084	88.140622
19.762943	87.671482	0.000076	87.671406
19.793394	87.202278	0.000068	87.202210
19.823846	86.733121	0.000061	86.733060
19.854297	86.264038	0.000055	86.263983
19.884749	85.795055	0.000049	85.795006
19.915200	85.326197	0.000044	85.326153
19.945651	84.857491	0.000040	84.857451
19.976103	84.388962	0.000035	84.388926
20.006554	83.920635	0.000032	83.920603
20.037006	83.452537	0.000028	83.452508
20.067457	82.984691	0.000026	82.984666
20.097908	82.517125	0.000023	82.517102
20.128360	82.049861	0.000020	82.049840
20.158811	81.582925	0.000018	81.582907
20.189262	81.116342	0.000016	81.116326
20.219714	80.650136	0.000015	80.650121
20.250165	80.184331	0.000013	80.184318
20.280617	79.718951	0.000012	79.718939
20.311068	79.254020	0.000010	79.254010
20.341519	78.789562	0.000009	78.789553
20.371971	78.325601	0.000008	78.325593
20.402422	77.862159	0.000007	77.862152
20.432873	77.399260	0.000007	77.399254
20.463325	76.936927	0.000006	76.936921
20.493776	76.475183	0.000005	76.475178
20.524228	76.014050	0.000005	76.014045
20.554679	75.553551	0.000004	75.553546
20.585130	75.093707	0.000004	75.093704
20.615582	74.634542	0.000003	74.634539
20.646033	74.176077	0.000003	74.176074
20.676484	73.718333	0.000003	73.718330
20.706936	73.261332	0.000002	73.261330
20.737387	72.805096	0.000002	72.805094
20.767839	72.349645	0.000002	72.349643
20.798290	71.895000	0.000002	71.894999
20.828741	71.441183	0.000001	71.441181
20.859193	70.988212	0.000001	70.988211
20.889644	70.536110	0.000001	70.536109
20.920095	70.084895	0.000001	70.084894
20.950547	69.634588	0.000001	69.634587
20.980998	69.185209	0.000001	69.185208
21.011450	68.736776	0.000001	68.736776
21.041901	68.289310	0.000001	68.289309
21.072352	67.842828	0.000001	67.842828
21.102804	67.397351	0.000000	67.397351
21.133255	66.952896	0.000000	66.952896
21.163706	66.509483	0.000000	66.509483
21.194158	66.067129	0.000000	66.067128
21.224609	65.625852	0.000000	65.625852
21.255061	65.185670	0.000000	65.185670
21.285512	64.746601	0.000000	64.746601
21.315963	64.308662	0.000000	64.308662
21.346415	63.871870	0.000000	63.871870
21.376866	63.436243	0.000000	63.436243
21.407317	63.001796	0.000000	63.001796
21.437769	62.568547	0.000000	62.568547
21.468220	62.136512	0.000000	62.136512
21.498672	61.705706	0.000000	61.705706
21.529123	61.276146	0.000000	61.276146
21.559574	60.847848	0.000000	60.847847
21.590026	60.420826	0.000000	60.420826
21.620477	59.995096	0.000000	59.995096
21.650928	59.570673	0.000000	59.570673
21.681380	59.147572	0.000000	59.147572
21.711831	58.725808	0.000000	58.725808
21.742283	58.305394	0.000000	58.305394
21.772734	57.886345	0.000000	57.886345
21.803185	57.468674	0.000000	57.468674
21.833637	57.052397	0.000000	57.052397
21.864088	56.637525	0.000000	56.637525
21.894539	56.224072	0.000000	56.224072
21.924991	55.812052	0.000000	55.812052
21.955442	55.401477	0.000000	55.401477
21.985894	54.992360	0.000000	54.992360
22.016345	54.584712	0.000000	54.584712
22.046796	54.178547	0.000000	54.178547
22.077248	53.773877	0.000000	53.773877
22.107699	53.370712	0.000000	53.370712
22.138150	52.969065	0.000000	52.969065
22.168602	52.568947	0.000000	52.568947
22.199053	52.170368	0.000000	52.170368
22.229505	51.773341	0.000000	51.773341
22.259956	51.377875	0.000000	51.377875
22.290407	50.983981	0.000000	50.983981
22.320859	50.591670	0.000000	50.591670
22.351310	50.200950	0.000000	50.200950
22.381761	49.811833	0.000000	49.811833
22.412213	49.424328	0.000000	49.424328
22.442664	49.038444	0.000000	49.038444
22.473116	48.654190	0.000000	48.654190
22.503567	48.271575	0.000000	48.271575
22.534018	47.890608	0.000000	47.890608
22.564470	47.511298	0.000000	47.511298
22.594921	47.133653	0.000000	47.133653
22.625372	46.757681	0.000000	46.757681
22.655824	46.383390	0.000000	46.383390
22.686275	46.010788	0.000000	46.010788
22.716727	45.639882	0.000000	45.639882
22.747178	45.270679	0.000000	45.270679
22.777629	44.903188	0.000000	44.903188
22.808081	44.537414	0.000000	44.537414
22.838532	44.173364	0.000000	44.173364
22.868983	43.811045	0.000000	43.811045
22.899435	43.450463	0.000000	43.450463
22.929886	43.091625	0.000000	43.091625
22.960338	42.734536	0.000000	42.734536
22.990789	42.379201	0.000000	42.379201
23.021240	42.025628	0.000000	42.025628
23.051692	41.673819	0.000000	41.673819
23.082143	41.323782	0.000000	41.323782
23.112594	40.975520	0.000000	40.975520
23.143046	40.629039	0.000000	40.629039
23.173497	40.284344	0.000000	40.284344
23.203949	39.941437	0.000000	39.941437
23.234400	39.600324	0.000000	39.600324
23.264851	39.261009	0.000000	39.261009
23.295303	38.923495	0.000000	38.923495
23.325754	38.587786	0.000000	38.587786
23.356206	38.253886	0.000000	38.253886
23.386657	37.921797	0.000000	37.921797
23.417108	37.591523	0.000000	37.591523
23.447560	37.263067	0.000000	37.263067
23.478011	36.936431	0.000000	36.936431
23.508462	36.611618	0.000000	36.611618
23.538914	36.288630	0.000000	36.288630
23.569365	35.967470	0.000000	35.967470
23.599817	35.648138	0.000000	35.648138
23.630268	35.330638	0.000000	35.330638
23.660719	35.014971	0.000000	35.014971
23.691171	34.701139	0.000000	34.701139
23.721622	34.389141	0.000000	34.389141
23.752073	34.078981	0.000000	34.078981
23.782525	33.770659	0.000000	33.770659
23.812976	33.464175	0.000000	33.464175
23.843428	33.159530	0.000000	33.159530
23.873879	32.856725	0.000000	32.856725
23.904330	32.555760	0.000000	32.555760
23.934782	32.256635	0.000000	32.256635
23.965233	31.959351	0.000000	31.959351
23.995684	31.663907	0.000000	31.663907
24.026136	31.370302	0.000000	31.370302
24.056587	31.078537	0.000000	31.078537
24.087039	30.788611	0.000000	30.788611
24.117490	30.500522	0.000000	30.500522
24.147941	30.214271	0.000000	30.214271
24.178393	29.929856	0.000000	29.929856
24.208844	29.647275	0.000000	29.647275
24.239295	29.366528	0.000000	29.366528
24.269747	29.087613	0.000000	29.087613
24.300198	28.810529	0.000000	28.810529
24.330650	28.535273	0.000000	28.535273
24.361101	28.261844	0.000000	28.261844
24.391552	27.990239	0.000000	27.990239
24.422004	27.720457	0.000000	27.720457
24.452455	27.452496	0.000000	27.452496
24.482906	27.186352	0.000000	27.186352
24.513358	26.922023	0.000000	26.922023
24.543809	26.659507	0.000000	26.659507
24.574261	26.398800	0.000000	26.398800
24.604712	26.139900	0.000000	26.139900
24.635163	25.882804	0.000000	25.882804
24.665615	25.627508	0.000000	25.627508
24.696066	25.374009	0.000000	25.374009
24.726517	25.122304	0.000000	25.122304
24.756969	24.872389	0.000000	24.872389
24.787420	24.624261	0.000000	24.624261
24.817872	24.377915	0.000000	24.377915
24.848323	24.133348	0.000000	24.133348
24.878774	23.890555	0.000000	23.890555
24.909226	23.649533	0.000000	23.649533
24.939677	23.410278	0.000000	23.410278
24.970128	23.172784	0.000000	23.172784
25.000580	22.937049	0.000000	22.937049
25.031031	22.703066	0.000000	22.703066
25.061483	22.470831	0.000000	22.470831
25.091934	22.240340	0.000000	22.240340
25.122385	22.011588	0.000000	22.011588
25.152837	21.784570	0.000000	21.784570
25.183288	21.559280	0.000000	21.559280
25.213739	21.335714	0.000000	21.335714
25.244191	21.113867	0.000000	21.113867
25.274642	20.893732	0.000000	20.893732
25.305094	20.675306	0.000000	20.675306
25.335545	20.458581	0.000000	20.458581
25.365996	20.243553	0.000000	20.243553
25.396448	20.030215	0.000000	20.030215
25.426899	19.818563	0.000000	19.818563
25.457350	19.608590	0.000000	19.608590
25.487802	19.400291	0.000000	19.400291
25.518253	19.193659	0.000000	19.193659
25.548705	18.988688	0.000000	18.988688
25.579156	18.785372	0.000000	18.785372
25.609607	18.583705	0.000000	18.583705
25.640059	18.383681	0.000000	18.383681
25.670510	18.185292	0.000000	18.185292
25.700961	17.988534	0.000000	17.988534
25.731413	17.793399	0.000000	17.793399
25.761864	17.599880	0.000000	17.599880
25.792316	17.407972	0.000000	17.407972
25.822767	17.217667	0.000000	17.217667
25.853218	17.028958	0.000000	17.028958
25.883670	16.841840	0.000000	16.841840
25.914121	16.656304	0.000000	16.656304
25.944572	16.472343	0.000000	16.472343
25.975024	16.289952	0.000000	16.289952
26.005475	16.109123	0.000000	16.109123
26.035927	15.929848	0.000000	15.929848
26.066378	15.752120	0.000000	15.752120
26.096829	15.575933	0.000000	15.575933
26.127281	15.401279	0.000000	15.401279
26.157732	15.228151	0.000000	15.228151
26.188183	15.056541	0.000000	15.056541
26.218635	14.886442	0.000000	14.886442
26.249086	14.717846	0.000000	14.717846
26.279538	14.550747	0.000000	14.550747
26.309989	14.385136	0.000000	14.385136
26.340440	14.221005	0.000000	14.221005
26.370892	14.058348	0.000000	14.058348
26.401343	13.897156	0.000000	13.897156
26.431794	13.737423	0.000000	13.737423
26.462246	13.579139	0.000000	13.579139
26.492697	13.422298	0.000000	13.422298
26.523149	13.266891	0.000000	13.266891
26.553600	13.112911	0.000000	13.112911
26.584051	12.960350	0.000000	12.960350
26.614503	12.809200	0.000000	12.809200
26.644954	12.659453	0.000000	12.659453
26.675406	12.511101	0.000000	12.511101
26.705857	12.364136	0.000000	12.364136
26.736308	12.218550	0.000000	12.218550
26.766760	12.074336	0.000000	12.074336
26.797211	11.931484	0.000000	11.931484
26.827662	11.789988	0.000000	11.789988
26.858114	11.649839	0.000000	11.649839
26.888565	11.511028	0.000000	11.511028
26.919017	11.373549	0.000000	11.373549
26.949468	11.237392	0.000000	11.237392
26.979919	11.102549	0.000000	11.102549
27.010371	10.969013	0.000000	10.969013
27.040822	10.836775	0.000000	10.836775
27.071273	10.705827	0.000000	10.705827
27.101725	10.576161	0.000000	10.576161
27.132176	10.447768	0.000000	10.447768
27.162628	10.320641	0.000000	10.320641
27.193079	10.194771	0.000000	10.194771
27.223530	10.070150	0.000000	10.070150
27.253982	9.946770	0.000000	9.946770
27.284433	9.824622	0.000000	9.824622
27.314884	9.703698	0.000000	9.703698
27.345336	9.583991	0.000000	9.583991
27.375787	9.465491	0.000000	9.465491
27.406239	9.348191	0.000000	9.348191
27.436690	9.232082	0.000000	9.232082
27.467141	9.117156	0.000000	9.117156
27.497593	9.003405	0.000000	9.003405
27.528044	8.890821	0.000000	8.890821
27.558495	8.779395	0.000000	8.779395
27.588947	8.669119	0.000000	8.669119
27.619398	8.559985	0.000000	8.559985
27.649850	8.451985	0.000000	8.451985
27.680301	8.345110	0.000000	8.345110
27.710752	8.239352	0.000000	8.239352
27.741204	8.134704	0.000000	8.134704
27.771655	8.031156	0.000000	8.031156
27.802106	7.928702	0.000000	7.928702
27.832558	7.827332	0.000000	7.827332
27.863009	7.727038	0.000000	7.727038
27.893461	7.627813	0.000000	7.627813
27.923912	7.529648	0.000000	7.529648
27.954363	7.432535	0.000000	7.432535
27.984815	7.336466	0.000000	7.336466
28.015266	7.241433	0.000000	7.241433
28.045717	7.147428	0.000000	7.147428
28.076169	7.054443	0.000000	7.054443
28.106620	6.962470	0.000000	6.962470
28.137072	6.871500	0.000000	6.871500
28.167523	6.781527	0.000000	6.781527
28.197974	6.692541	0.000000	6.692541
28.228426	6.604536	0.000000	6.604536
28.258877	6.517502	0.000000	6.517502
28.289328	6.431433	0.000000	6.431433
28.319780	6.346320	0.000000	6.346320
28.350231	6.262155	0.000000	6.262155
28.380683	6.178931	0.000000	6.178931
28.411134	6.096640	0.000000	6.096640
28.441585	6.015273	0.000000	6.015273
28.472037	5.934824	0.000000	5.934824
28.502488	5.855285	0.000000	5.855285
28.532939	5.776648	0.000000	5.776648
28.563391	5.698904	0.000000	5.698904
28.593842	5.622047	0.000000	5.622047
28.624294	5.546070	0.000000	5.546070
28.654745	5.470963	0.000000	5.470963
28.685196	5.396720	0.000000	5.396720
28.715648	5.323334	0.000000	5.323334
28.746099	5.250796	0.000000	5.250796
28.776550	5.179099	0.000000	5.179099
28.807002	5.108237	0.000000	5.108237
28.837453	5.038200	0.000000	5.038200
28.867905	4.968983	0.000000	4.968983
28.898356	4.900577	0.000000	4.900577
28.928807	4.832976	0.000000	4.832976
28.959259	4.766172	0.000000	4.766172
28.989710	4.700158	0.000000	4.700158
29.020161	4.634926	0.000000	4.634926
29.050613	4.570470	0.000000	4.570470
29.081064	4.506782	0.000000	4.506782
29.111516	4.443855	0.000000	4.443855
29.141967	4.381683	0.000000	4.381683
29.172418	4.320257	0.000000	4.320257
29.202870	4.259572	0.000000	4.259572
29.233321	4.199619	0.000000	4.199619
29.263772	4.140393	0.000000	4.140393
29.294224	4.081886	0.000000	4.081886
29.324675	4.024092	0.000000	4.024092
29.355127	3.967003	0.000000	3.967003
29.385578	3.910613	0.000000	3.910613
29.416029	3.854915	0.000000	3.854915
29.446481	3.799902	0.000000	3.799902
29.476932	3.745568	0.000000	3.745568
29.507383	3.691906	0.000000	3.691906
29.537835	3.638909	0.000000	3.638909
29.568286	3.586571	0.000000	3.586571
29.598738	3.534886	0.000000	3.534886
29.629189	3.483846	0.000000	3.483846
29.659640	3.433446	0.000000	3.433446
29.690092	3.383678	0.000000	3.383678
29.720543	3.334538	0.000000	3.334538
29.750994	3.286017	0.000000	3.286017
29.781446	3.238111	0.000000	3.238111
29.811897	3.190812	0.000000	3.190812
29.842349	3.144115	0.000000	3.144115
29.872800	3.098013	0.000000	3.098013
29.903251	3.052501	0.000000	3.052501
29.933703	3.007571	0.000000	3.007571
29.964154	2.963219	0.000000	2.963219
29.994606	2.919438	0.000000	2.919438
30.025057	2.876222	0.000000	2.876222
30.055508	2.833565	0.000000	2.833565
30.085960	2.791462	0.000000	2.791462
30.116411	2.749906	0.000000	2.749906
30.146862	2.708891	0.000000	2.708891
30.177314	2.668413	0.000000	2.668413
30.207765	2.628465	0.000000	2.628465
30.238217	2.589041	0.000000	2.589041
30.268668	2.550136	0.000000	2.550136
30.299119	2.511744	0.000000	2.511744
30.329571	2.473860	0.000000	2.473860
30.360022	2.436478	0.000000	2.436478
30.390473	2.399593	0.000000	2.399593
30.420925	2.363199	0.000000	2.363199
30.451376	2.327291	0.000000	2.327291
30.481828	2.291864	0.000000	2.291864
30.512279	2.256911	0.000000	2.256911
30.542730	2.222429	0.000000	2.222429
30.573182	2.188411	0.000000	2.188411
30.603633	2.154852	0.000000	2.154852
30.634084	2.121748	0.000000	2.121748
30.664536	2.089093	0.000000	2.089093
30.694987	2.056883	0.000000	2.056883
30.725439	2.025111	0.000000	2.025111
30.755890	1.993774	0.000000	1.993774
30.786341	1.962865	0.000000	1.962865
30.816793	1.932381	0.000000	1.932381
30.847244	1.902316	0.000000	1.902316
30.877695	1.872666	0.000000	1.872666
30.908147	1.843426	0.000000	1.843426
30.938598	1.814590	0.000000	1.814590
30.969050	1.786155	0.000000	1.786155
30.999501	1.758116	0.000000	1.758116
31.029952	1.730467	0.000000	1.730467
31.060404	1.703205	0.000000	1.703205
31.090855	1.676325	0.000000	1.676325
31.121306	1.649822	0.000000	1.649822
31.151758	1.623692	0.000000	1.623692
31.182209	1.597930	0.000000	1.597930
31.212661	1.572533	0.000000	1.572533
31.243112	1.547495	0.000000	1.547495
31.273563	1.522812	0.000000	1.522812
31.304015	1.498481	0.000000	1.498481
31.334466	1.474496	0.000000	1.474496
31.364917	1.450855	0.000000	1.450855
31.395369	1.427551	0.000000	1.427551
31.425820	1.404582	0.000000	1.404582
31.456272	1.381944	0.000000	1.381944
31.486723	1.359631	0.000000	1.359631
31.517174	1.337641	0.000000	1.337641
31.547626	1.315969	0.000000	1.315969
31.578077	1.294612	0.000000	1.294612
31.608528	1.273565	0.000000	1.273565
31.638980	1.252824	0.000000	1.252824
31.669431	1.232386	0.000000	1.232386
31.699883	1.212248	0.000000	1.212248
31.730334	1.192404	0.000000	1.192404
31.760785	1.172852	0.000000	1.172852
31.791237	1.153588	0.000000	1.153588
31.821688	1.134607	0.000000	1.134607
31.852139	1.115908	0.000000	1.115908
31.882591	1.097485	0.000000	1.097485
31.913042	1.079336	0.000000	1.079336
31.943494	1.061457	0.000000	1.061457
31.973945	1.043845	0.000000	1.043845
32.004396	1.026495	0.000000	1.026495
32.034848	1.009405	0.000000	1.009405
32.065299	0.992572	0.000000	0.992572
32.095750	0.975991	0.000000	0.975991
32.126202	0.959660	0.000000	0.959660
32.156653	0.943576	0.000000	0.943576
32.187105	0.927735	0.000000	0.927735
32.217556	0.912134	0.000000	0.912134
32.248007	0.896769	0.000000	0.896769
32.278459	0.881639	0.000000	0.881639
32.308910	0.866739	0.000000	0.866739
32.339361	0.852067	0.000000	0.852067
32.369813	0.837619	0.000000	0.837619
32.400264	0.823393	0.000000	0.823393
32.430716	0.809386	0.000000	0.809386
32.461167	0.795594	0.000000	0.795594
32.491618	0.782015	0.000000	0.782015
32.522070	0.768646	0.000000	0.768646
32.552521	0.755484	0.000000	0.755484
32.582972	0.742526	0.000000	0.742526
32.613424	0.729770	0.000000	0.729770
32.643875	0.717212	0.000000	0.717212
32.674327	0.704851	0.000000	0.704851
32.704778	0.692683	0.000000	0.692683
32.735229	0.680706	0.000000	0.680706
32.765681	0.668916	0.000000	0.668916
32.796132	0.657313	0.000000	0.657313
32.826583	0.645892	0.000000	0.645892
32.857035	0.634651	0.000000	0.634651
32.887486	0.623589	0.000000	0.623589
32.917938	0.612702	0.000000	0.612702
32.948389	0.601988	0.000000	0.601988
32.978840	0.591444	0.000000	0.591444
33.009292	0.581069	0.000000	0.581069
33.039743	0.570859	0.000000	0.570859
33.070194	0.560813	0.000000	0.560813
33.100646	0.550928	0.000000	0.550928
33.131097	0.541202	0.000000	0.541202
33.161549	0.531632	0.000000	0.531632
33.192000	0.522217	0.000000	0.522217
33.222451	0.512954	0.000000	0.512954
33.252903	0.503841	0.000000	0.503841
33.283354	0.494876	0.000000	0.494876
33.313806	0.486057	0.000000	0.486057
33.344257	0.477381	0.000000	0.477381
33.374708	0.468846	0.000000	0.468846
33.405160	0.460452	0.000000	0.460452
33.435611	0.452194	0.000000	0.452194
33.466062	0.444072	0.000000	0.444072
33.496514	0.436084	0.000000	0.436084
33.526965	0.428227	0.000000	0.428227
33.557417	0.420500	0.000000	0.420500
33.587868	0.412900	0.000000	0.412900
33.618319	0.405426	0.000000	0.405426
33.648771	0.398077	0.000000	0.398077
33.679222	0.390849	0.000000	0.390849
33.709673	0.383742	0.000000	0.383742
33.740125	0.376753	0.000000	0.376753
33.770576	0.369881	0.000000	0.369881
33.801028	0.363124	0.000000	0.363124
33.831479	0.356480	0.000000	0.356480
33.861930	0.349948	0.000000	0.349948
33.892382	0.343526	0.000000	0.343526
33.922833	0.337212	0.000000	0.337212
33.953284	0.331005	0.000000	0.331005
33.983736	0.324903	0.000000	0.324903
34.014187	0.318904	0.000000	0.318904
34.044639	0.313007	0.000000	0.313007
34.075090	0.307210	0.000000	0.307210
34.105541	0.301513	0.000000	0.301513
34.135993	0.295912	0.000000	0.295912
34.166444	0.290407	0.000000	0.290407
34.196895	0.284997	0.000000	0.284997
34.227347	0.279679	0.000000	0.279679
34.257798	0.274453	0.000000	0.274453
34.288250	0.269317	0.000000	0.269317
34.318701	0.264269	0.000000	0.264269
34.349152	0.259309	0.000000	0.259309
34.379604	0.254434	0.000000	0.254434
34.410055	0.249644	0.000000	0.249644
34.440506	0.244938	0.000000	0.244938
34.470958	0.240313	0.000000	0.240313
34.501409	0.235769	0.000000	0.235769
34.531861	0.231304	0.000000	0.231304
34.562312	0.226917	0.000000	0.226917
34.592763	0.222607	0.000000	0.222607
34.623215	0.218373	0.000000	0.218373
34.653666	0.214213	0.000000	0.214213
34.684117	0.210127	0.000000	0.210127
34.714569	0.206113	0.000000	0.206113
34.745020	0.202169	0.000000	0.202169
34.775472	0.198296	0.000000	0.198296
34.805923	0.194491	0.000000	0.194491
34.836374	0.190753	0.000000	0.190753
34.866826	0.187082	0.000000	0.187082
34.897277	0.183477	0.000000	0.183477
34.927728	0.179936	0.000000	0.179936
34.958180	0.176458	0.000000	0.176458
34.988631	0.173043	0.000000	0.173043
35.019083	0.169689	0.000000	0.169689
35.049534	0.166395	0.000000	0.166395
35.079985	0.163160	0.000000	0.163160
35.110437	0.159984	0.000000	0.159984
35.140888	0.156865	0.000000	0.156865
35.171339	0.153803	0.000000	0.153803
35.201791	0.150796	0.000000	0.150796
35.232242	0.147844	0.000000	0.147844
35.262694	0.144945	0.000000	0.144945
35.293145	0.142099	0.000000	0.142099
35.323596	0.139305	0.000000	0.139305
35.354048	0.136562	0.000000	0.136562
35.384499	0.133870	0.000000	0.133870
35.414950	0.131226	0.000000	0.131226
35.445402	0.128632	0.000000	0.128632
35.475853	0.126085	0.000000	0.126085
35.506305	0.123584	0.000000	0.123584
35.536756	0.121131	0.000000	0.121131
35.567207	0.118722	0.000000	0.118722
35.597659	0.116358	0.000000	0.116358
35.628110	0.114038	0.000000	0.114038
35.658561	0.111760	0.000000	0.111760
35.689013	0.109526	0.000000	0.109526
35.719464	0.107333	0.000000	0.107333
35.749916	0.105180	0.000000	0.105180
35.780367	0.103068	0.000000	0.103068
35.810818	0.100996	0.000000	0.100996
35.841270	0.098962	0.000000	0.098962
35.871721	0.096967	0.000000	0.096967
35.902172	0.095009	0.000000	0.095009
35.932624	0.093088	0.000000	0.093088
35.963075	0.091203	0.000000	0.091203
35.993527	0.089354	0.000000	0.089354
36.023978	0.087540	0.000000	0.087540
36.054429	0.085761	0.000000	0.085761
36.084881	0.084015	0.000000	0.084015
36.115332	0.082302	0.000000	0.082302
36.145783	0.080622	0.000000	0.080622
36.176235	0.078974	0.000000	0.078974
36.206686	0.077357	0.000000	0.077357
36.237138	0.075772	0.000000	0.075772
36.267589	0.074216	0.000000	0.074216
36.298040	0.072691	0.000000	0.072691
36.328492	0.071195	0.000000	0.071195
36.358943	0.069728	0.000000	0.069728
36.389394	0.068289	0.000000	0.068289
36.419846	0.066878	0.000000	0.066878
36.450297	0.065494	0.000000	0.065494
36.480749	0.064137	0.000000	0.064137
36.511200	0.062806	0.000000	0.062806
