
RTmethod[PolRT=-0.00, RevsRT=300, WVASE=3.412, HardVer=17.011, Wed Jul 19 12:43:39 2023]
Original[trans_nano15s.dat]
nm
pT	255.408472	0.000000	0.0420051	0.00542005
pT	256.996704	0.000000	0.0126092	0.00512609
pT	258.585059	0.000000	0.0414907	0.00541491
pT	260.173560	0.000000	0.0296236	0.00529624
pT	261.762183	0.000000	0.0249856	0.00524986
pT	263.350903	0.000000	0.026934	0.00526934
pT	264.939771	0.000000	0.0149032	0.00514903
pT	266.528735	0.000000	0.0189173	0.00518917
pT	268.117822	0.000000	0.0183521	0.00518352
pT	269.707007	0.000000	0.021898	0.00521898
pT	271.296313	0.000000	0.0214342	0.00521434
pT	272.885693	0.000000	0.0116408	0.00511641
pT	274.475195	0.000000	0.0100444	0.00510044
pT	276.064795	0.000000	0.0161875	0.00516187
pT	277.654468	0.000000	0.0135078	0.00513508
pT	279.244263	0.000000	0.0173751	0.00517375
pT	280.834106	0.000000	0.0131735	0.00513174
pT	282.424072	0.000000	0.00996088	0.00509961
pT	284.014087	0.000000	0.0167428	0.00516743
pT	285.604199	0.000000	0.014128	0.00514128
pT	287.194385	0.000000	0.0117419	0.00511742
pT	288.784644	0.000000	0.0141272	0.00514127
pT	290.374976	0.000000	0.0155989	0.00515599
pT	291.965356	0.000000	0.00824963	0.0050825
pT	293.555835	0.000000	0.00910436	0.00509104
pT	295.146362	0.000000	0.0105459	0.00510546
pT	296.736938	0.000000	0.00899667	0.00508997
pT	298.327588	0.000000	0.0102447	0.00510245
pT	299.918286	0.000000	0.0102021	0.00510202
pT	301.509033	0.000000	0.0128737	0.00512874
pT	303.099854	0.000000	0.0224326	0.00522433
pT	304.690698	0.000000	0.0351574	0.00535157
pT	306.281592	0.000000	0.0492191	0.00549219
pT	307.872559	0.000000	0.0646464	0.00564646
pT	309.463525	0.000000	0.0800371	0.00580037
pT	311.054565	0.000000	0.11058	0.0061058
pT	312.645630	0.000000	0.143101	0.00643101
pT	314.236743	0.000000	0.179328	0.00679328
pT	315.827881	0.000000	0.215439	0.00715439
pT	317.419067	0.000000	0.26408	0.0076408
pT	319.010278	0.000000	0.317025	0.00817025
pT	320.601514	0.000000	0.354057	0.00854057
pT	322.192773	0.000000	0.400321	0.00900321
pT	323.784058	0.000000	0.441885	0.00941885
pT	325.375366	0.000000	0.476415	0.00976415
pT	326.966724	0.000000	0.513585	0.0101359
pT	328.558081	0.000000	0.553556	0.0105356
pT	330.149463	0.000000	0.581109	0.0108111
pT	331.740845	0.000000	0.608785	0.0110878
pT	333.332275	0.000000	0.639612	0.0113961
pT	334.923706	0.000000	0.660767	0.0116077
pT	336.515137	0.000000	0.680165	0.0118016
pT	338.106592	0.000000	0.703465	0.0120346
pT	339.698071	0.000000	0.714846	0.0121485
pT	341.289551	0.000000	0.735855	0.0123586
pT	342.881030	0.000000	0.748785	0.0124879
pT	344.472534	0.000000	0.761459	0.0126146
pT	346.064038	0.000000	0.766931	0.0126693
pT	347.655542	0.000000	0.77302	0.0127302
pT	349.247046	0.000000	0.782381	0.0128238
pT	350.838574	0.000000	0.78438	0.0128438
pT	352.430078	0.000000	0.795507	0.0129551
pT	354.021606	0.000000	0.795076	0.0129508
pT	355.613135	0.000000	0.799138	0.0129914
pT	357.204639	0.000000	0.800277	0.0130028
pT	358.796167	0.000000	0.799518	0.0129952
pT	360.387671	0.000000	0.803337	0.0130334
pT	361.979175	0.000000	0.803497	0.013035
pT	363.570703	0.000000	0.803877	0.0130388
pT	365.162183	0.000000	0.801161	0.0130116
pT	366.753687	0.000000	0.801452	0.0130145
pT	368.345166	0.000000	0.799118	0.0129912
pT	369.936670	0.000000	0.802122	0.0130212
pT	371.528125	0.000000	0.794689	0.0129469
pT	373.119604	0.000000	0.790832	0.0129083
pT	374.711060	0.000000	0.789199	0.012892
pT	376.302490	0.000000	0.787162	0.0128716
pT	377.893945	0.000000	0.780181	0.0128018
pT	379.485376	0.000000	0.78053	0.0128053
pT	381.076782	0.000000	0.778763	0.0127876
pT	382.668188	0.000000	0.776893	0.0127689
pT	384.259570	0.000000	0.775607	0.0127561
pT	385.850952	0.000000	0.781456	0.0128146
pT	387.442310	0.000000	0.777122	0.0127712
pT	389.033667	0.000000	0.778013	0.0127801
pT	390.625000	0.000000	0.776116	0.0127612
pT	392.216333	0.000000	0.775708	0.0127571
pT	393.807642	0.000000	0.77225	0.0127225
pT	395.398926	0.000000	0.771741	0.0127174
pT	396.990210	0.000000	0.769218	0.0126922
pT	398.581470	0.000000	0.767289	0.0126729
pT	400.172729	0.000000	0.763739	0.0126374
pT	401.763965	0.000000	0.763235	0.0126324
pT	403.355176	0.000000	0.761857	0.0126186
pT	404.946387	0.000000	0.757996	0.01258
pT	406.537573	0.000000	0.756467	0.0125647
pT	408.128735	0.000000	0.755019	0.0125502
pT	409.719873	0.000000	0.750896	0.012509
pT	411.311035	0.000000	0.748593	0.0124859
pT	412.902148	0.000000	0.747312	0.0124731
pT	414.493262	0.000000	0.745698	0.012457
pT	416.084326	0.000000	0.74295	0.0124295
pT	417.675391	0.000000	0.739827	0.0123983
pT	419.266455	0.000000	0.739892	0.0123989
pT	420.857520	0.000000	0.737824	0.0123782
pT	422.448535	0.000000	0.733195	0.0123319
pT	424.039551	0.000000	0.733337	0.0123334
pT	425.630518	0.000000	0.732789	0.0123279
pT	427.221484	0.000000	0.730715	0.0123071
pT	428.812451	0.000000	0.72877	0.0122877
pT	430.403418	0.000000	0.728289	0.0122829
pT	431.994336	0.000000	0.725652	0.0122565
pT	433.585254	0.000000	0.723271	0.0122327
pT	435.176123	0.000000	0.721426	0.0122143
pT	436.767041	0.000000	0.72304	0.0122304
pT	438.357910	0.000000	0.721417	0.0122142
pT	439.948730	0.000000	0.72161	0.0122161
pT	441.539600	0.000000	0.71932	0.0121932
pT	443.130420	0.000000	0.719382	0.0121938
pT	444.721240	0.000000	0.718986	0.0121899
pT	446.312012	0.000000	0.719191	0.0121919
pT	447.902783	0.000000	0.717865	0.0121787
pT	449.493555	0.000000	0.720549	0.0122055
pT	451.084326	0.000000	0.719962	0.0121996
pT	452.675098	0.000000	0.716095	0.0121609
pT	454.265820	0.000000	0.717021	0.0121702
pT	455.856543	0.000000	0.719962	0.0121996
pT	457.447266	0.000000	0.720655	0.0122065
pT	459.037939	0.000000	0.720578	0.0122058
pT	460.628613	0.000000	0.723874	0.0122387
pT	462.219287	0.000000	0.728174	0.0122817
pT	463.809961	0.000000	0.730866	0.0123087
pT	465.400635	0.000000	0.731272	0.0123127
pT	466.991309	0.000000	0.723688	0.0122369
pT	468.581934	0.000000	0.724103	0.012241
pT	470.172559	0.000000	0.725956	0.0122596
pT	471.763184	0.000000	0.728987	0.0122899
pT	473.353809	0.000000	0.730425	0.0123042
pT	474.944434	0.000000	0.732137	0.0123214
pT	476.535010	0.000000	0.735638	0.0123564
pT	478.125635	0.000000	0.743136	0.0124314
pT	479.716211	0.000000	0.746881	0.0124688
pT	481.306787	0.000000	0.748656	0.0124866
pT	482.897363	0.000000	0.750889	0.0125089
pT	484.487939	0.000000	0.754499	0.012545
pT	486.078516	0.000000	0.756894	0.0125689
pT	487.669092	0.000000	0.759807	0.0125981
pT	489.259668	0.000000	0.763582	0.0126358
pT	490.850244	0.000000	0.765761	0.0126576
pT	492.440771	0.000000	0.766784	0.0126678
pT	494.031348	0.000000	0.771884	0.0127188
pT	495.621875	0.000000	0.774238	0.0127424
pT	497.212451	0.000000	0.775405	0.0127541
pT	498.803027	0.000000	0.779011	0.0127901
pT	500.393555	0.000000	0.783329	0.0128333
pT	501.984131	0.000000	0.786229	0.0128623
pT	503.574658	0.000000	0.790044	0.0129004
pT	505.165234	0.000000	0.795491	0.0129549
pT	506.755811	0.000000	0.795905	0.012959
pT	508.346338	0.000000	0.800158	0.0130016
pT	509.936914	0.000000	0.802368	0.0130237
pT	511.527490	0.000000	0.80766	0.0130766
pT	513.118066	0.000000	0.806472	0.0130647
pT	514.708643	0.000000	0.804697	0.013047
pT	516.299219	0.000000	0.805719	0.0130572
pT	517.889795	0.000000	0.81164	0.0131164
pT	519.480371	0.000000	0.818071	0.0131807
pT	521.070996	0.000000	0.817843	0.0131784
pT	522.661572	0.000000	0.823858	0.0132386
pT	524.252197	0.000000	0.826191	0.0132619
pT	525.842822	0.000000	0.827835	0.0132784
pT	527.433447	0.000000	0.826219	0.0132622
pT	529.024072	0.000000	0.828862	0.0132886
pT	530.614697	0.000000	0.835286	0.0133529
pT	532.205322	0.000000	0.836538	0.0133654
pT	533.795996	0.000000	0.836223	0.0133622
pT	535.386670	0.000000	0.840176	0.0134018
pT	536.977344	0.000000	0.845763	0.0134576
pT	538.568018	0.000000	0.846534	0.0134653
pT	540.158691	0.000000	0.84778	0.0134778
pT	541.749414	0.000000	0.844484	0.0134448
pT	543.340137	0.000000	0.845886	0.0134589
pT	544.930859	0.000000	0.851841	0.0135184
pT	546.521582	0.000000	0.857768	0.0135777
pT	548.112305	0.000000	0.858902	0.013589
pT	549.703076	0.000000	0.854639	0.0135464
pT	551.293848	0.000000	0.852541	0.0135254
pT	552.884619	0.000000	0.852832	0.0135283
pT	554.475439	0.000000	0.860004	0.0136
pT	556.066211	0.000000	0.864526	0.0136453
pT	557.657031	0.000000	0.864323	0.0136432
pT	559.247900	0.000000	0.863648	0.0136365
pT	560.838721	0.000000	0.860727	0.0136073
pT	562.429590	0.000000	0.859857	0.0135986
pT	564.020459	0.000000	0.861194	0.0136119
pT	565.611328	0.000000	0.862133	0.0136213
pT	567.202246	0.000000	0.860815	0.0136081
pT	568.793164	0.000000	0.868002	0.01368
pT	570.384082	0.000000	0.870131	0.0137013
pT	571.975000	0.000000	0.869478	0.0136948
pT	573.565967	0.000000	0.870359	0.0137036
pT	575.156934	0.000000	0.869994	0.0136999
pT	576.747900	0.000000	0.862743	0.0136274
pT	578.338916	0.000000	0.870095	0.013701
pT	579.929932	0.000000	0.873748	0.0137375
pT	581.520947	0.000000	0.872733	0.0137273
pT	583.111963	0.000000	0.870652	0.0137065
pT	584.703027	0.000000	0.867244	0.0136724
pT	586.294092	0.000000	0.864344	0.0136434
pT	587.885156	0.000000	0.871899	0.013719
pT	589.476270	0.000000	0.876608	0.0137661
pT	591.067383	0.000000	0.879646	0.0137965
pT	592.658496	0.000000	0.882619	0.0138262
pT	594.249609	0.000000	0.879518	0.0137952
pT	595.840771	0.000000	0.870107	0.0137011
pT	597.431885	0.000000	0.875643	0.0137564
pT	599.023047	0.000000	0.881306	0.0138131
pT	600.614258	0.000000	0.87901	0.0137901
pT	602.205420	0.000000	0.880098	0.013801
pT	603.796631	0.000000	0.875701	0.013757
pT	605.387842	0.000000	0.876834	0.0137683
pT	606.979053	0.000000	0.877547	0.0137755
pT	608.570264	0.000000	0.877188	0.0137719
pT	610.161523	0.000000	0.877371	0.0137737
pT	611.752734	0.000000	0.878923	0.0137892
pT	613.343994	0.000000	0.888774	0.0138877
pT	614.935254	0.000000	0.888059	0.0138806
pT	616.526514	0.000000	0.88443	0.0138443
pT	618.117822	0.000000	0.880102	0.013801
pT	619.709082	0.000000	0.878405	0.0137841
pT	621.300391	0.000000	0.873699	0.013737
pT	622.891650	0.000000	0.877726	0.0137773
pT	624.482959	0.000000	0.876645	0.0137665
pT	626.074268	0.000000	0.879032	0.0137903
pT	627.665576	0.000000	0.882268	0.0138227
pT	629.256836	0.000000	0.889839	0.0138984
pT	630.848145	0.000000	0.893191	0.0139319
pT	632.439453	0.000000	0.892634	0.0139263
pT	634.030762	0.000000	0.88522	0.0138522
pT	635.622070	0.000000	0.880224	0.0138022
pT	637.213379	0.000000	0.878817	0.0137882
pT	638.804639	0.000000	0.887416	0.0138742
pT	640.395947	0.000000	0.881926	0.0138193
pT	641.987207	0.000000	0.880269	0.0138027
pT	643.578516	0.000000	0.882878	0.0138288
pT	645.169775	0.000000	0.876101	0.013761
pT	646.761035	0.000000	0.875692	0.0137569
pT	648.352246	0.000000	0.875233	0.0137523
pT	649.943506	0.000000	0.880318	0.0138032
pT	651.534717	0.000000	0.880815	0.0138081
pT	653.125928	0.000000	0.888632	0.0138863
pT	654.717139	0.000000	0.896909	0.0139691
pT	656.308301	0.000000	0.889675	0.0138968
pT	657.899463	0.000000	0.888204	0.013882
pT	659.490625	0.000000	0.890055	0.0139006
pT	661.081738	0.000000	0.882826	0.0138283
pT	662.672852	0.000000	0.884253	0.0138425
pT	664.263916	0.000000	0.877637	0.0137764
pT	665.854980	0.000000	0.880489	0.0138049
pT	667.445996	0.000000	0.883153	0.0138315
pT	669.037012	0.000000	0.887734	0.0138773
pT	670.627979	0.000000	0.887792	0.0138779
pT	672.218896	0.000000	0.886299	0.013863
pT	673.809814	0.000000	0.886672	0.0138667
pT	675.400684	0.000000	0.885066	0.0138507
pT	676.991504	0.000000	0.887721	0.0138772
pT	678.582275	0.000000	0.882947	0.0138295
pT	680.173047	0.000000	0.87077	0.0137077
pT	681.763721	0.000000	0.868153	0.0136815
pT	683.354395	0.000000	0.880247	0.0138025
pT	684.945020	0.000000	0.879938	0.0137994
pT	686.535596	0.000000	0.878184	0.0137818
pT	688.126074	0.000000	0.871612	0.0137161
pT	689.716553	0.000000	0.878922	0.0137892
pT	691.306982	0.000000	0.883087	0.0138309
pT	692.897314	0.000000	0.884769	0.0138477
pT	694.487598	0.000000	0.885991	0.0138599
pT	696.077832	0.000000	0.881596	0.013816
pT	697.668018	0.000000	0.883866	0.0138387
pT	699.258105	0.000000	0.876487	0.0137649
pT	700.848145	0.000000	0.879306	0.0137931
pT	702.438086	0.000000	0.884126	0.0138413
pT	704.027979	0.000000	0.885055	0.0138506
pT	705.617773	0.000000	0.883462	0.0138346
pT	707.207471	0.000000	0.887802	0.013878
pT	708.797119	0.000000	0.885417	0.0138542
pT	710.386670	0.000000	0.874022	0.0137402
pT	711.976172	0.000000	0.883692	0.0138369
pT	713.565527	0.000000	0.878831	0.0137883
pT	715.154834	0.000000	0.881943	0.0138194
pT	716.744043	0.000000	0.87269	0.0137269
pT	718.333105	0.000000	0.873095	0.0137309
pT	719.922119	0.000000	0.865621	0.0136562
pT	721.510986	0.000000	0.870358	0.0137036
pT	723.099756	0.000000	0.875746	0.0137575
pT	724.688428	0.000000	0.873642	0.0137364
pT	726.277002	0.000000	0.874776	0.0137478
pT	727.865430	0.000000	0.874014	0.0137401
pT	729.453711	0.000000	0.872521	0.0137252
pT	731.041895	0.000000	0.880161	0.0138016
pT	732.629980	0.000000	0.883147	0.0138315
pT	734.217871	0.000000	0.878886	0.0137889
pT	735.805664	0.000000	0.877581	0.0137758
pT	737.393359	0.000000	0.883874	0.0138387
pT	738.980859	0.000000	0.879813	0.0137981
pT	740.568213	0.000000	0.8772	0.013772
pT	742.155420	0.000000	0.881557	0.0138156
pT	743.742480	0.000000	0.8798	0.013798
pT	745.329395	0.000000	0.871648	0.0137165
pT	746.916162	0.000000	0.878033	0.0137803
pT	748.502734	0.000000	0.8815	0.013815
pT	750.089111	0.000000	0.87461	0.0137461
pT	751.675342	0.000000	0.886421	0.0138642
pT	753.261426	0.000000	0.892953	0.0139295
pT	754.847314	0.000000	0.885052	0.0138505
pT	756.433008	0.000000	0.868699	0.013687
pT	758.018506	0.000000	0.876142	0.0137614
pT	759.603809	0.000000	0.868485	0.0136849
pT	761.188916	0.000000	0.858266	0.0135827
pT	762.773828	0.000000	0.878775	0.0137878
pT	764.358496	0.000000	0.871956	0.0137196
pT	765.943018	0.000000	0.869818	0.0136982
pT	767.527246	0.000000	0.86966	0.0136966
pT	769.111328	0.000000	0.886536	0.0138654
pT	770.695117	0.000000	0.883574	0.0138357
pT	772.278711	0.000000	0.870929	0.0137093
pT	773.862061	0.000000	0.870023	0.0137002
pT	775.445215	0.000000	0.878669	0.0137867
pT	777.028076	0.000000	0.864757	0.0136476
pT	778.610693	0.000000	0.854919	0.0135492
pT	780.193018	0.000000	0.857706	0.0135771
pT	781.775146	0.000000	0.868054	0.0136805
pT	783.356982	0.000000	0.865815	0.0136582
pT	784.938525	0.000000	0.865858	0.0136586
pT	786.519824	0.000000	0.860937	0.0136094
pT	788.100830	0.000000	0.860739	0.0136074
pT	789.681543	0.000000	0.856343	0.0135634
pT	791.261963	0.000000	0.861874	0.0136187
pT	792.842090	0.000000	0.86738	0.0136738
pT	794.421875	0.000000	0.866582	0.0136658
pT	796.001416	0.000000	0.865617	0.0136562
pT	797.580566	0.000000	0.852814	0.0135281
pT	799.159473	0.000000	0.856861	0.0135686
pT	800.737988	0.000000	0.859756	0.0135976
pT	802.316211	0.000000	0.877837	0.0137784
pT	803.894043	0.000000	0.854626	0.0135463
pT	805.471582	0.000000	0.855561	0.0135556
pT	807.048730	0.000000	0.878069	0.0137807
pT	808.625537	0.000000	0.873441	0.0137344
pT	810.202002	0.000000	0.815735	0.0131573
pT	811.778076	0.000000	0.825052	0.0132505
pT	813.353760	0.000000	0.873091	0.0137309
pT	814.929053	0.000000	0.900306	0.0140031
pT	816.504004	0.000000	0.897175	0.0139717
pT	818.078516	0.000000	0.855963	0.0135596
pT	819.652637	0.000000	0.854343	0.0135434
pT	821.226270	0.000000	0.852606	0.0135261
pT	822.799609	0.000000	0.851815	0.0135182
pT	824.372461	0.000000	0.847273	0.0134727
pT	825.944922	0.000000	0.857966	0.0135797
pT	827.516895	0.000000	0.859816	0.0135982
pT	829.088379	0.000000	0.875585	0.0137558
pT	830.659473	0.000000	0.876054	0.0137605
pT	832.230078	0.000000	0.884394	0.0138439
pT	833.800293	0.000000	0.897052	0.0139705
pT	835.369922	0.000000	0.879537	0.0137954
pT	836.939160	0.000000	0.876493	0.0137649
pT	838.507812	0.000000	0.866098	0.013661
pT	840.076074	0.000000	0.852638	0.0135264
pT	841.643750	0.000000	0.845739	0.0134574
pT	843.210937	0.000000	0.86683	0.0136683
pT	844.777637	0.000000	0.869262	0.0136926
pT	846.343750	0.000000	0.85971	0.0135971
pT	847.909277	0.000000	0.854957	0.0135496
pT	849.474316	0.000000	0.838518	0.0133852
pT	851.038867	0.000000	0.854602	0.013546
pT	852.602734	0.000000	0.860693	0.0136069
pT	854.166113	0.000000	0.85982	0.0135982
pT	855.728906	0.000000	0.850212	0.0135021
pT	857.291113	0.000000	0.856883	0.0135688
pT	858.852637	0.000000	0.854836	0.0135484
pT	860.413672	0.000000	0.866227	0.0136623
pT	861.974023	0.000000	0.865724	0.0136572
pT	863.533789	0.000000	0.85961	0.0135961
pT	865.092871	0.000000	0.85716	0.0135716
pT	866.651367	0.000000	0.86576	0.0136576
pT	868.209180	0.000000	0.866467	0.0136647
pT	869.766309	0.000000	0.872541	0.0137254
pT	871.322852	0.000000	0.871099	0.013711
pT	872.878613	0.000000	0.873413	0.0137341
pT	874.433789	0.000000	0.870358	0.0137036
pT	875.988184	0.000000	0.860764	0.0136076
pT	877.541895	0.000000	0.863307	0.0136331
pT	879.094922	0.000000	0.873071	0.0137307
pT	880.647168	0.000000	0.870323	0.0137032
pT	882.198730	0.000000	0.862242	0.0136224
pT	883.749512	0.000000	0.861084	0.0136108
pT	885.299609	0.000000	0.873974	0.0137397
pT	886.848828	0.000000	0.86904	0.0136904
pT	888.397363	0.000000	0.85075	0.0135075
pT	889.945020	0.000000	0.863792	0.0136379
pT	891.491992	0.000000	0.857682	0.0135768
pT	893.038086	0.000000	0.841898	0.013419
pT	894.583398	0.000000	0.844577	0.0134458
pT	896.127832	0.000000	0.857751	0.0135775
pT	897.671484	0.000000	0.871868	0.0137187
pT	899.214258	0.000000	0.864822	0.0136482
pT	900.756152	0.000000	0.864124	0.0136412
pT	902.297168	0.000000	0.851404	0.013514
pT	903.837402	0.000000	0.8388	0.013388
pT	905.376660	0.000000	0.842765	0.0134277
pT	906.915039	0.000000	0.852443	0.0135244
pT	908.452441	0.000000	0.84433	0.0134433
pT	909.988965	0.000000	0.848513	0.0134851
pT	911.524512	0.000000	0.868746	0.0136875
pT	913.059180	0.000000	0.846215	0.0134622
pT	914.592871	0.000000	0.852106	0.0135211
pT	916.125586	0.000000	0.86187	0.0136187
pT	917.657227	0.000000	0.856248	0.0135625
pT	919.187988	0.000000	0.860137	0.0136014
pT	920.717676	0.000000	0.854721	0.0135472
pT	922.246387	0.000000	0.866202	0.013662
pT	923.774023	0.000000	0.855729	0.0135573
pT	925.300586	0.000000	0.833423	0.0133342
pT	926.826172	0.000000	0.842649	0.0134265
pT	928.350684	0.000000	0.858227	0.0135823
pT	929.874023	0.000000	0.848112	0.0134811
pT	931.396387	0.000000	0.857081	0.0135708
pT	932.917578	0.000000	0.850228	0.0135023
pT	934.437598	0.000000	0.857781	0.0135778
pT	935.956543	0.000000	0.86064	0.0136064
pT	937.474316	0.000000	0.855521	0.0135552
pT	938.990918	0.000000	0.852155	0.0135215
pT	940.506445	0.000000	0.841536	0.0134154
pT	942.020703	0.000000	0.855101	0.013551
pT	943.533691	0.000000	0.847752	0.0134775
pT	945.045605	0.000000	0.848352	0.0134835
pT	946.556250	0.000000	0.844819	0.0134482
pT	948.065625	0.000000	0.854184	0.0135418
pT	949.573730	0.000000	0.858542	0.0135854
pT	951.080566	0.000000	0.860915	0.0136091
pT	952.586133	0.000000	0.858753	0.0135875
pT	954.090430	0.000000	0.882976	0.0138298
pT	955.593359	0.000000	0.855227	0.0135523
pT	957.095020	0.000000	0.847325	0.0134732
pT	958.595313	0.000000	0.854571	0.0135457
pT	960.094336	0.000000	0.875451	0.0137545
pT	961.591895	0.000000	0.846049	0.0134605
pT	963.088086	0.000000	0.851666	0.0135167
pT	964.582910	0.000000	0.867686	0.0136769
pT	966.076270	0.000000	0.854835	0.0135484
pT	967.568262	0.000000	0.848538	0.0134854
pT	969.058789	0.000000	0.844868	0.0134487
pT	970.547852	0.000000	0.848498	0.013485
pT	972.035449	0.000000	0.88351	0.0138351
pT	973.521484	0.000000	0.844828	0.0134483
pT	975.006055	0.000000	0.847399	0.013474
pT	976.489160	0.000000	0.823477	0.0132348
pT	977.970703	0.000000	0.829989	0.0132999
pT	979.450684	0.000000	0.838043	0.0133804
pT	980.929102	0.000000	0.847198	0.013472
pT	982.405957	0.000000	0.853561	0.0135356
pT	983.881152	0.000000	0.851556	0.0135156
pT	985.354785	0.000000	0.880279	0.0138028
pT	986.826758	0.000000	0.861019	0.0136102
pT	988.297168	0.000000	0.847203	0.013472
pT	989.765820	0.000000	0.864325	0.0136432
pT	991.232813	0.000000	0.870223	0.0137022
pT	992.698145	0.000000	0.863271	0.0136327
pT	994.161719	0.000000	0.856063	0.0135606
pT	995.623535	0.000000	0.844132	0.0134413
pT	997.083691	0.000000	0.855789	0.0135579
pT	998.541992	0.000000	0.871427	0.0137143
pT	999.998535	0.000000	0.85098	0.0135098