
RTmethod[PolRT=-0.00, RevsRT=300, WVASE=3.412, HardVer=17.011, Wed Jul 19 12:57:18 2023]
Original[spect_nano25s.dat]
nm
pT	255.408472	0.000000	0.0451538	0.00545154
pT	256.996704	0.000000	0.036195	0.00536195
pT	258.585059	0.000000	0.0114763	0.00511476
pT	260.173560	0.000000	0.0168212	0.00516821
pT	261.762183	0.000000	0.0259482	0.00525948
pT	263.350903	0.000000	0.0281521	0.00528152
pT	264.939771	0.000000	0.022599	0.00522599
pT	266.528735	0.000000	0.0291725	0.00529173
pT	268.117822	0.000000	0.042064	0.00542064
pT	269.707007	0.000000	0.0190936	0.00519094
pT	271.296313	0.000000	0.0187539	0.00518754
pT	272.885693	0.000000	0.0183623	0.00518362
pT	274.475195	0.000000	0.0139424	0.00513942
pT	276.064795	0.000000	0.0184654	0.00518465
pT	277.654468	0.000000	0.0183164	0.00518316
pT	279.244263	0.000000	0.00906963	0.0050907
pT	280.834106	0.000000	0.0117909	0.00511791
pT	282.424072	0.000000	0.0103035	0.00510303
pT	284.014087	0.000000	0.0140147	0.00514015
pT	285.604199	0.000000	0.0134771	0.00513477
pT	287.194385	0.000000	0.0167248	0.00516725
pT	288.784644	0.000000	0.00588007	0.0050588
pT	290.374976	0.000000	0.00908738	0.00509087
pT	291.965356	0.000000	0.0105351	0.00510535
pT	293.555835	0.000000	0.0109003	0.005109
pT	295.146362	0.000000	0.00836188	0.00508362
pT	296.736938	0.000000	0.00702537	0.00507025
pT	298.327588	0.000000	0.00951045	0.0050951
pT	299.918286	0.000000	0.0118101	0.0051181
pT	301.509033	0.000000	0.0163669	0.00516367
pT	303.099854	0.000000	0.0285767	0.00528577
pT	304.690698	0.000000	0.0382756	0.00538276
pT	306.281592	0.000000	0.052938	0.00552938
pT	307.872559	0.000000	0.0701912	0.00570191
pT	309.463525	0.000000	0.0854602	0.0058546
pT	311.054565	0.000000	0.119576	0.00619576
pT	312.645630	0.000000	0.150788	0.00650788
pT	314.236743	0.000000	0.188846	0.00688846
pT	315.827881	0.000000	0.224883	0.00724883
pT	317.419067	0.000000	0.279066	0.00779066
pT	319.010278	0.000000	0.335563	0.00835563
pT	320.601514	0.000000	0.371149	0.00871149
pT	322.192773	0.000000	0.412963	0.00912963
pT	323.784058	0.000000	0.453038	0.00953038
pT	325.375366	0.000000	0.484815	0.00984814
pT	326.966724	0.000000	0.524146	0.0102415
pT	328.558081	0.000000	0.566117	0.0106612
pT	330.149463	0.000000	0.593819	0.0109382
pT	331.740845	0.000000	0.620682	0.0112068
pT	333.332275	0.000000	0.649274	0.0114927
pT	334.923706	0.000000	0.674576	0.0117458
pT	336.515137	0.000000	0.695334	0.0119533
pT	338.106592	0.000000	0.714811	0.0121481
pT	339.698071	0.000000	0.723713	0.0122371
pT	341.289551	0.000000	0.742253	0.0124225
pT	342.881030	0.000000	0.754807	0.0125481
pT	344.472534	0.000000	0.770329	0.0127033
pT	346.064038	0.000000	0.776451	0.0127645
pT	347.655542	0.000000	0.777109	0.0127711
pT	349.247046	0.000000	0.788133	0.0128813
pT	350.838574	0.000000	0.793989	0.0129399
pT	352.430078	0.000000	0.797059	0.0129706
pT	354.021606	0.000000	0.79841	0.0129841
pT	355.613135	0.000000	0.795759	0.0129576
pT	357.204639	0.000000	0.800364	0.0130036
pT	358.796167	0.000000	0.80089	0.0130089
pT	360.387671	0.000000	0.803042	0.0130304
pT	361.979175	0.000000	0.80043	0.0130043
pT	363.570703	0.000000	0.799372	0.0129937
pT	365.162183	0.000000	0.79808	0.0129808
pT	366.753687	0.000000	0.794957	0.0129496
pT	368.345166	0.000000	0.792646	0.0129265
pT	369.936670	0.000000	0.789482	0.0128948
pT	371.528125	0.000000	0.784945	0.0128495
pT	373.119604	0.000000	0.782848	0.0128285
pT	374.711060	0.000000	0.777863	0.0127786
pT	376.302490	0.000000	0.772979	0.0127298
pT	377.893945	0.000000	0.766002	0.01266
pT	379.485376	0.000000	0.765165	0.0126517
pT	381.076782	0.000000	0.767164	0.0126716
pT	382.668188	0.000000	0.763941	0.0126394
pT	384.259570	0.000000	0.759437	0.0125944
pT	385.850952	0.000000	0.760093	0.0126009
pT	387.442310	0.000000	0.758317	0.0125832
pT	389.033667	0.000000	0.756265	0.0125627
pT	390.625000	0.000000	0.753967	0.0125397
pT	392.216333	0.000000	0.753123	0.0125312
pT	393.807642	0.000000	0.749041	0.0124904
pT	395.398926	0.000000	0.746597	0.012466
pT	396.990210	0.000000	0.743487	0.0124349
pT	398.581470	0.000000	0.741575	0.0124158
pT	400.172729	0.000000	0.737575	0.0123758
pT	401.763965	0.000000	0.736054	0.0123605
pT	403.355176	0.000000	0.730485	0.0123049
pT	404.946387	0.000000	0.726392	0.0122639
pT	406.537573	0.000000	0.725186	0.0122519
pT	408.128735	0.000000	0.721272	0.0122127
pT	409.719873	0.000000	0.717004	0.01217
pT	411.311035	0.000000	0.715312	0.0121531
pT	412.902148	0.000000	0.712874	0.0121287
pT	414.493262	0.000000	0.708707	0.0120871
pT	416.084326	0.000000	0.706326	0.0120633
pT	417.675391	0.000000	0.705779	0.0120578
pT	419.266455	0.000000	0.702526	0.0120253
pT	420.857520	0.000000	0.698521	0.0119852
pT	422.448535	0.000000	0.69341	0.0119341
pT	424.039551	0.000000	0.693528	0.0119353
pT	425.630518	0.000000	0.690624	0.0119062
pT	427.221484	0.000000	0.687302	0.011873
pT	428.812451	0.000000	0.685631	0.0118563
pT	430.403418	0.000000	0.684418	0.0118442
pT	431.994336	0.000000	0.682105	0.0118211
pT	433.585254	0.000000	0.68121	0.0118121
pT	435.176123	0.000000	0.679477	0.0117948
pT	436.767041	0.000000	0.67794	0.0117794
pT	438.357910	0.000000	0.675801	0.011758
pT	439.948730	0.000000	0.673147	0.0117315
pT	441.539600	0.000000	0.673445	0.0117344
pT	443.130420	0.000000	0.674159	0.0117416
pT	444.721240	0.000000	0.671835	0.0117183
pT	446.312012	0.000000	0.672104	0.011721
pT	447.902783	0.000000	0.672124	0.0117212
pT	449.493555	0.000000	0.672094	0.0117209
pT	451.084326	0.000000	0.669763	0.0116976
pT	452.675098	0.000000	0.669022	0.0116902
pT	454.265820	0.000000	0.669991	0.0116999
pT	455.856543	0.000000	0.672979	0.0117298
pT	457.447266	0.000000	0.672317	0.0117232
pT	459.037939	0.000000	0.672725	0.0117272
pT	460.628613	0.000000	0.676902	0.011769
pT	462.219287	0.000000	0.682342	0.0118234
pT	463.809961	0.000000	0.687502	0.011875
pT	465.400635	0.000000	0.687165	0.0118717
pT	466.991309	0.000000	0.678199	0.011782
pT	468.581934	0.000000	0.676777	0.0117678
pT	470.172559	0.000000	0.678902	0.011789
pT	471.763184	0.000000	0.682743	0.0118274
pT	473.353809	0.000000	0.685549	0.0118555
pT	474.944434	0.000000	0.689596	0.011896
pT	476.535010	0.000000	0.693337	0.0119334
pT	478.125635	0.000000	0.69836	0.0119836
pT	479.716211	0.000000	0.702254	0.0120225
pT	481.306787	0.000000	0.706128	0.0120613
pT	482.897363	0.000000	0.707852	0.0120785
pT	484.487939	0.000000	0.708276	0.0120828
pT	486.078516	0.000000	0.712064	0.0121206
pT	487.669092	0.000000	0.716369	0.0121637
pT	489.259668	0.000000	0.723105	0.0122311
pT	490.850244	0.000000	0.723241	0.0122324
pT	492.440771	0.000000	0.726319	0.0122632
pT	494.031348	0.000000	0.732046	0.0123205
pT	495.621875	0.000000	0.735191	0.0123519
pT	497.212451	0.000000	0.737899	0.012379
pT	498.803027	0.000000	0.742381	0.0124238
pT	500.393555	0.000000	0.744867	0.0124487
pT	501.984131	0.000000	0.746886	0.0124689
pT	503.574658	0.000000	0.752208	0.0125221
pT	505.165234	0.000000	0.760791	0.0126079
pT	506.755811	0.000000	0.760975	0.0126098
pT	508.346338	0.000000	0.763668	0.0126367
pT	509.936914	0.000000	0.770955	0.0127096
pT	511.527490	0.000000	0.777134	0.0127713
pT	513.118066	0.000000	0.774896	0.012749
pT	514.708643	0.000000	0.774887	0.0127489
pT	516.299219	0.000000	0.774716	0.0127472
pT	517.889795	0.000000	0.781965	0.0128197
pT	519.480371	0.000000	0.786044	0.0128604
pT	521.070996	0.000000	0.786848	0.0128685
pT	522.661572	0.000000	0.793309	0.0129331
pT	524.252197	0.000000	0.798798	0.012988
pT	525.842822	0.000000	0.803856	0.0130386
pT	527.433447	0.000000	0.804278	0.0130428
pT	529.024072	0.000000	0.806021	0.0130602
pT	530.614697	0.000000	0.808254	0.0130825
pT	532.205322	0.000000	0.809304	0.013093
pT	533.795996	0.000000	0.811703	0.013117
pT	535.386670	0.000000	0.814325	0.0131433
pT	536.977344	0.000000	0.820249	0.0132025
pT	538.568018	0.000000	0.822952	0.0132295
pT	540.158691	0.000000	0.824517	0.0132452
pT	541.749414	0.000000	0.823861	0.0132386
pT	543.340137	0.000000	0.827011	0.0132701
pT	544.930859	0.000000	0.829244	0.0132924
pT	546.521582	0.000000	0.835273	0.0133527
pT	548.112305	0.000000	0.837637	0.0133764
pT	549.703076	0.000000	0.838326	0.0133833
pT	551.293848	0.000000	0.840201	0.013402
pT	552.884619	0.000000	0.840771	0.0134077
pT	554.475439	0.000000	0.848397	0.013484
pT	556.066211	0.000000	0.849539	0.0134954
pT	557.657031	0.000000	0.855595	0.013556
pT	559.247900	0.000000	0.855356	0.0135536
pT	560.838721	0.000000	0.854845	0.0135484
pT	562.429590	0.000000	0.854613	0.0135461
pT	564.020459	0.000000	0.856613	0.0135661
pT	565.611328	0.000000	0.853887	0.0135389
pT	567.202246	0.000000	0.854402	0.013544
pT	568.793164	0.000000	0.861478	0.0136148
pT	570.384082	0.000000	0.865176	0.0136518
pT	571.975000	0.000000	0.860833	0.0136083
pT	573.565967	0.000000	0.85948	0.0135948
pT	575.156934	0.000000	0.859636	0.0135964
pT	576.747900	0.000000	0.861677	0.0136168
pT	578.338916	0.000000	0.867946	0.0136795
pT	579.929932	0.000000	0.87242	0.0137242
pT	581.520947	0.000000	0.868057	0.0136806
pT	583.111963	0.000000	0.865944	0.0136594
pT	584.703027	0.000000	0.865323	0.0136532
pT	586.294092	0.000000	0.866875	0.0136688
pT	587.885156	0.000000	0.871413	0.0137141
pT	589.476270	0.000000	0.876746	0.0137675
pT	591.067383	0.000000	0.876564	0.0137656
pT	592.658496	0.000000	0.877837	0.0137784
pT	594.249609	0.000000	0.874026	0.0137403
pT	595.840771	0.000000	0.87055	0.0137055
pT	597.431885	0.000000	0.876522	0.0137652
pT	599.023047	0.000000	0.880581	0.0138058
pT	600.614258	0.000000	0.878547	0.0137855
pT	602.205420	0.000000	0.883478	0.0138348
pT	603.796631	0.000000	0.876389	0.0137639
pT	605.387842	0.000000	0.875072	0.0137507
pT	606.979053	0.000000	0.877502	0.013775
pT	608.570264	0.000000	0.878108	0.0137811
pT	610.161523	0.000000	0.881834	0.0138183
pT	611.752734	0.000000	0.880413	0.0138041
pT	613.343994	0.000000	0.8878	0.013878
pT	614.935254	0.000000	0.889957	0.0138996
pT	616.526514	0.000000	0.885575	0.0138558
pT	618.117822	0.000000	0.883022	0.0138302
pT	619.709082	0.000000	0.887429	0.0138743
pT	621.300391	0.000000	0.878921	0.0137892
pT	622.891650	0.000000	0.881901	0.013819
pT	624.482959	0.000000	0.882651	0.0138265
pT	626.074268	0.000000	0.884844	0.0138484
pT	627.665576	0.000000	0.88839	0.0138839
pT	629.256836	0.000000	0.893556	0.0139356
pT	630.848145	0.000000	0.895973	0.0139597
pT	632.439453	0.000000	0.892092	0.0139209
pT	634.030762	0.000000	0.888519	0.0138852
pT	635.622070	0.000000	0.89498	0.0139498
pT	637.213379	0.000000	0.895178	0.0139518
pT	638.804639	0.000000	0.888279	0.0138828
pT	640.395947	0.000000	0.886705	0.013867
pT	641.987207	0.000000	0.887326	0.0138733
pT	643.578516	0.000000	0.891827	0.0139183
pT	645.169775	0.000000	0.888063	0.0138806
pT	646.761035	0.000000	0.890736	0.0139074
pT	648.352246	0.000000	0.88905	0.0138905
pT	649.943506	0.000000	0.888529	0.0138853
pT	651.534717	0.000000	0.891607	0.0139161
pT	653.125928	0.000000	0.895151	0.0139515
pT	654.717139	0.000000	0.896742	0.0139674
pT	656.308301	0.000000	0.889724	0.0138972
pT	657.899463	0.000000	0.886546	0.0138655
pT	659.490625	0.000000	0.89118	0.0139118
pT	661.081738	0.000000	0.887948	0.0138795
pT	662.672852	0.000000	0.889751	0.0138975
pT	664.263916	0.000000	0.880335	0.0138033
pT	665.854980	0.000000	0.889809	0.0138981
pT	667.445996	0.000000	0.901658	0.0140166
pT	669.037012	0.000000	0.898088	0.0139809
pT	670.627979	0.000000	0.896502	0.013965
pT	672.218896	0.000000	0.891119	0.0139112
pT	673.809814	0.000000	0.895723	0.0139572
pT	675.400684	0.000000	0.894287	0.0139429
pT	676.991504	0.000000	0.895651	0.0139565
pT	678.582275	0.000000	0.888912	0.0138891
pT	680.173047	0.000000	0.89155	0.0139155
pT	681.763721	0.000000	0.891704	0.013917
pT	683.354395	0.000000	0.887599	0.013876
pT	684.945020	0.000000	0.88318	0.0138318
pT	686.535596	0.000000	0.888077	0.0138808
pT	688.126074	0.000000	0.880587	0.0138059
pT	689.716553	0.000000	0.891417	0.0139142
pT	691.306982	0.000000	0.892823	0.0139282
pT	692.897314	0.000000	0.893681	0.0139368
pT	694.487598	0.000000	0.890063	0.0139006
pT	696.077832	0.000000	0.889901	0.013899
pT	697.668018	0.000000	0.895673	0.0139567
pT	699.258105	0.000000	0.894372	0.0139437
pT	700.848145	0.000000	0.89953	0.0139953
pT	702.438086	0.000000	0.903134	0.0140313
pT	704.027979	0.000000	0.90646	0.0140646
pT	705.617773	0.000000	0.899557	0.0139956
pT	707.207471	0.000000	0.895977	0.0139598
pT	708.797119	0.000000	0.888292	0.0138829
pT	710.386670	0.000000	0.883469	0.0138347
pT	711.976172	0.000000	0.898411	0.0139841
pT	713.565527	0.000000	0.90169	0.0140169
pT	715.154834	0.000000	0.894369	0.0139437
pT	716.744043	0.000000	0.877691	0.0137769
pT	718.333105	0.000000	0.882048	0.0138205
pT	719.922119	0.000000	0.882873	0.0138287
pT	721.510986	0.000000	0.884442	0.0138444
pT	723.099756	0.000000	0.884818	0.0138482
pT	724.688428	0.000000	0.888837	0.0138884
pT	726.277002	0.000000	0.885357	0.0138536
pT	727.865430	0.000000	0.88527	0.0138527
pT	729.453711	0.000000	0.890959	0.0139096
pT	731.041895	0.000000	0.88673	0.0138673
pT	732.629980	0.000000	0.896256	0.0139626
pT	734.217871	0.000000	0.890515	0.0139051
pT	735.805664	0.000000	0.893493	0.0139349
pT	737.393359	0.000000	0.899817	0.0139982
pT	738.980859	0.000000	0.895348	0.0139535
pT	740.568213	0.000000	0.892261	0.0139226
pT	742.155420	0.000000	0.892791	0.0139279
pT	743.742480	0.000000	0.887529	0.0138753
pT	745.329395	0.000000	0.887354	0.0138735
pT	746.916162	0.000000	0.898862	0.0139886
pT	748.502734	0.000000	0.887954	0.0138795
pT	750.089111	0.000000	0.887729	0.0138773
pT	751.675342	0.000000	0.894395	0.013944
pT	753.261426	0.000000	0.890782	0.0139078
pT	754.847314	0.000000	0.887646	0.0138765
pT	756.433008	0.000000	0.872777	0.0137278
pT	758.018506	0.000000	0.881904	0.013819
pT	759.603809	0.000000	0.874048	0.0137405
pT	761.188916	0.000000	0.863345	0.0136335
pT	762.773828	0.000000	0.888382	0.0138838
pT	764.358496	0.000000	0.891872	0.0139187
pT	765.943018	0.000000	0.890494	0.0139049
pT	767.527246	0.000000	0.885753	0.0138575
pT	769.111328	0.000000	0.901463	0.0140146
pT	770.695117	0.000000	0.891181	0.0139118
pT	772.278711	0.000000	0.884568	0.0138457
pT	773.862061	0.000000	0.880389	0.0138039
pT	775.445215	0.000000	0.879311	0.0137931
pT	777.028076	0.000000	0.876805	0.013768
pT	778.610693	0.000000	0.87316	0.0137316
pT	780.193018	0.000000	0.883868	0.0138387
pT	781.775146	0.000000	0.891973	0.0139197
pT	783.356982	0.000000	0.885233	0.0138523
pT	784.938525	0.000000	0.885859	0.0138586
pT	786.519824	0.000000	0.88483	0.0138483
pT	788.100830	0.000000	0.881448	0.0138145
pT	789.681543	0.000000	0.876137	0.0137614
pT	791.261963	0.000000	0.876716	0.0137672
pT	792.842090	0.000000	0.889877	0.0138988
pT	794.421875	0.000000	0.888017	0.0138802
pT	796.001416	0.000000	0.884301	0.013843
pT	797.580566	0.000000	0.884124	0.0138412
pT	799.159473	0.000000	0.871856	0.0137186
pT	800.737988	0.000000	0.883011	0.0138301
pT	802.316211	0.000000	0.890961	0.0139096
pT	803.894043	0.000000	0.894037	0.0139404
pT	805.471582	0.000000	0.899564	0.0139956
pT	807.048730	0.000000	0.893607	0.0139361
pT	808.625537	0.000000	0.897908	0.0139791
pT	810.202002	0.000000	0.869058	0.0136906
pT	811.778076	0.000000	0.841572	0.0134157
pT	813.353760	0.000000	0.862613	0.0136261
pT	814.929053	0.000000	0.918716	0.0141872
pT	816.504004	0.000000	0.934623	0.0143462
pT	818.078516	0.000000	0.891092	0.0139109
pT	819.652637	0.000000	0.874163	0.0137416
pT	821.226270	0.000000	0.883196	0.013832
pT	822.799609	0.000000	0.89024	0.0139024
pT	824.372461	0.000000	0.898018	0.0139802
pT	825.944922	0.000000	0.900996	0.01401
pT	827.516895	0.000000	0.887143	0.0138714
pT	829.088379	0.000000	0.888966	0.0138897
pT	830.659473	0.000000	0.894088	0.0139409
pT	832.230078	0.000000	0.905806	0.0140581
pT	833.800293	0.000000	0.924101	0.014241
pT	835.369922	0.000000	0.907733	0.0140773
pT	836.939160	0.000000	0.903873	0.0140387
pT	838.507812	0.000000	0.88868	0.0138868
pT	840.076074	0.000000	0.866261	0.0136626
pT	841.643750	0.000000	0.861607	0.0136161
pT	843.210937	0.000000	0.886678	0.0138668
pT	844.777637	0.000000	0.88026	0.0138026
pT	846.343750	0.000000	0.870789	0.0137079
pT	847.909277	0.000000	0.866405	0.0136641
pT	849.474316	0.000000	0.864461	0.0136446
pT	851.038867	0.000000	0.876441	0.0137644
pT	852.602734	0.000000	0.876376	0.0137638
pT	854.166113	0.000000	0.872823	0.0137282
pT	855.728906	0.000000	0.870664	0.0137066
pT	857.291113	0.000000	0.88094	0.0138094
pT	858.852637	0.000000	0.878976	0.0137898
pT	860.413672	0.000000	0.884009	0.0138401
pT	861.974023	0.000000	0.878691	0.0137869
pT	863.533789	0.000000	0.869384	0.0136938
pT	865.092871	0.000000	0.875404	0.013754
pT	866.651367	0.000000	0.879177	0.0137918
pT	868.209180	0.000000	0.880399	0.013804
pT	869.766309	0.000000	0.883178	0.0138318
pT	871.322852	0.000000	0.883806	0.0138381
pT	872.878613	0.000000	0.880274	0.0138027
pT	874.433789	0.000000	0.884463	0.0138446
pT	875.988184	0.000000	0.875683	0.0137568
pT	877.541895	0.000000	0.873694	0.0137369
pT	879.094922	0.000000	0.885419	0.0138542
pT	880.647168	0.000000	0.88584	0.0138584
pT	882.198730	0.000000	0.885978	0.0138598
pT	883.749512	0.000000	0.893394	0.0139339
pT	885.299609	0.000000	0.882336	0.0138234
pT	886.848828	0.000000	0.884016	0.0138402
pT	888.397363	0.000000	0.874586	0.0137459
pT	889.945020	0.000000	0.889096	0.013891
pT	891.491992	0.000000	0.886024	0.0138602
pT	893.038086	0.000000	0.864532	0.0136453
pT	894.583398	0.000000	0.871534	0.0137153
pT	896.127832	0.000000	0.876927	0.0137693
pT	897.671484	0.000000	0.875861	0.0137586
pT	899.214258	0.000000	0.874873	0.0137487
pT	900.756152	0.000000	0.888696	0.013887
pT	902.297168	0.000000	0.881764	0.0138176
pT	903.837402	0.000000	0.850824	0.0135082
pT	905.376660	0.000000	0.856271	0.0135627
pT	906.915039	0.000000	0.865539	0.0136554
pT	908.452441	0.000000	0.863117	0.0136312
pT	909.988965	0.000000	0.870578	0.0137058
pT	911.524512	0.000000	0.892776	0.0139278
pT	913.059180	0.000000	0.873028	0.0137303
pT	914.592871	0.000000	0.891188	0.0139119
pT	916.125586	0.000000	0.887665	0.0138766
pT	917.657227	0.000000	0.873009	0.0137301
pT	919.187988	0.000000	0.866555	0.0136656
pT	920.717676	0.000000	0.887123	0.0138712
pT	922.246387	0.000000	0.884747	0.0138475
pT	923.774023	0.000000	0.868461	0.0136846
pT	925.300586	0.000000	0.857018	0.0135702
pT	926.826172	0.000000	0.854751	0.0135475
pT	928.350684	0.000000	0.858165	0.0135817
pT	929.874023	0.000000	0.855321	0.0135532
pT	931.396387	0.000000	0.873505	0.0137351
pT	932.917578	0.000000	0.865318	0.0136532
pT	934.437598	0.000000	0.874727	0.0137473
pT	935.956543	0.000000	0.876298	0.013763
pT	937.474316	0.000000	0.878733	0.0137873
pT	938.990918	0.000000	0.878457	0.0137846
pT	940.506445	0.000000	0.857639	0.0135764
pT	942.020703	0.000000	0.871252	0.0137125
pT	943.533691	0.000000	0.877162	0.0137716
pT	945.045605	0.000000	0.874977	0.0137498
pT	946.556250	0.000000	0.876876	0.0137688
pT	948.065625	0.000000	0.873293	0.0137329
pT	949.573730	0.000000	0.88096	0.0138096
pT	951.080566	0.000000	0.871714	0.0137171
pT	952.586133	0.000000	0.868407	0.0136841
pT	954.090430	0.000000	0.908756	0.0140876
pT	955.593359	0.000000	0.870556	0.0137056
pT	957.095020	0.000000	0.863987	0.0136399
pT	958.595313	0.000000	0.866652	0.0136665
pT	960.094336	0.000000	0.888862	0.0138886
pT	961.591895	0.000000	0.873547	0.0137355
pT	963.088086	0.000000	0.872835	0.0137283
pT	964.582910	0.000000	0.881668	0.0138167
pT	966.076270	0.000000	0.862846	0.0136285
pT	967.568262	0.000000	0.866656	0.0136666
pT	969.058789	0.000000	0.867643	0.0136764
pT	970.547852	0.000000	0.870526	0.0137053
pT	972.035449	0.000000	0.914914	0.0141491
pT	973.521484	0.000000	0.880159	0.0138016
pT	975.006055	0.000000	0.880349	0.0138035
pT	976.489160	0.000000	0.840268	0.0134027
pT	977.970703	0.000000	0.848242	0.0134824
pT	979.450684	0.000000	0.869667	0.0136967
pT	980.929102	0.000000	0.870373	0.0137037
pT	982.405957	0.000000	0.865093	0.0136509
pT	983.881152	0.000000	0.866702	0.013667
pT	985.354785	0.000000	0.88463	0.0138463
pT	986.826758	0.000000	0.871624	0.0137162
pT	988.297168	0.000000	0.854714	0.0135471
pT	989.765820	0.000000	0.871019	0.0137102
pT	991.232813	0.000000	0.887597	0.013876
pT	992.698145	0.000000	0.872994	0.0137299
pT	994.161719	0.000000	0.872623	0.0137262
pT	995.623535	0.000000	0.851094	0.0135109
pT	997.083691	0.000000	0.855142	0.0135514
pT	998.541992	0.000000	0.871693	0.0137169
pT	999.998535	0.000000	0.856073	0.0135607