
RTmethod[PolRT=-0.00, RevsRT=300, WVASE=3.412, HardVer=17.011, Wed Jul 19 13:15:40 2023]
Original[trans_nano35s.dat]
nm
pT	255.408472	0.000000	0.0328138	0.00532814
pT	256.996704	0.000000	0.0353291	0.00535329
pT	258.585059	0.000000	0.0157775	0.00515778
pT	260.173560	0.000000	0.034452	0.00534452
pT	261.762183	0.000000	0.020153	0.00520153
pT	263.350903	0.000000	0.0302488	0.00530249
pT	264.939771	0.000000	0.0075577	0.00507558
pT	266.528735	0.000000	0.0164467	0.00516447
pT	268.117822	0.000000	0.0250517	0.00525052
pT	269.707007	0.000000	0.0137358	0.00513736
pT	271.296313	0.000000	0.0214481	0.00521448
pT	272.885693	0.000000	0.00964891	0.00509649
pT	274.475195	0.000000	0.0164145	0.00516415
pT	276.064795	0.000000	0.00997104	0.00509971
pT	277.654468	0.000000	0.0235792	0.00523579
pT	279.244263	0.000000	0.0155156	0.00515516
pT	280.834106	0.000000	0.0164478	0.00516448
pT	282.424072	0.000000	0.0105547	0.00510555
pT	284.014087	0.000000	0.0110506	0.00511051
pT	285.604199	0.000000	0.010606	0.00510606
pT	287.194385	0.000000	0.0120609	0.00512061
pT	288.784644	0.000000	0.0100098	0.0051001
pT	290.374976	0.000000	0.0132015	0.00513202
pT	291.965356	0.000000	0.0100425	0.00510043
pT	293.555835	0.000000	0.00869119	0.00508691
pT	295.146362	0.000000	0.00670151	0.00506702
pT	296.736938	0.000000	0.00935545	0.00509355
pT	298.327588	0.000000	0.00941491	0.00509415
pT	299.918286	0.000000	0.0105202	0.0051052
pT	301.509033	0.000000	0.0118815	0.00511882
pT	303.099854	0.000000	0.0179762	0.00517976
pT	304.690698	0.000000	0.0324044	0.00532404
pT	306.281592	0.000000	0.042375	0.00542375
pT	307.872559	0.000000	0.0615017	0.00561502
pT	309.463525	0.000000	0.0695945	0.00569595
pT	311.054565	0.000000	0.10488	0.0060488
pT	312.645630	0.000000	0.134108	0.00634108
pT	314.236743	0.000000	0.166142	0.00666142
pT	315.827881	0.000000	0.201885	0.00701885
pT	317.419067	0.000000	0.245633	0.00745633
pT	319.010278	0.000000	0.280209	0.00780209
pT	320.601514	0.000000	0.319133	0.00819133
pT	322.192773	0.000000	0.356143	0.00856143
pT	323.784058	0.000000	0.392722	0.00892722
pT	325.375366	0.000000	0.428543	0.00928543
pT	326.966724	0.000000	0.463986	0.00963986
pT	328.558081	0.000000	0.493881	0.00993881
pT	330.149463	0.000000	0.522213	0.0102221
pT	331.740845	0.000000	0.547386	0.0104739
pT	333.332275	0.000000	0.569833	0.0106983
pT	334.923706	0.000000	0.591841	0.0109184
pT	336.515137	0.000000	0.610168	0.0111017
pT	338.106592	0.000000	0.625849	0.0112585
pT	339.698071	0.000000	0.638969	0.0113897
pT	341.289551	0.000000	0.651797	0.011518
pT	342.881030	0.000000	0.659859	0.0115986
pT	344.472534	0.000000	0.669181	0.0116918
pT	346.064038	0.000000	0.67712	0.0117712
pT	347.655542	0.000000	0.677485	0.0117749
pT	349.247046	0.000000	0.677929	0.0117793
pT	350.838574	0.000000	0.680083	0.0118008
pT	352.430078	0.000000	0.685689	0.0118569
pT	354.021606	0.000000	0.684657	0.0118466
pT	355.613135	0.000000	0.690512	0.0119051
pT	357.204639	0.000000	0.690846	0.0119085
pT	358.796167	0.000000	0.684522	0.0118452
pT	360.387671	0.000000	0.689846	0.0118985
pT	361.979175	0.000000	0.687893	0.0118789
pT	363.570703	0.000000	0.685659	0.0118566
pT	365.162183	0.000000	0.683042	0.0118304
pT	366.753687	0.000000	0.685377	0.0118538
pT	368.345166	0.000000	0.6763	0.011763
pT	369.936670	0.000000	0.67768	0.0117768
pT	371.528125	0.000000	0.674019	0.0117402
pT	373.119604	0.000000	0.66653	0.0116653
pT	374.711060	0.000000	0.667871	0.0116787
pT	376.302490	0.000000	0.663352	0.0116335
pT	377.893945	0.000000	0.658249	0.0115825
pT	379.485376	0.000000	0.657607	0.0115761
pT	381.076782	0.000000	0.65522	0.0115522
pT	382.668188	0.000000	0.652153	0.0115215
pT	384.259570	0.000000	0.64854	0.0114854
pT	385.850952	0.000000	0.650142	0.0115014
pT	387.442310	0.000000	0.64622	0.0114622
pT	389.033667	0.000000	0.645279	0.0114528
pT	390.625000	0.000000	0.643447	0.0114345
pT	392.216333	0.000000	0.6409	0.011409
pT	393.807642	0.000000	0.635182	0.0113518
pT	395.398926	0.000000	0.633667	0.0113367
pT	396.990210	0.000000	0.629143	0.0112914
pT	398.581470	0.000000	0.627144	0.0112714
pT	400.172729	0.000000	0.621899	0.011219
pT	401.763965	0.000000	0.619123	0.0111912
pT	403.355176	0.000000	0.615907	0.0111591
pT	404.946387	0.000000	0.610844	0.0111084
pT	406.537573	0.000000	0.606279	0.0110628
pT	408.128735	0.000000	0.605233	0.0110523
pT	409.719873	0.000000	0.599909	0.0109991
pT	411.311035	0.000000	0.594343	0.0109434
pT	412.902148	0.000000	0.59034	0.0109034
pT	414.493262	0.000000	0.586381	0.0108638
pT	416.084326	0.000000	0.581248	0.0108125
pT	417.675391	0.000000	0.576686	0.0107669
pT	419.266455	0.000000	0.575027	0.0107503
pT	420.857520	0.000000	0.570331	0.0107033
pT	422.448535	0.000000	0.564348	0.0106435
pT	424.039551	0.000000	0.562812	0.0106281
pT	425.630518	0.000000	0.558291	0.0105829
pT	427.221484	0.000000	0.552945	0.0105295
pT	428.812451	0.000000	0.549538	0.0104954
pT	430.403418	0.000000	0.546727	0.0104673
pT	431.994336	0.000000	0.541975	0.0104198
pT	433.585254	0.000000	0.538194	0.0103819
pT	435.176123	0.000000	0.533378	0.0103338
pT	436.767041	0.000000	0.531039	0.0103104
pT	438.357910	0.000000	0.528377	0.0102838
pT	439.948730	0.000000	0.523391	0.0102339
pT	441.539600	0.000000	0.519812	0.0101981
pT	443.130420	0.000000	0.518336	0.0101834
pT	444.721240	0.000000	0.51647	0.0101647
pT	446.312012	0.000000	0.513391	0.0101339
pT	447.902783	0.000000	0.51142	0.0101142
pT	449.493555	0.000000	0.509368	0.0100937
pT	451.084326	0.000000	0.507177	0.0100718
pT	452.675098	0.000000	0.504231	0.0100423
pT	454.265820	0.000000	0.501589	0.0100159
pT	455.856543	0.000000	0.500337	0.0100034
pT	457.447266	0.000000	0.500039	0.0100004
pT	459.037939	0.000000	0.499333	0.00999333
pT	460.628613	0.000000	0.499239	0.00999239
pT	462.219287	0.000000	0.502986	0.0100299
pT	463.809961	0.000000	0.508318	0.0100832
pT	465.400635	0.000000	0.50341	0.0100341
pT	466.991309	0.000000	0.48925	0.0098925
pT	468.581934	0.000000	0.48669	0.0098669
pT	470.172559	0.000000	0.490957	0.00990957
pT	471.763184	0.000000	0.492657	0.00992657
pT	473.353809	0.000000	0.493802	0.00993802
pT	474.944434	0.000000	0.495408	0.00995408
pT	476.535010	0.000000	0.496504	0.00996504
pT	478.125635	0.000000	0.498949	0.00998949
pT	479.716211	0.000000	0.500847	0.0100085
pT	481.306787	0.000000	0.502717	0.0100272
pT	482.897363	0.000000	0.503937	0.0100394
pT	484.487939	0.000000	0.503833	0.0100383
pT	486.078516	0.000000	0.507099	0.010071
pT	487.669092	0.000000	0.509853	0.0100985
pT	489.259668	0.000000	0.511962	0.0101196
pT	490.850244	0.000000	0.513428	0.0101343
pT	492.440771	0.000000	0.514754	0.0101475
pT	494.031348	0.000000	0.517583	0.0101758
pT	495.621875	0.000000	0.521236	0.0102124
pT	497.212451	0.000000	0.521434	0.0102143
pT	498.803027	0.000000	0.524821	0.0102482
pT	500.393555	0.000000	0.526155	0.0102616
pT	501.984131	0.000000	0.52783	0.0102783
pT	503.574658	0.000000	0.532299	0.010323
pT	505.165234	0.000000	0.537651	0.0103765
pT	506.755811	0.000000	0.539995	0.0103999
pT	508.346338	0.000000	0.540233	0.0104023
pT	509.936914	0.000000	0.543406	0.0104341
pT	511.527490	0.000000	0.548909	0.0104891
pT	513.118066	0.000000	0.549256	0.0104926
pT	514.708643	0.000000	0.550877	0.0105088
pT	516.299219	0.000000	0.553261	0.0105326
pT	517.889795	0.000000	0.558422	0.0105842
pT	519.480371	0.000000	0.564193	0.0106419
pT	521.070996	0.000000	0.568501	0.010685
pT	522.661572	0.000000	0.5719	0.010719
pT	524.252197	0.000000	0.574884	0.0107488
pT	525.842822	0.000000	0.578856	0.0107886
pT	527.433447	0.000000	0.578065	0.0107807
pT	529.024072	0.000000	0.582857	0.0108286
pT	530.614697	0.000000	0.588271	0.0108827
pT	532.205322	0.000000	0.588581	0.0108858
pT	533.795996	0.000000	0.590335	0.0109033
pT	535.386670	0.000000	0.594366	0.0109437
pT	536.977344	0.000000	0.601498	0.011015
pT	538.568018	0.000000	0.606963	0.0110696
pT	540.158691	0.000000	0.609058	0.0110906
pT	541.749414	0.000000	0.608503	0.011085
pT	543.340137	0.000000	0.610088	0.0111009
pT	544.930859	0.000000	0.615711	0.0111571
pT	546.521582	0.000000	0.622006	0.0112201
pT	548.112305	0.000000	0.626541	0.0112654
pT	549.703076	0.000000	0.63156	0.0113156
pT	551.293848	0.000000	0.63325	0.0113325
pT	552.884619	0.000000	0.633364	0.0113336
pT	554.475439	0.000000	0.639942	0.0113994
pT	556.066211	0.000000	0.646422	0.0114642
pT	557.657031	0.000000	0.65104	0.0115104
pT	559.247900	0.000000	0.652306	0.0115231
pT	560.838721	0.000000	0.655396	0.011554
pT	562.429590	0.000000	0.658465	0.0115847
pT	564.020459	0.000000	0.659523	0.0115952
pT	565.611328	0.000000	0.662302	0.011623
pT	567.202246	0.000000	0.664525	0.0116453
pT	568.793164	0.000000	0.670236	0.0117024
pT	570.384082	0.000000	0.671492	0.0117149
pT	571.975000	0.000000	0.675218	0.0117522
pT	573.565967	0.000000	0.681344	0.0118134
pT	575.156934	0.000000	0.684276	0.0118428
pT	576.747900	0.000000	0.682614	0.0118261
pT	578.338916	0.000000	0.684983	0.0118498
pT	579.929932	0.000000	0.690477	0.0119048
pT	581.520947	0.000000	0.69194	0.0119194
pT	583.111963	0.000000	0.697555	0.0119755
pT	584.703027	0.000000	0.700379	0.0120038
pT	586.294092	0.000000	0.697559	0.0119756
pT	587.885156	0.000000	0.700716	0.0120072
pT	589.476270	0.000000	0.705193	0.0120519
pT	591.067383	0.000000	0.70941	0.0120941
pT	592.658496	0.000000	0.712235	0.0121224
pT	594.249609	0.000000	0.713577	0.0121358
pT	595.840771	0.000000	0.710845	0.0121085
pT	597.431885	0.000000	0.71532	0.0121532
pT	599.023047	0.000000	0.717448	0.0121745
pT	600.614258	0.000000	0.720388	0.0122039
pT	602.205420	0.000000	0.721531	0.0122153
pT	603.796631	0.000000	0.723218	0.0122322
pT	605.387842	0.000000	0.728229	0.0122823
pT	606.979053	0.000000	0.731007	0.0123101
pT	608.570264	0.000000	0.732042	0.0123204
pT	610.161523	0.000000	0.734745	0.0123474
pT	611.752734	0.000000	0.735162	0.0123516
pT	613.343994	0.000000	0.743607	0.0124361
pT	614.935254	0.000000	0.748459	0.0124846
pT	616.526514	0.000000	0.749216	0.0124922
pT	618.117822	0.000000	0.746061	0.0124606
pT	619.709082	0.000000	0.745505	0.0124551
pT	621.300391	0.000000	0.742377	0.0124238
pT	622.891650	0.000000	0.747511	0.0124751
pT	624.482959	0.000000	0.75276	0.0125276
pT	626.074268	0.000000	0.755208	0.0125521
pT	627.665576	0.000000	0.749448	0.0124945
pT	629.256836	0.000000	0.759707	0.0125971
pT	630.848145	0.000000	0.766765	0.0126676
pT	632.439453	0.000000	0.766228	0.0126623
pT	634.030762	0.000000	0.765563	0.0126556
pT	635.622070	0.000000	0.76758	0.0126758
pT	637.213379	0.000000	0.768976	0.0126898
pT	638.804639	0.000000	0.764888	0.0126489
pT	640.395947	0.000000	0.767103	0.012671
pT	641.987207	0.000000	0.76316	0.0126316
pT	643.578516	0.000000	0.769056	0.0126906
pT	645.169775	0.000000	0.767342	0.0126734
pT	646.761035	0.000000	0.770924	0.0127092
pT	648.352246	0.000000	0.772395	0.012724
pT	649.943506	0.000000	0.773676	0.0127368
pT	651.534717	0.000000	0.780836	0.0128084
pT	653.125928	0.000000	0.78589	0.0128589
pT	654.717139	0.000000	0.790449	0.0129045
pT	656.308301	0.000000	0.787636	0.0128764
pT	657.899463	0.000000	0.784557	0.0128456
pT	659.490625	0.000000	0.791133	0.0129113
pT	661.081738	0.000000	0.786728	0.0128673
pT	662.672852	0.000000	0.781621	0.0128162
pT	664.263916	0.000000	0.776461	0.0127646
pT	665.854980	0.000000	0.781548	0.0128155
pT	667.445996	0.000000	0.789431	0.0128943
pT	669.037012	0.000000	0.79279	0.0129279
pT	670.627979	0.000000	0.795562	0.0129556
pT	672.218896	0.000000	0.787898	0.012879
pT	673.809814	0.000000	0.787259	0.0128726
pT	675.400684	0.000000	0.785548	0.0128555
pT	676.991504	0.000000	0.781283	0.0128128
pT	678.582275	0.000000	0.787463	0.0128746
pT	680.173047	0.000000	0.78771	0.0128771
pT	681.763721	0.000000	0.793601	0.012936
pT	683.354395	0.000000	0.791456	0.0129146
pT	684.945020	0.000000	0.79387	0.0129387
pT	686.535596	0.000000	0.800387	0.0130039
pT	688.126074	0.000000	0.792856	0.0129286
pT	689.716553	0.000000	0.796489	0.0129649
pT	691.306982	0.000000	0.797559	0.0129756
pT	692.897314	0.000000	0.802273	0.0130227
pT	694.487598	0.000000	0.79725	0.0129725
pT	696.077832	0.000000	0.794485	0.0129449
pT	697.668018	0.000000	0.799383	0.0129938
pT	699.258105	0.000000	0.801564	0.0130156
pT	700.848145	0.000000	0.808912	0.0130891
pT	702.438086	0.000000	0.803097	0.013031
pT	704.027979	0.000000	0.806573	0.0130657
pT	705.617773	0.000000	0.807521	0.0130752
pT	707.207471	0.000000	0.807666	0.0130767
pT	708.797119	0.000000	0.804414	0.0130441
pT	710.386670	0.000000	0.803579	0.0130358
pT	711.976172	0.000000	0.814213	0.0131421
pT	713.565527	0.000000	0.814805	0.013148
pT	715.154834	0.000000	0.812153	0.0131215
pT	716.744043	0.000000	0.802992	0.0130299
pT	718.333105	0.000000	0.801375	0.0130137
pT	719.922119	0.000000	0.80494	0.0130494
pT	721.510986	0.000000	0.808649	0.0130865
pT	723.099756	0.000000	0.805046	0.0130505
pT	724.688428	0.000000	0.810202	0.013102
pT	726.277002	0.000000	0.803605	0.0130361
pT	727.865430	0.000000	0.809681	0.0130968
pT	729.453711	0.000000	0.804912	0.0130491
pT	731.041895	0.000000	0.80034	0.0130034
pT	732.629980	0.000000	0.812309	0.0131231
pT	734.217871	0.000000	0.803607	0.0130361
pT	735.805664	0.000000	0.804567	0.0130457
pT	737.393359	0.000000	0.819102	0.013191
pT	738.980859	0.000000	0.821743	0.0132174
pT	740.568213	0.000000	0.814247	0.0131425
pT	742.155420	0.000000	0.809361	0.0130936
pT	743.742480	0.000000	0.810961	0.0131096
pT	745.329395	0.000000	0.808264	0.0130826
pT	746.916162	0.000000	0.812931	0.0131293
pT	748.502734	0.000000	0.821638	0.0132164
pT	750.089111	0.000000	0.823439	0.0132344
pT	751.675342	0.000000	0.826354	0.0132635
pT	753.261426	0.000000	0.821244	0.0132124
pT	754.847314	0.000000	0.81207	0.0131207
pT	756.433008	0.000000	0.804607	0.0130461
pT	758.018506	0.000000	0.812411	0.0131241
pT	759.603809	0.000000	0.809348	0.0130935
pT	761.188916	0.000000	0.794553	0.0129455
pT	762.773828	0.000000	0.817018	0.0131702
pT	764.358496	0.000000	0.816845	0.0131684
pT	765.943018	0.000000	0.813337	0.0131334
pT	767.527246	0.000000	0.812341	0.0131234
pT	769.111328	0.000000	0.824683	0.0132468
pT	770.695117	0.000000	0.810931	0.0131093
pT	772.278711	0.000000	0.806212	0.0130621
pT	773.862061	0.000000	0.803732	0.0130373
pT	775.445215	0.000000	0.803723	0.0130372
pT	777.028076	0.000000	0.806277	0.0130628
pT	778.610693	0.000000	0.81545	0.0131545
pT	780.193018	0.000000	0.816126	0.0131613
pT	781.775146	0.000000	0.81244	0.0131244
pT	783.356982	0.000000	0.814891	0.0131489
pT	784.938525	0.000000	0.818526	0.0131853
pT	786.519824	0.000000	0.814819	0.0131482
pT	788.100830	0.000000	0.816201	0.013162
pT	789.681543	0.000000	0.803349	0.0130335
pT	791.261963	0.000000	0.798691	0.0129869
pT	792.842090	0.000000	0.815047	0.0131505
pT	794.421875	0.000000	0.823101	0.013231
pT	796.001416	0.000000	0.82007	0.0132007
pT	797.580566	0.000000	0.818293	0.0131829
pT	799.159473	0.000000	0.821236	0.0132124
pT	800.737988	0.000000	0.828087	0.0132809
pT	802.316211	0.000000	0.826162	0.0132616
pT	803.894043	0.000000	0.823437	0.0132344
pT	805.471582	0.000000	0.828554	0.0132855
pT	807.048730	0.000000	0.828484	0.0132848
pT	808.625537	0.000000	0.83278	0.0133278
pT	810.202002	0.000000	0.806741	0.0130674
pT	811.778076	0.000000	0.797078	0.0129708
pT	813.353760	0.000000	0.81194	0.0131194
pT	814.929053	0.000000	0.851182	0.0135118
pT	816.504004	0.000000	0.848142	0.0134814
pT	818.078516	0.000000	0.809852	0.0130985
pT	819.652637	0.000000	0.807928	0.0130793
pT	821.226270	0.000000	0.8331	0.013331
pT	822.799609	0.000000	0.835909	0.0133591
pT	824.372461	0.000000	0.820076	0.0132008
pT	825.944922	0.000000	0.771919	0.0127192
pT	827.516895	0.000000	0.757035	0.0125703
pT	829.088379	0.000000	0.781862	0.0128186
pT	830.659473	0.000000	0.821155	0.0132115
pT	832.230078	0.000000	0.843251	0.0134325
pT	833.800293	0.000000	0.8539	0.013539
pT	835.369922	0.000000	0.844499	0.013445
pT	836.939160	0.000000	0.845192	0.0134519
pT	838.507812	0.000000	0.830396	0.013304
pT	840.076074	0.000000	0.818634	0.0131863
pT	841.643750	0.000000	0.824563	0.0132456
pT	843.210937	0.000000	0.834563	0.0133456
pT	844.777637	0.000000	0.821469	0.0132147
pT	846.343750	0.000000	0.821065	0.0132106
pT	847.909277	0.000000	0.811572	0.0131157
pT	849.474316	0.000000	0.80529	0.0130529
pT	851.038867	0.000000	0.809344	0.0130934
pT	852.602734	0.000000	0.81228	0.0131228
pT	854.166113	0.000000	0.823496	0.013235
pT	855.728906	0.000000	0.818705	0.0131871
pT	857.291113	0.000000	0.822331	0.0132233
pT	858.852637	0.000000	0.816884	0.0131688
pT	860.413672	0.000000	0.819098	0.013191
pT	861.974023	0.000000	0.824559	0.0132456
pT	863.533789	0.000000	0.818666	0.0131867
pT	865.092871	0.000000	0.809833	0.0130983
pT	866.651367	0.000000	0.821331	0.0132133
pT	868.209180	0.000000	0.817891	0.0131789
pT	869.766309	0.000000	0.824838	0.0132484
pT	871.322852	0.000000	0.822585	0.0132258
pT	872.878613	0.000000	0.821621	0.0132162
pT	874.433789	0.000000	0.821371	0.0132137
pT	875.988184	0.000000	0.82115	0.0132115
pT	877.541895	0.000000	0.827158	0.0132716
pT	879.094922	0.000000	0.831337	0.0133134
pT	880.647168	0.000000	0.824264	0.0132426
pT	882.198730	0.000000	0.828393	0.0132839
pT	883.749512	0.000000	0.8311	0.013311
pT	885.299609	0.000000	0.823789	0.0132379
pT	886.848828	0.000000	0.832247	0.0133225
pT	888.397363	0.000000	0.818595	0.0131859
pT	889.945020	0.000000	0.82254	0.0132254
pT	891.491992	0.000000	0.812699	0.013127
pT	893.038086	0.000000	0.789907	0.0128991
pT	894.583398	0.000000	0.80936	0.0130936
pT	896.127832	0.000000	0.833069	0.0133307
pT	897.671484	0.000000	0.811578	0.0131158
pT	899.214258	0.000000	0.810171	0.0131017
pT	900.756152	0.000000	0.831887	0.0133189
pT	902.297168	0.000000	0.831532	0.0133153
pT	903.837402	0.000000	0.799039	0.0129904
pT	905.376660	0.000000	0.795332	0.0129533
pT	906.915039	0.000000	0.81424	0.0131424
pT	908.452441	0.000000	0.808395	0.013084
pT	909.988965	0.000000	0.808471	0.0130847
pT	911.524512	0.000000	0.830244	0.0133024
pT	913.059180	0.000000	0.811669	0.0131167
pT	914.592871	0.000000	0.823705	0.013237
pT	916.125586	0.000000	0.816508	0.0131651
pT	917.657227	0.000000	0.811702	0.013117
pT	919.187988	0.000000	0.819477	0.0131948
pT	920.717676	0.000000	0.828492	0.0132849
pT	922.246387	0.000000	0.817093	0.0131709
pT	923.774023	0.000000	0.817844	0.0131784
pT	925.300586	0.000000	0.802531	0.0130253
pT	926.826172	0.000000	0.796609	0.0129661
pT	928.350684	0.000000	0.805735	0.0130574
pT	929.874023	0.000000	0.795951	0.0129595
pT	931.396387	0.000000	0.807011	0.0130701
pT	932.917578	0.000000	0.80571	0.0130571
pT	934.437598	0.000000	0.807784	0.0130778
pT	935.956543	0.000000	0.821916	0.0132192
pT	937.474316	0.000000	0.81471	0.0131471
pT	938.990918	0.000000	0.801249	0.0130125
pT	940.506445	0.000000	0.795641	0.0129564
pT	942.020703	0.000000	0.810166	0.0131017
pT	943.533691	0.000000	0.819357	0.0131936
pT	945.045605	0.000000	0.815493	0.0131549
pT	946.556250	0.000000	0.81761	0.0131761
pT	948.065625	0.000000	0.810358	0.0131036
pT	949.573730	0.000000	0.825481	0.0132548
pT	951.080566	0.000000	0.813105	0.013131
pT	952.586133	0.000000	0.816141	0.0131614
pT	954.090430	0.000000	0.83355	0.0133355
pT	955.593359	0.000000	0.812927	0.0131293
pT	957.095020	0.000000	0.821959	0.0132196
pT	958.595313	0.000000	0.812609	0.0131261
pT	960.094336	0.000000	0.821731	0.0132173
pT	961.591895	0.000000	0.813774	0.0131377
pT	963.088086	0.000000	0.820556	0.0132056
pT	964.582910	0.000000	0.824317	0.0132432
pT	966.076270	0.000000	0.804417	0.0130442
pT	967.568262	0.000000	0.81117	0.0131117
pT	969.058789	0.000000	0.814061	0.0131406
pT	970.547852	0.000000	0.826689	0.0132669
pT	972.035449	0.000000	0.865529	0.0136553
pT	973.521484	0.000000	0.82519	0.0132519
pT	975.006055	0.000000	0.81762	0.0131762
pT	976.489160	0.000000	0.792217	0.0129222
pT	977.970703	0.000000	0.796922	0.0129692
pT	979.450684	0.000000	0.807916	0.0130792
pT	980.929102	0.000000	0.817132	0.0131713
pT	982.405957	0.000000	0.810595	0.0131059
pT	983.881152	0.000000	0.811874	0.0131187
pT	985.354785	0.000000	0.838555	0.0133856
pT	986.826758	0.000000	0.814315	0.0131432
pT	988.297168	0.000000	0.792978	0.0129298
pT	989.765820	0.000000	0.81267	0.0131267
pT	991.232813	0.000000	0.820556	0.0132056
pT	992.698145	0.000000	0.797915	0.0129791
pT	994.161719	0.000000	0.800643	0.0130064
pT	995.623535	0.000000	0.796394	0.0129639
pT	997.083691	0.000000	0.805064	0.0130506
pT	998.541992	0.000000	0.816926	0.0131693
pT	999.998535	0.000000	0.801048	0.0130105