
RTmethod[PolRT=-0.00, RevsRT=300, WVASE=3.412, HardVer=17.011, Wed Jul 19 13:32:11 2023]
Original[trans_nano50s.dat]
nm
pT	255.408472	0.000000	0.0331803	0.0053318
pT	256.996704	0.000000	0.0274034	0.00527403
pT	258.585059	0.000000	0.026349	0.00526349
pT	260.173560	0.000000	0.0268173	0.00526817
pT	261.762183	0.000000	0.0326414	0.00532641
pT	263.350903	0.000000	0.00881108	0.00508811
pT	264.939771	0.000000	0.0154468	0.00515447
pT	266.528735	0.000000	0.0303219	0.00530322
pT	268.117822	0.000000	0.021627	0.00521627
pT	269.707007	0.000000	0.0207325	0.00520732
pT	271.296313	0.000000	0.00955177	0.00509552
pT	272.885693	0.000000	0.0121215	0.00512121
pT	274.475195	0.000000	0.0172255	0.00517226
pT	276.064795	0.000000	0.0218829	0.00521883
pT	277.654468	0.000000	0.0123357	0.00512336
pT	279.244263	0.000000	0.0151925	0.00515193
pT	280.834106	0.000000	0.0096971	0.00509697
pT	282.424072	0.000000	0.00728936	0.00507289
pT	284.014087	0.000000	0.0147525	0.00514753
pT	285.604199	0.000000	0.0112686	0.00511269
pT	287.194385	0.000000	0.0111531	0.00511153
pT	288.784644	0.000000	0.00807157	0.00508072
pT	290.374976	0.000000	0.0100613	0.00510061
pT	291.965356	0.000000	0.00455206	0.00504552
pT	293.555835	0.000000	0.0122453	0.00512245
pT	295.146362	0.000000	0.0060786	0.00506079
pT	296.736938	0.000000	0.00770211	0.00507702
pT	298.327588	0.000000	0.00849508	0.00508495
pT	299.918286	0.000000	0.00965413	0.00509654
pT	301.509033	0.000000	0.0158515	0.00515852
pT	303.099854	0.000000	0.0217859	0.00521786
pT	304.690698	0.000000	0.0358131	0.00535813
pT	306.281592	0.000000	0.0484054	0.00548405
pT	307.872559	0.000000	0.0654762	0.00565476
pT	309.463525	0.000000	0.0775202	0.0057752
pT	311.054565	0.000000	0.111269	0.00611269
pT	312.645630	0.000000	0.142953	0.00642953
pT	314.236743	0.000000	0.173321	0.00673321
pT	315.827881	0.000000	0.215472	0.00715472
pT	317.419067	0.000000	0.255232	0.00755232
pT	319.010278	0.000000	0.29642	0.0079642
pT	320.601514	0.000000	0.336843	0.00836843
pT	322.192773	0.000000	0.373823	0.00873823
pT	323.784058	0.000000	0.415994	0.00915994
pT	325.375366	0.000000	0.448502	0.00948502
pT	326.966724	0.000000	0.486842	0.00986842
pT	328.558081	0.000000	0.517656	0.0101766
pT	330.149463	0.000000	0.549243	0.0104924
pT	331.740845	0.000000	0.571048	0.0107105
pT	333.332275	0.000000	0.596805	0.0109681
pT	334.923706	0.000000	0.617434	0.0111743
pT	336.515137	0.000000	0.635418	0.0113542
pT	338.106592	0.000000	0.653987	0.0115399
pT	339.698071	0.000000	0.663849	0.0116385
pT	341.289551	0.000000	0.675442	0.0117544
pT	342.881030	0.000000	0.683178	0.0118318
pT	344.472534	0.000000	0.693996	0.01194
pT	346.064038	0.000000	0.698398	0.011984
pT	347.655542	0.000000	0.702268	0.0120227
pT	349.247046	0.000000	0.706716	0.0120672
pT	350.838574	0.000000	0.708189	0.0120819
pT	352.430078	0.000000	0.713354	0.0121335
pT	354.021606	0.000000	0.7173	0.012173
pT	355.613135	0.000000	0.718369	0.0121837
pT	357.204639	0.000000	0.720067	0.0122007
pT	358.796167	0.000000	0.722636	0.0122264
pT	360.387671	0.000000	0.719881	0.0121988
pT	361.979175	0.000000	0.719425	0.0121943
pT	363.570703	0.000000	0.717968	0.0121797
pT	365.162183	0.000000	0.713624	0.0121362
pT	366.753687	0.000000	0.71111	0.0121111
pT	368.345166	0.000000	0.706142	0.0120614
pT	369.936670	0.000000	0.705304	0.012053
pT	371.528125	0.000000	0.699409	0.0119941
pT	373.119604	0.000000	0.693828	0.0119383
pT	374.711060	0.000000	0.694033	0.0119403
pT	376.302490	0.000000	0.688765	0.0118876
pT	377.893945	0.000000	0.681308	0.0118131
pT	379.485376	0.000000	0.677888	0.0117789
pT	381.076782	0.000000	0.677947	0.0117795
pT	382.668188	0.000000	0.675771	0.0117577
pT	384.259570	0.000000	0.673591	0.0117359
pT	385.850952	0.000000	0.674735	0.0117474
pT	387.442310	0.000000	0.669777	0.0116978
pT	389.033667	0.000000	0.669361	0.0116936
pT	390.625000	0.000000	0.666574	0.0116657
pT	392.216333	0.000000	0.663215	0.0116321
pT	393.807642	0.000000	0.660024	0.0116002
pT	395.398926	0.000000	0.656889	0.0115689
pT	396.990210	0.000000	0.653595	0.011536
pT	398.581470	0.000000	0.651386	0.0115139
pT	400.172729	0.000000	0.648336	0.0114834
pT	401.763965	0.000000	0.645318	0.0114532
pT	403.355176	0.000000	0.640896	0.011409
pT	404.946387	0.000000	0.638563	0.0113856
pT	406.537573	0.000000	0.635595	0.0113559
pT	408.128735	0.000000	0.632018	0.0113202
pT	409.719873	0.000000	0.630936	0.0113094
pT	411.311035	0.000000	0.627029	0.0112703
pT	412.902148	0.000000	0.622224	0.0112222
pT	414.493262	0.000000	0.619409	0.0111941
pT	416.084326	0.000000	0.61657	0.0111657
pT	417.675391	0.000000	0.614787	0.0111479
pT	419.266455	0.000000	0.611861	0.0111186
pT	420.857520	0.000000	0.609784	0.0110978
pT	422.448535	0.000000	0.606943	0.0110694
pT	424.039551	0.000000	0.605094	0.0110509
pT	425.630518	0.000000	0.601329	0.0110133
pT	427.221484	0.000000	0.599617	0.0109962
pT	428.812451	0.000000	0.598331	0.0109833
pT	430.403418	0.000000	0.594946	0.0109495
pT	431.994336	0.000000	0.59296	0.0109296
pT	433.585254	0.000000	0.591439	0.0109144
pT	435.176123	0.000000	0.588946	0.0108895
pT	436.767041	0.000000	0.587737	0.0108774
pT	438.357910	0.000000	0.585084	0.0108508
pT	439.948730	0.000000	0.581681	0.0108168
pT	441.539600	0.000000	0.579088	0.0107909
pT	443.130420	0.000000	0.578052	0.0107805
pT	444.721240	0.000000	0.578297	0.010783
pT	446.312012	0.000000	0.578516	0.0107852
pT	447.902783	0.000000	0.577215	0.0107722
pT	449.493555	0.000000	0.575297	0.010753
pT	451.084326	0.000000	0.57502	0.0107502
pT	452.675098	0.000000	0.572103	0.010721
pT	454.265820	0.000000	0.570212	0.0107021
pT	455.856543	0.000000	0.570979	0.0107098
pT	457.447266	0.000000	0.571485	0.0107148
pT	459.037939	0.000000	0.57029	0.0107029
pT	460.628613	0.000000	0.571109	0.0107111
pT	462.219287	0.000000	0.575549	0.0107555
pT	463.809961	0.000000	0.58251	0.0108251
pT	465.400635	0.000000	0.578376	0.0107838
pT	466.991309	0.000000	0.55618	0.0105618
pT	468.581934	0.000000	0.553377	0.0105338
pT	470.172559	0.000000	0.557843	0.0105784
pT	471.763184	0.000000	0.55952	0.0105952
pT	473.353809	0.000000	0.561667	0.0106167
pT	474.944434	0.000000	0.561778	0.0106178
pT	476.535010	0.000000	0.561204	0.010612
pT	478.125635	0.000000	0.564108	0.0106411
pT	479.716211	0.000000	0.565663	0.0106566
pT	481.306787	0.000000	0.564161	0.0106416
pT	482.897363	0.000000	0.563338	0.0106334
pT	484.487939	0.000000	0.562752	0.0106275
pT	486.078516	0.000000	0.564423	0.0106442
pT	487.669092	0.000000	0.564526	0.0106453
pT	489.259668	0.000000	0.565041	0.0106504
pT	490.850244	0.000000	0.56572	0.0106572
pT	492.440771	0.000000	0.565535	0.0106554
pT	494.031348	0.000000	0.566938	0.0106694
pT	495.621875	0.000000	0.567633	0.0106763
pT	497.212451	0.000000	0.565146	0.0106515
pT	498.803027	0.000000	0.564416	0.0106442
pT	500.393555	0.000000	0.564384	0.0106438
pT	501.984131	0.000000	0.564967	0.0106497
pT	503.574658	0.000000	0.566126	0.0106613
pT	505.165234	0.000000	0.566774	0.0106677
pT	506.755811	0.000000	0.567603	0.010676
pT	508.346338	0.000000	0.566405	0.0106641
pT	509.936914	0.000000	0.568588	0.0106859
pT	511.527490	0.000000	0.570265	0.0107027
pT	513.118066	0.000000	0.566904	0.010669
pT	514.708643	0.000000	0.565574	0.0106557
pT	516.299219	0.000000	0.567192	0.0106719
pT	517.889795	0.000000	0.57083	0.0107083
pT	519.480371	0.000000	0.571816	0.0107182
pT	521.070996	0.000000	0.572239	0.0107224
pT	522.661572	0.000000	0.573073	0.0107307
pT	524.252197	0.000000	0.575709	0.0107571
pT	525.842822	0.000000	0.577414	0.0107741
pT	527.433447	0.000000	0.57471	0.0107471
pT	529.024072	0.000000	0.575633	0.0107563
pT	530.614697	0.000000	0.576587	0.0107659
pT	532.205322	0.000000	0.577126	0.0107713
pT	533.795996	0.000000	0.576278	0.0107628
pT	535.386670	0.000000	0.575822	0.0107582
pT	536.977344	0.000000	0.578153	0.0107815
pT	538.568018	0.000000	0.580942	0.0108094
pT	540.158691	0.000000	0.581935	0.0108194
pT	541.749414	0.000000	0.578205	0.010782
pT	543.340137	0.000000	0.579323	0.0107932
pT	544.930859	0.000000	0.580182	0.0108018
pT	546.521582	0.000000	0.582734	0.0108273
pT	548.112305	0.000000	0.584914	0.0108491
pT	549.703076	0.000000	0.587095	0.0108709
pT	551.293848	0.000000	0.587643	0.0108764
pT	552.884619	0.000000	0.585861	0.0108586
pT	554.475439	0.000000	0.58672	0.0108672
pT	556.066211	0.000000	0.59178	0.0109178
pT	557.657031	0.000000	0.594676	0.0109468
pT	559.247900	0.000000	0.592987	0.0109299
pT	560.838721	0.000000	0.595049	0.0109505
pT	562.429590	0.000000	0.594648	0.0109465
pT	564.020459	0.000000	0.590422	0.0109042
pT	565.611328	0.000000	0.591919	0.0109192
pT	567.202246	0.000000	0.596255	0.0109625
pT	568.793164	0.000000	0.597798	0.010978
pT	570.384082	0.000000	0.597447	0.0109745
pT	571.975000	0.000000	0.598862	0.0109886
pT	573.565967	0.000000	0.602164	0.0110216
pT	575.156934	0.000000	0.599862	0.0109986
pT	576.747900	0.000000	0.595355	0.0109535
pT	578.338916	0.000000	0.599847	0.0109985
pT	579.929932	0.000000	0.603168	0.0110317
pT	581.520947	0.000000	0.601628	0.0110163
pT	583.111963	0.000000	0.602345	0.0110235
pT	584.703027	0.000000	0.601567	0.0110157
pT	586.294092	0.000000	0.599795	0.010998
pT	587.885156	0.000000	0.601911	0.0110191
pT	589.476270	0.000000	0.604691	0.0110469
pT	591.067383	0.000000	0.60375	0.0110375
pT	592.658496	0.000000	0.606671	0.0110667
pT	594.249609	0.000000	0.606983	0.0110698
pT	595.840771	0.000000	0.602017	0.0110202
pT	597.431885	0.000000	0.606256	0.0110626
pT	599.023047	0.000000	0.607464	0.0110746
pT	600.614258	0.000000	0.606369	0.0110637
pT	602.205420	0.000000	0.606476	0.0110648
pT	603.796631	0.000000	0.60911	0.0110911
pT	605.387842	0.000000	0.613771	0.0111377
pT	606.979053	0.000000	0.610073	0.0111007
pT	608.570264	0.000000	0.610988	0.0111099
pT	610.161523	0.000000	0.615238	0.0111524
pT	611.752734	0.000000	0.614063	0.0111406
pT	613.343994	0.000000	0.621133	0.0112113
pT	614.935254	0.000000	0.61879	0.0111879
pT	616.526514	0.000000	0.620714	0.0112071
pT	618.117822	0.000000	0.61787	0.0111787
pT	619.709082	0.000000	0.620198	0.011202
pT	621.300391	0.000000	0.614563	0.0111456
pT	622.891650	0.000000	0.616678	0.0111668
pT	624.482959	0.000000	0.62035	0.0112035
pT	626.074268	0.000000	0.619128	0.0111913
pT	627.665576	0.000000	0.614779	0.0111478
pT	629.256836	0.000000	0.621665	0.0112166
pT	630.848145	0.000000	0.628167	0.0112817
pT	632.439453	0.000000	0.624553	0.0112455
pT	634.030762	0.000000	0.621531	0.0112153
pT	635.622070	0.000000	0.624246	0.0112425
pT	637.213379	0.000000	0.622277	0.0112228
pT	638.804639	0.000000	0.620679	0.0112068
pT	640.395947	0.000000	0.621921	0.0112192
pT	641.987207	0.000000	0.622357	0.0112236
pT	643.578516	0.000000	0.624539	0.0112454
pT	645.169775	0.000000	0.624212	0.0112421
pT	646.761035	0.000000	0.623618	0.0112362
pT	648.352246	0.000000	0.622242	0.0112224
pT	649.943506	0.000000	0.624433	0.0112443
pT	651.534717	0.000000	0.629124	0.0112912
pT	653.125928	0.000000	0.630369	0.0113037
pT	654.717139	0.000000	0.63473	0.0113473
pT	656.308301	0.000000	0.632749	0.0113275
pT	657.899463	0.000000	0.629726	0.0112973
pT	659.490625	0.000000	0.634056	0.0113406
pT	661.081738	0.000000	0.6337	0.011337
pT	662.672852	0.000000	0.626355	0.0112635
pT	664.263916	0.000000	0.627945	0.0112794
pT	665.854980	0.000000	0.629706	0.0112971
pT	667.445996	0.000000	0.632711	0.0113271
pT	669.037012	0.000000	0.635027	0.0113503
pT	670.627979	0.000000	0.634541	0.0113454
pT	672.218896	0.000000	0.627821	0.0112782
pT	673.809814	0.000000	0.628071	0.0112807
pT	675.400684	0.000000	0.626507	0.0112651
pT	676.991504	0.000000	0.623162	0.0112316
pT	678.582275	0.000000	0.625414	0.0112541
pT	680.173047	0.000000	0.627307	0.0112731
pT	681.763721	0.000000	0.632701	0.011327
pT	683.354395	0.000000	0.627757	0.0112776
pT	684.945020	0.000000	0.626929	0.0112693
pT	686.535596	0.000000	0.633307	0.0113331
pT	688.126074	0.000000	0.633406	0.0113341
pT	689.716553	0.000000	0.63621	0.0113621
pT	691.306982	0.000000	0.63746	0.0113746
pT	692.897314	0.000000	0.637482	0.0113748
pT	694.487598	0.000000	0.628462	0.0112846
pT	696.077832	0.000000	0.628948	0.0112895
pT	697.668018	0.000000	0.630809	0.0113081
pT	699.258105	0.000000	0.634951	0.0113495
pT	700.848145	0.000000	0.643473	0.0114347
pT	702.438086	0.000000	0.638844	0.0113884
pT	704.027979	0.000000	0.642107	0.0114211
pT	705.617773	0.000000	0.63908	0.0113908
pT	707.207471	0.000000	0.636062	0.0113606
pT	708.797119	0.000000	0.638329	0.0113833
pT	710.386670	0.000000	0.636058	0.0113606
pT	711.976172	0.000000	0.643954	0.0114395
pT	713.565527	0.000000	0.643533	0.0114353
pT	715.154834	0.000000	0.640363	0.0114036
pT	716.744043	0.000000	0.63154	0.0113154
pT	718.333105	0.000000	0.63194	0.0113194
pT	719.922119	0.000000	0.634026	0.0113403
pT	721.510986	0.000000	0.634492	0.0113449
pT	723.099756	0.000000	0.635019	0.0113502
pT	724.688428	0.000000	0.636368	0.0113637
pT	726.277002	0.000000	0.631599	0.011316
pT	727.865430	0.000000	0.636325	0.0113633
pT	729.453711	0.000000	0.634138	0.0113414
pT	731.041895	0.000000	0.630218	0.0113022
pT	732.629980	0.000000	0.646079	0.0114608
pT	734.217871	0.000000	0.638296	0.011383
pT	735.805664	0.000000	0.634281	0.0113428
pT	737.393359	0.000000	0.642722	0.0114272
pT	738.980859	0.000000	0.646658	0.0114666
pT	740.568213	0.000000	0.640529	0.0114053
pT	742.155420	0.000000	0.635945	0.0113594
pT	743.742480	0.000000	0.637269	0.0113727
pT	745.329395	0.000000	0.639242	0.0113924
pT	746.916162	0.000000	0.636988	0.0113699
pT	748.502734	0.000000	0.643475	0.0114348
pT	750.089111	0.000000	0.644716	0.0114472
pT	751.675342	0.000000	0.64591	0.0114591
pT	753.261426	0.000000	0.645445	0.0114544
pT	754.847314	0.000000	0.634674	0.0113467
pT	756.433008	0.000000	0.632002	0.01132
pT	758.018506	0.000000	0.633178	0.0113318
pT	759.603809	0.000000	0.631526	0.0113153
pT	761.188916	0.000000	0.620817	0.0112082
pT	762.773828	0.000000	0.639571	0.0113957
pT	764.358496	0.000000	0.642368	0.0114237
pT	765.943018	0.000000	0.63843	0.0113843
pT	767.527246	0.000000	0.636746	0.0113675
pT	769.111328	0.000000	0.646884	0.0114688
pT	770.695117	0.000000	0.636145	0.0113614
pT	772.278711	0.000000	0.631772	0.0113177
pT	773.862061	0.000000	0.626118	0.0112612
pT	775.445215	0.000000	0.62325	0.0112325
pT	777.028076	0.000000	0.633811	0.0113381
pT	778.610693	0.000000	0.636379	0.0113638
pT	780.193018	0.000000	0.634652	0.0113465
pT	781.775146	0.000000	0.630591	0.0113059
pT	783.356982	0.000000	0.632642	0.0113264
pT	784.938525	0.000000	0.642824	0.0114282
pT	786.519824	0.000000	0.635514	0.0113551
pT	788.100830	0.000000	0.640893	0.0114089
pT	789.681543	0.000000	0.632768	0.0113277
pT	791.261963	0.000000	0.62991	0.0112991
pT	792.842090	0.000000	0.638296	0.011383
pT	794.421875	0.000000	0.640177	0.0114018
pT	796.001416	0.000000	0.639896	0.011399
pT	797.580566	0.000000	0.636825	0.0113682
pT	799.159473	0.000000	0.637923	0.0113792
pT	800.737988	0.000000	0.636571	0.0113657
pT	802.316211	0.000000	0.640086	0.0114009
pT	803.894043	0.000000	0.637799	0.011378
pT	805.471582	0.000000	0.641721	0.0114172
pT	807.048730	0.000000	0.646204	0.011462
pT	808.625537	0.000000	0.643598	0.011436
pT	810.202002	0.000000	0.622862	0.0112286
pT	811.778076	0.000000	0.628046	0.0112805
pT	813.353760	0.000000	0.628271	0.0112827
pT	814.929053	0.000000	0.656008	0.0115601
pT	816.504004	0.000000	0.660535	0.0116053
pT	818.078516	0.000000	0.630795	0.0113079
pT	819.652637	0.000000	0.631313	0.0113131
pT	821.226270	0.000000	0.642873	0.0114287
pT	822.799609	0.000000	0.637827	0.0113783
pT	824.372461	0.000000	0.636809	0.0113681
pT	825.944922	0.000000	0.618093	0.0111809
pT	827.516895	0.000000	0.628594	0.0112859
pT	829.088379	0.000000	0.646244	0.0114624
pT	830.659473	0.000000	0.647846	0.0114785
pT	832.230078	0.000000	0.626818	0.0112682
pT	833.800293	0.000000	0.618112	0.0111811
pT	835.369922	0.000000	0.616377	0.0111638
pT	836.939160	0.000000	0.621139	0.0112114
pT	838.507812	0.000000	0.626736	0.0112674
pT	840.076074	0.000000	0.625607	0.0112561
pT	841.643750	0.000000	0.632405	0.011324
pT	843.210937	0.000000	0.640585	0.0114059
pT	844.777637	0.000000	0.628986	0.0112899
pT	846.343750	0.000000	0.631091	0.0113109
pT	847.909277	0.000000	0.625264	0.0112526
pT	849.474316	0.000000	0.618891	0.0111889
pT	851.038867	0.000000	0.620983	0.0112098
pT	852.602734	0.000000	0.624447	0.0112445
pT	854.166113	0.000000	0.632343	0.0113234
pT	855.728906	0.000000	0.63172	0.0113172
pT	857.291113	0.000000	0.634519	0.0113452
pT	858.852637	0.000000	0.631258	0.0113126
pT	860.413672	0.000000	0.631505	0.011315
pT	861.974023	0.000000	0.632304	0.011323
pT	863.533789	0.000000	0.624678	0.0112468
pT	865.092871	0.000000	0.624912	0.0112491
pT	866.651367	0.000000	0.636789	0.0113679
pT	868.209180	0.000000	0.63221	0.0113221
pT	869.766309	0.000000	0.639952	0.0113995
pT	871.322852	0.000000	0.638925	0.0113892
pT	872.878613	0.000000	0.633583	0.0113358
pT	874.433789	0.000000	0.633426	0.0113343
pT	875.988184	0.000000	0.635642	0.0113564
pT	877.541895	0.000000	0.645267	0.0114527
pT	879.094922	0.000000	0.652108	0.0115211
pT	880.647168	0.000000	0.646273	0.0114627
pT	882.198730	0.000000	0.646179	0.0114618
pT	883.749512	0.000000	0.656834	0.0115683
pT	885.299609	0.000000	0.647783	0.0114778
pT	886.848828	0.000000	0.64438	0.0114438
pT	888.397363	0.000000	0.630758	0.0113076
pT	889.945020	0.000000	0.640516	0.0114052
pT	891.491992	0.000000	0.633465	0.0113346
pT	893.038086	0.000000	0.614278	0.0111428
pT	894.583398	0.000000	0.627101	0.011271
pT	896.127832	0.000000	0.64892	0.0114892
pT	897.671484	0.000000	0.631151	0.0113115
pT	899.214258	0.000000	0.621804	0.011218
pT	900.756152	0.000000	0.645352	0.0114535
pT	902.297168	0.000000	0.651304	0.011513
pT	903.837402	0.000000	0.624654	0.0112465
pT	905.376660	0.000000	0.621019	0.0112102
pT	906.915039	0.000000	0.625787	0.0112579
pT	908.452441	0.000000	0.621796	0.011218
pT	909.988965	0.000000	0.628287	0.0112829
pT	911.524512	0.000000	0.653272	0.0115327
pT	913.059180	0.000000	0.635283	0.0113528
pT	914.592871	0.000000	0.637523	0.0113752
pT	916.125586	0.000000	0.63591	0.0113591
pT	917.657227	0.000000	0.627066	0.0112707
pT	919.187988	0.000000	0.629788	0.0112979
pT	920.717676	0.000000	0.632128	0.0113213
pT	922.246387	0.000000	0.629438	0.0112944
pT	923.774023	0.000000	0.630567	0.0113057
pT	925.300586	0.000000	0.614803	0.011148
pT	926.826172	0.000000	0.604558	0.0110456
pT	928.350684	0.000000	0.614563	0.0111456
pT	929.874023	0.000000	0.608817	0.0110882
pT	931.396387	0.000000	0.616182	0.0111618
pT	932.917578	0.000000	0.614642	0.0111464
pT	934.437598	0.000000	0.62386	0.0112386
pT	935.956543	0.000000	0.635341	0.0113534
pT	937.474316	0.000000	0.635224	0.0113522
pT	938.990918	0.000000	0.622434	0.0112243
pT	940.506445	0.000000	0.606758	0.0110676
pT	942.020703	0.000000	0.622364	0.0112236
pT	943.533691	0.000000	0.636421	0.0113642
pT	945.045605	0.000000	0.62991	0.0112991
pT	946.556250	0.000000	0.631156	0.0113116
pT	948.065625	0.000000	0.622641	0.0112264
pT	949.573730	0.000000	0.638935	0.0113894
pT	951.080566	0.000000	0.625355	0.0112535
pT	952.586133	0.000000	0.629285	0.0112929
pT	954.090430	0.000000	0.643583	0.0114358
pT	955.593359	0.000000	0.633781	0.0113378
pT	957.095020	0.000000	0.634152	0.0113415
pT	958.595313	0.000000	0.615565	0.0111557
pT	960.094336	0.000000	0.633601	0.011336
pT	961.591895	0.000000	0.63637	0.0113637
pT	963.088086	0.000000	0.626013	0.0112601
pT	964.582910	0.000000	0.632191	0.0113219
pT	966.076270	0.000000	0.610127	0.0111013
pT	967.568262	0.000000	0.611033	0.0111103
pT	969.058789	0.000000	0.625937	0.0112594
pT	970.547852	0.000000	0.634952	0.0113495
pT	972.035449	0.000000	0.665671	0.0116567
pT	973.521484	0.000000	0.628947	0.0112895
pT	975.006055	0.000000	0.627369	0.0112737
pT	976.489160	0.000000	0.602679	0.0110268
pT	977.970703	0.000000	0.615994	0.0111599
pT	979.450684	0.000000	0.61577	0.0111577
pT	980.929102	0.000000	0.618453	0.0111845
pT	982.405957	0.000000	0.621204	0.011212
pT	983.881152	0.000000	0.618619	0.0111862
pT	985.354785	0.000000	0.631239	0.0113124
pT	986.826758	0.000000	0.61615	0.0111615
pT	988.297168	0.000000	0.598635	0.0109864
pT	989.765820	0.000000	0.619717	0.0111972
pT	991.232813	0.000000	0.624618	0.0112462
pT	992.698145	0.000000	0.604968	0.0110497
pT	994.161719	0.000000	0.614397	0.011144
pT	995.623535	0.000000	0.601263	0.0110126
pT	997.083691	0.000000	0.609809	0.0110981
pT	998.541992	0.000000	0.62716	0.0112716
pT	999.998535	0.000000	0.607612	0.0110761