
RTmethod[PolRT=-0.00, RevsRT=300, WVASE=3.412, HardVer=17.011, Wed Jul 19 13:05:29 2023]
Original[trans_nano25s.dat]
nm
pT	255.408472	0.000000	0.0349582	0.00534958
pT	256.996704	0.000000	0.0355945	0.00535595
pT	258.585059	0.000000	0.025746	0.00525746
pT	260.173560	0.000000	0.0121175	0.00512118
pT	261.762183	0.000000	0.0186153	0.00518615
pT	263.350903	0.000000	0.0217021	0.00521702
pT	264.939771	0.000000	0.0104186	0.00510419
pT	266.528735	0.000000	0.0267391	0.00526739
pT	268.117822	0.000000	0.0213616	0.00521362
pT	269.707007	0.000000	0.0135798	0.0051358
pT	271.296313	0.000000	0.0119574	0.00511957
pT	272.885693	0.000000	0.0191484	0.00519148
pT	274.475195	0.000000	0.0163104	0.0051631
pT	276.064795	0.000000	0.014155	0.00514155
pT	277.654468	0.000000	0.0117107	0.00511711
pT	279.244263	0.000000	0.0133554	0.00513355
pT	280.834106	0.000000	0.0174277	0.00517428
pT	282.424072	0.000000	0.00865009	0.0050865
pT	284.014087	0.000000	0.0158206	0.00515821
pT	285.604199	0.000000	0.00596431	0.00505964
pT	287.194385	0.000000	0.0117446	0.00511745
pT	288.784644	0.000000	0.00930218	0.00509302
pT	290.374976	0.000000	0.0119746	0.00511975
pT	291.965356	0.000000	0.0113267	0.00511327
pT	293.555835	0.000000	0.00986427	0.00509864
pT	295.146362	0.000000	0.00830719	0.00508307
pT	296.736938	0.000000	0.00837945	0.00508379
pT	298.327588	0.000000	0.00565897	0.00505659
pT	299.918286	0.000000	0.0111348	0.00511135
pT	301.509033	0.000000	0.0149302	0.0051493
pT	303.099854	0.000000	0.0194197	0.0051942
pT	304.690698	0.000000	0.0290112	0.00529011
pT	306.281592	0.000000	0.0440066	0.00544007
pT	307.872559	0.000000	0.0588461	0.00558846
pT	309.463525	0.000000	0.0748555	0.00574856
pT	311.054565	0.000000	0.109973	0.00609973
pT	312.645630	0.000000	0.138866	0.00638866
pT	314.236743	0.000000	0.169952	0.00669952
pT	315.827881	0.000000	0.207888	0.00707888
pT	317.419067	0.000000	0.25095	0.0075095
pT	319.010278	0.000000	0.290299	0.00790299
pT	320.601514	0.000000	0.332567	0.00832567
pT	322.192773	0.000000	0.370754	0.00870754
pT	323.784058	0.000000	0.410329	0.00910329
pT	325.375366	0.000000	0.445311	0.00945311
pT	326.966724	0.000000	0.482071	0.00982071
pT	328.558081	0.000000	0.518785	0.0101878
pT	330.149463	0.000000	0.548192	0.0104819
pT	331.740845	0.000000	0.579518	0.0107952
pT	333.332275	0.000000	0.598002	0.01098
pT	334.923706	0.000000	0.623891	0.0112389
pT	336.515137	0.000000	0.643564	0.0114356
pT	338.106592	0.000000	0.661266	0.0116127
pT	339.698071	0.000000	0.675811	0.0117581
pT	341.289551	0.000000	0.690999	0.01191
pT	342.881030	0.000000	0.703484	0.0120348
pT	344.472534	0.000000	0.717057	0.0121706
pT	346.064038	0.000000	0.719403	0.012194
pT	347.655542	0.000000	0.722863	0.0122286
pT	349.247046	0.000000	0.728204	0.012282
pT	350.838574	0.000000	0.72867	0.0122867
pT	352.430078	0.000000	0.738321	0.0123832
pT	354.021606	0.000000	0.739018	0.0123902
pT	355.613135	0.000000	0.742681	0.0124268
pT	357.204639	0.000000	0.742701	0.012427
pT	358.796167	0.000000	0.741946	0.0124195
pT	360.387671	0.000000	0.745471	0.0124547
pT	361.979175	0.000000	0.745102	0.012451
pT	363.570703	0.000000	0.742481	0.0124248
pT	365.162183	0.000000	0.744382	0.0124438
pT	366.753687	0.000000	0.740594	0.0124059
pT	368.345166	0.000000	0.738295	0.0123829
pT	369.936670	0.000000	0.736382	0.0123638
pT	371.528125	0.000000	0.734405	0.012344
pT	373.119604	0.000000	0.730531	0.0123053
pT	374.711060	0.000000	0.728485	0.0122848
pT	376.302490	0.000000	0.727162	0.0122716
pT	377.893945	0.000000	0.718516	0.0121852
pT	379.485376	0.000000	0.718078	0.0121808
pT	381.076782	0.000000	0.715344	0.0121534
pT	382.668188	0.000000	0.71653	0.0121653
pT	384.259570	0.000000	0.716595	0.012166
pT	385.850952	0.000000	0.718343	0.0121834
pT	387.442310	0.000000	0.711634	0.0121163
pT	389.033667	0.000000	0.710296	0.012103
pT	390.625000	0.000000	0.707195	0.012072
pT	392.216333	0.000000	0.705047	0.0120505
pT	393.807642	0.000000	0.703767	0.0120377
pT	395.398926	0.000000	0.703073	0.0120307
pT	396.990210	0.000000	0.698882	0.0119888
pT	398.581470	0.000000	0.694033	0.0119403
pT	400.172729	0.000000	0.69083	0.0119083
pT	401.763965	0.000000	0.687913	0.0118791
pT	403.355176	0.000000	0.68526	0.0118526
pT	404.946387	0.000000	0.682892	0.0118289
pT	406.537573	0.000000	0.678066	0.0117807
pT	408.128735	0.000000	0.673685	0.0117369
pT	409.719873	0.000000	0.669466	0.0116947
pT	411.311035	0.000000	0.665487	0.0116549
pT	412.902148	0.000000	0.661221	0.0116122
pT	414.493262	0.000000	0.656201	0.011562
pT	416.084326	0.000000	0.653162	0.0115316
pT	417.675391	0.000000	0.649513	0.0114951
pT	419.266455	0.000000	0.645132	0.0114513
pT	420.857520	0.000000	0.640234	0.0114023
pT	422.448535	0.000000	0.635414	0.0113541
pT	424.039551	0.000000	0.63387	0.0113387
pT	425.630518	0.000000	0.628835	0.0112884
pT	427.221484	0.000000	0.62281	0.0112281
pT	428.812451	0.000000	0.618589	0.0111859
pT	430.403418	0.000000	0.616554	0.0111655
pT	431.994336	0.000000	0.61027	0.0111027
pT	433.585254	0.000000	0.607121	0.0110712
pT	435.176123	0.000000	0.604258	0.0110426
pT	436.767041	0.000000	0.600479	0.0110048
pT	438.357910	0.000000	0.596808	0.0109681
pT	439.948730	0.000000	0.592663	0.0109266
pT	441.539600	0.000000	0.588293	0.0108829
pT	443.130420	0.000000	0.586289	0.0108629
pT	444.721240	0.000000	0.583882	0.0108388
pT	446.312012	0.000000	0.580478	0.0108048
pT	447.902783	0.000000	0.577546	0.0107755
pT	449.493555	0.000000	0.574491	0.0107449
pT	451.084326	0.000000	0.570344	0.0107034
pT	452.675098	0.000000	0.567009	0.0106701
pT	454.265820	0.000000	0.56539	0.0106539
pT	455.856543	0.000000	0.564698	0.010647
pT	457.447266	0.000000	0.562862	0.0106286
pT	459.037939	0.000000	0.56028	0.0106028
pT	460.628613	0.000000	0.561327	0.0106133
pT	462.219287	0.000000	0.565025	0.0106502
pT	463.809961	0.000000	0.568103	0.010681
pT	465.400635	0.000000	0.564682	0.0106468
pT	466.991309	0.000000	0.551674	0.0105167
pT	468.581934	0.000000	0.550071	0.0105007
pT	470.172559	0.000000	0.551735	0.0105173
pT	471.763184	0.000000	0.553482	0.0105348
pT	473.353809	0.000000	0.55319	0.0105319
pT	474.944434	0.000000	0.553773	0.0105377
pT	476.535010	0.000000	0.555258	0.0105526
pT	478.125635	0.000000	0.559326	0.0105933
pT	479.716211	0.000000	0.561661	0.0106166
pT	481.306787	0.000000	0.561978	0.0106198
pT	482.897363	0.000000	0.563492	0.0106349
pT	484.487939	0.000000	0.564312	0.0106431
pT	486.078516	0.000000	0.564313	0.0106431
pT	487.669092	0.000000	0.56625	0.0106625
pT	489.259668	0.000000	0.570071	0.0107007
pT	490.850244	0.000000	0.571472	0.0107147
pT	492.440771	0.000000	0.573258	0.0107326
pT	494.031348	0.000000	0.577605	0.0107761
pT	495.621875	0.000000	0.581163	0.0108116
pT	497.212451	0.000000	0.581808	0.0108181
pT	498.803027	0.000000	0.584718	0.0108472
pT	500.393555	0.000000	0.588926	0.0108893
pT	501.984131	0.000000	0.593066	0.0109307
pT	503.574658	0.000000	0.598813	0.0109881
pT	505.165234	0.000000	0.604676	0.0110468
pT	506.755811	0.000000	0.606027	0.0110603
pT	508.346338	0.000000	0.607973	0.0110797
pT	509.936914	0.000000	0.61536	0.0111536
pT	511.527490	0.000000	0.621227	0.0112123
pT	513.118066	0.000000	0.620604	0.011206
pT	514.708643	0.000000	0.623736	0.0112374
pT	516.299219	0.000000	0.626348	0.0112635
pT	517.889795	0.000000	0.632923	0.0113292
pT	519.480371	0.000000	0.638509	0.0113851
pT	521.070996	0.000000	0.641653	0.0114165
pT	522.661572	0.000000	0.646874	0.0114687
pT	524.252197	0.000000	0.650947	0.0115095
pT	525.842822	0.000000	0.656672	0.0115667
pT	527.433447	0.000000	0.657799	0.011578
pT	529.024072	0.000000	0.663715	0.0116371
pT	530.614697	0.000000	0.669729	0.0116973
pT	532.205322	0.000000	0.671795	0.0117179
pT	533.795996	0.000000	0.67484	0.0117484
pT	535.386670	0.000000	0.680807	0.0118081
pT	536.977344	0.000000	0.686219	0.0118622
pT	538.568018	0.000000	0.693106	0.0119311
pT	540.158691	0.000000	0.696161	0.0119616
pT	541.749414	0.000000	0.696275	0.0119627
pT	543.340137	0.000000	0.699073	0.0119907
pT	544.930859	0.000000	0.706607	0.0120661
pT	546.521582	0.000000	0.714175	0.0121418
pT	548.112305	0.000000	0.717104	0.012171
pT	549.703076	0.000000	0.718933	0.0121893
pT	551.293848	0.000000	0.722206	0.0122221
pT	552.884619	0.000000	0.725993	0.0122599
pT	554.475439	0.000000	0.733064	0.0123306
pT	556.066211	0.000000	0.740518	0.0124052
pT	557.657031	0.000000	0.748141	0.0124814
pT	559.247900	0.000000	0.747484	0.0124748
pT	560.838721	0.000000	0.749116	0.0124912
pT	562.429590	0.000000	0.750774	0.0125077
pT	564.020459	0.000000	0.754159	0.0125416
pT	565.611328	0.000000	0.758158	0.0125816
pT	567.202246	0.000000	0.757855	0.0125785
pT	568.793164	0.000000	0.763446	0.0126345
pT	570.384082	0.000000	0.767241	0.0126724
pT	571.975000	0.000000	0.76747	0.0126747
pT	573.565967	0.000000	0.767836	0.0126784
pT	575.156934	0.000000	0.771902	0.012719
pT	576.747900	0.000000	0.771	0.01271
pT	578.338916	0.000000	0.77559	0.0127559
pT	579.929932	0.000000	0.781566	0.0128157
pT	581.520947	0.000000	0.775983	0.0127598
pT	583.111963	0.000000	0.777778	0.0127778
pT	584.703027	0.000000	0.780331	0.0128033
pT	586.294092	0.000000	0.778155	0.0127815
pT	587.885156	0.000000	0.7794	0.012794
pT	589.476270	0.000000	0.78376	0.0128376
pT	591.067383	0.000000	0.792091	0.0129209
pT	592.658496	0.000000	0.798656	0.0129866
pT	594.249609	0.000000	0.7977	0.012977
pT	595.840771	0.000000	0.793409	0.0129341
pT	597.431885	0.000000	0.802497	0.013025
pT	599.023047	0.000000	0.801156	0.0130116
pT	600.614258	0.000000	0.800545	0.0130054
pT	602.205420	0.000000	0.805839	0.0130584
pT	603.796631	0.000000	0.81226	0.0131226
pT	605.387842	0.000000	0.807109	0.0130711
pT	606.979053	0.000000	0.799903	0.012999
pT	608.570264	0.000000	0.806385	0.0130638
pT	610.161523	0.000000	0.813132	0.0131313
pT	611.752734	0.000000	0.810673	0.0131067
pT	613.343994	0.000000	0.817389	0.0131739
pT	614.935254	0.000000	0.818237	0.0131824
pT	616.526514	0.000000	0.817349	0.0131735
pT	618.117822	0.000000	0.815752	0.0131575
pT	619.709082	0.000000	0.817619	0.0131762
pT	621.300391	0.000000	0.816512	0.0131651
pT	622.891650	0.000000	0.814771	0.0131477
pT	624.482959	0.000000	0.812819	0.0131282
pT	626.074268	0.000000	0.817674	0.0131767
pT	627.665576	0.000000	0.817273	0.0131727
pT	629.256836	0.000000	0.828796	0.013288
pT	630.848145	0.000000	0.834872	0.0133487
pT	632.439453	0.000000	0.835278	0.0133528
pT	634.030762	0.000000	0.831246	0.0133125
pT	635.622070	0.000000	0.83169	0.0133169
pT	637.213379	0.000000	0.829286	0.0132929
pT	638.804639	0.000000	0.827273	0.0132727
pT	640.395947	0.000000	0.824112	0.0132411
pT	641.987207	0.000000	0.828778	0.0132878
pT	643.578516	0.000000	0.831259	0.0133126
pT	645.169775	0.000000	0.826927	0.0132693
pT	646.761035	0.000000	0.825899	0.013259
pT	648.352246	0.000000	0.829563	0.0132956
pT	649.943506	0.000000	0.828508	0.0132851
pT	651.534717	0.000000	0.829471	0.0132947
pT	653.125928	0.000000	0.832271	0.0133227
pT	654.717139	0.000000	0.833405	0.0133341
pT	656.308301	0.000000	0.832762	0.0133276
pT	657.899463	0.000000	0.83333	0.0133333
pT	659.490625	0.000000	0.841757	0.0134176
pT	661.081738	0.000000	0.835941	0.0133594
pT	662.672852	0.000000	0.832572	0.0133257
pT	664.263916	0.000000	0.828384	0.0132838
pT	665.854980	0.000000	0.83792	0.0133792
pT	667.445996	0.000000	0.850536	0.0135054
pT	669.037012	0.000000	0.850128	0.0135013
pT	670.627979	0.000000	0.849387	0.0134939
pT	672.218896	0.000000	0.833495	0.013335
pT	673.809814	0.000000	0.838817	0.0133882
pT	675.400684	0.000000	0.835484	0.0133548
pT	676.991504	0.000000	0.83708	0.0133708
pT	678.582275	0.000000	0.831487	0.0133149
pT	680.173047	0.000000	0.826331	0.0132633
pT	681.763721	0.000000	0.836357	0.0133636
pT	683.354395	0.000000	0.839881	0.0133988
pT	684.945020	0.000000	0.841942	0.0134194
pT	686.535596	0.000000	0.835892	0.0133589
pT	688.126074	0.000000	0.831737	0.0133174
pT	689.716553	0.000000	0.839441	0.0133944
pT	691.306982	0.000000	0.838559	0.0133856
pT	692.897314	0.000000	0.844013	0.0134401
pT	694.487598	0.000000	0.845379	0.0134538
pT	696.077832	0.000000	0.846882	0.0134688
pT	697.668018	0.000000	0.846101	0.013461
pT	699.258105	0.000000	0.852112	0.0135211
pT	700.848145	0.000000	0.855731	0.0135573
pT	702.438086	0.000000	0.848792	0.0134879
pT	704.027979	0.000000	0.852841	0.0135284
pT	705.617773	0.000000	0.847957	0.0134796
pT	707.207471	0.000000	0.847074	0.0134707
pT	708.797119	0.000000	0.844008	0.0134401
pT	710.386670	0.000000	0.842924	0.0134292
pT	711.976172	0.000000	0.850037	0.0135004
pT	713.565527	0.000000	0.845567	0.0134557
pT	715.154834	0.000000	0.842504	0.013425
pT	716.744043	0.000000	0.824198	0.013242
pT	718.333105	0.000000	0.822394	0.0132239
pT	719.922119	0.000000	0.83014	0.0133014
pT	721.510986	0.000000	0.837685	0.0133768
pT	723.099756	0.000000	0.847549	0.0134755
pT	724.688428	0.000000	0.84971	0.0134971
pT	726.277002	0.000000	0.848122	0.0134812
pT	727.865430	0.000000	0.850782	0.0135078
pT	729.453711	0.000000	0.853746	0.0135375
pT	731.041895	0.000000	0.846156	0.0134616
pT	732.629980	0.000000	0.852595	0.013526
pT	734.217871	0.000000	0.845212	0.0134521
pT	735.805664	0.000000	0.846968	0.0134697
pT	737.393359	0.000000	0.855322	0.0135532
pT	738.980859	0.000000	0.851898	0.013519
pT	740.568213	0.000000	0.852332	0.0135233
pT	742.155420	0.000000	0.848565	0.0134856
pT	743.742480	0.000000	0.847608	0.0134761
pT	745.329395	0.000000	0.848244	0.0134824
pT	746.916162	0.000000	0.85148	0.0135148
pT	748.502734	0.000000	0.854806	0.0135481
pT	750.089111	0.000000	0.860128	0.0136013
pT	751.675342	0.000000	0.854684	0.0135468
pT	753.261426	0.000000	0.847623	0.0134762
pT	754.847314	0.000000	0.842168	0.0134217
pT	756.433008	0.000000	0.827894	0.0132789
pT	758.018506	0.000000	0.84283	0.0134283
pT	759.603809	0.000000	0.840368	0.0134037
pT	761.188916	0.000000	0.835187	0.0133519
pT	762.773828	0.000000	0.861609	0.0136161
pT	764.358496	0.000000	0.863305	0.0136331
pT	765.943018	0.000000	0.852611	0.0135261
pT	767.527246	0.000000	0.849246	0.0134925
pT	769.111328	0.000000	0.863892	0.0136389
pT	770.695117	0.000000	0.851362	0.0135136
pT	772.278711	0.000000	0.85292	0.0135292
pT	773.862061	0.000000	0.852296	0.013523
pT	775.445215	0.000000	0.850304	0.013503
pT	777.028076	0.000000	0.845895	0.0134589
pT	778.610693	0.000000	0.837657	0.0133766
pT	780.193018	0.000000	0.834454	0.0133445
pT	781.775146	0.000000	0.834518	0.0133452
pT	783.356982	0.000000	0.836044	0.0133604
pT	784.938525	0.000000	0.837813	0.0133781
pT	786.519824	0.000000	0.833408	0.0133341
pT	788.100830	0.000000	0.828733	0.0132873
pT	789.681543	0.000000	0.836557	0.0133656
pT	791.261963	0.000000	0.834761	0.0133476
pT	792.842090	0.000000	0.845501	0.013455
pT	794.421875	0.000000	0.839967	0.0133997
pT	796.001416	0.000000	0.846075	0.0134607
pT	797.580566	0.000000	0.842585	0.0134259
pT	799.159473	0.000000	0.838178	0.0133818
pT	800.737988	0.000000	0.854218	0.0135422
pT	802.316211	0.000000	0.865747	0.0136575
pT	803.894043	0.000000	0.850869	0.0135087
pT	805.471582	0.000000	0.837886	0.0133789
pT	807.048730	0.000000	0.859268	0.0135927
pT	808.625537	0.000000	0.853445	0.0135344
pT	810.202002	0.000000	0.815303	0.013153
pT	811.778076	0.000000	0.830503	0.013305
pT	813.353760	0.000000	0.844886	0.0134489
pT	814.929053	0.000000	0.860948	0.0136095
pT	816.504004	0.000000	0.859769	0.0135977
pT	818.078516	0.000000	0.852411	0.0135241
pT	819.652637	0.000000	0.858701	0.013587
pT	821.226270	0.000000	0.831777	0.0133178
pT	822.799609	0.000000	0.823574	0.0132357
pT	824.372461	0.000000	0.816885	0.0131689
pT	825.944922	0.000000	0.794808	0.0129481
pT	827.516895	0.000000	0.811847	0.0131185
pT	829.088379	0.000000	0.840479	0.0134048
pT	830.659473	0.000000	0.859264	0.0135926
pT	832.230078	0.000000	0.873336	0.0137334
pT	833.800293	0.000000	0.87274	0.0137274
pT	835.369922	0.000000	0.862312	0.0136231
pT	836.939160	0.000000	0.870977	0.0137098
pT	838.507812	0.000000	0.865224	0.0136522
pT	840.076074	0.000000	0.85459	0.0135459
pT	841.643750	0.000000	0.85217	0.0135217
pT	843.210937	0.000000	0.854961	0.0135496
pT	844.777637	0.000000	0.847098	0.013471
pT	846.343750	0.000000	0.839982	0.0133998
pT	847.909277	0.000000	0.830816	0.0133082
pT	849.474316	0.000000	0.826101	0.013261
pT	851.038867	0.000000	0.835673	0.0133567
pT	852.602734	0.000000	0.842938	0.0134294
pT	854.166113	0.000000	0.837352	0.0133735
pT	855.728906	0.000000	0.834162	0.0133416
pT	857.291113	0.000000	0.837196	0.013372
pT	858.852637	0.000000	0.841432	0.0134143
pT	860.413672	0.000000	0.84571	0.0134571
pT	861.974023	0.000000	0.847	0.01347
pT	863.533789	0.000000	0.829856	0.0132986
pT	865.092871	0.000000	0.842619	0.0134262
pT	866.651367	0.000000	0.845619	0.0134562
pT	868.209180	0.000000	0.838747	0.0133875
pT	869.766309	0.000000	0.842136	0.0134214
pT	871.322852	0.000000	0.845876	0.0134588
pT	872.878613	0.000000	0.846972	0.0134697
pT	874.433789	0.000000	0.844402	0.013444
pT	875.988184	0.000000	0.848414	0.0134841
pT	877.541895	0.000000	0.846386	0.0134639
pT	879.094922	0.000000	0.851827	0.0135183
pT	880.647168	0.000000	0.854427	0.0135443
pT	882.198730	0.000000	0.849706	0.0134971
pT	883.749512	0.000000	0.850129	0.0135013
pT	885.299609	0.000000	0.839757	0.0133976
pT	886.848828	0.000000	0.849495	0.013495
pT	888.397363	0.000000	0.836233	0.0133623
pT	889.945020	0.000000	0.852251	0.0135225
pT	891.491992	0.000000	0.831909	0.0133191
pT	893.038086	0.000000	0.824531	0.0132453
pT	894.583398	0.000000	0.83354	0.0133354
pT	896.127832	0.000000	0.840378	0.0134038
pT	897.671484	0.000000	0.831861	0.0133186
pT	899.214258	0.000000	0.842851	0.0134285
pT	900.756152	0.000000	0.873137	0.0137314
pT	902.297168	0.000000	0.857023	0.0135702
pT	903.837402	0.000000	0.838165	0.0133817
pT	905.376660	0.000000	0.833493	0.0133349
pT	906.915039	0.000000	0.84212	0.0134212
pT	908.452441	0.000000	0.840825	0.0134083
pT	909.988965	0.000000	0.830988	0.0133099
pT	911.524512	0.000000	0.843807	0.0134381
pT	913.059180	0.000000	0.838477	0.0133848
pT	914.592871	0.000000	0.827553	0.0132755
pT	916.125586	0.000000	0.828927	0.0132893
pT	917.657227	0.000000	0.836333	0.0133633
pT	919.187988	0.000000	0.84768	0.0134768
pT	920.717676	0.000000	0.852954	0.0135295
pT	922.246387	0.000000	0.840359	0.0134036
pT	923.774023	0.000000	0.833547	0.0133355
pT	925.300586	0.000000	0.831184	0.0133118
pT	926.826172	0.000000	0.827906	0.0132791
pT	928.350684	0.000000	0.837483	0.0133748
pT	929.874023	0.000000	0.811517	0.0131152
pT	931.396387	0.000000	0.84001	0.0134001
pT	932.917578	0.000000	0.825744	0.0132574
pT	934.437598	0.000000	0.828248	0.0132825
pT	935.956543	0.000000	0.850178	0.0135018
pT	937.474316	0.000000	0.847083	0.0134708
pT	938.990918	0.000000	0.844848	0.0134485
pT	940.506445	0.000000	0.820116	0.0132012
pT	942.020703	0.000000	0.84216	0.0134216
pT	943.533691	0.000000	0.845364	0.0134536
pT	945.045605	0.000000	0.834516	0.0133452
pT	946.556250	0.000000	0.852312	0.0135231
pT	948.065625	0.000000	0.842863	0.0134286
pT	949.573730	0.000000	0.844364	0.0134436
pT	951.080566	0.000000	0.820806	0.0132081
pT	952.586133	0.000000	0.82203	0.0132203
pT	954.090430	0.000000	0.843812	0.0134381
pT	955.593359	0.000000	0.826546	0.0132655
pT	957.095020	0.000000	0.822071	0.0132207
pT	958.595313	0.000000	0.82135	0.0132135
pT	960.094336	0.000000	0.839034	0.0133903
pT	961.591895	0.000000	0.834052	0.0133405
pT	963.088086	0.000000	0.827073	0.0132707
pT	964.582910	0.000000	0.85132	0.0135132
pT	966.076270	0.000000	0.839969	0.0133997
pT	967.568262	0.000000	0.837436	0.0133744
pT	969.058789	0.000000	0.827482	0.0132748
pT	970.547852	0.000000	0.838891	0.0133889
pT	972.035449	0.000000	0.862835	0.0136284
pT	973.521484	0.000000	0.843809	0.0134381
pT	975.006055	0.000000	0.861712	0.0136171
pT	976.489160	0.000000	0.823711	0.0132371
pT	977.970703	0.000000	0.822255	0.0132226
pT	979.450684	0.000000	0.836676	0.0133668
pT	980.929102	0.000000	0.839952	0.0133995
pT	982.405957	0.000000	0.828628	0.0132863
pT	983.881152	0.000000	0.85481	0.0135481
pT	985.354785	0.000000	0.887368	0.0138737
pT	986.826758	0.000000	0.872139	0.0137214
pT	988.297168	0.000000	0.836826	0.0133683
pT	989.765820	0.000000	0.846016	0.0134602
pT	991.232813	0.000000	0.854572	0.0135457
pT	992.698145	0.000000	0.822698	0.013227
pT	994.161719	0.000000	0.820145	0.0132015
pT	995.623535	0.000000	0.819737	0.0131974
pT	997.083691	0.000000	0.823581	0.0132358
pT	998.541992	0.000000	0.845773	0.0134577
pT	999.998535	0.000000	0.831649	0.0133165