300 0.921711 1.0006 0 1.0003 0
300.7 0.921711 1.0006 0 1.0003 0
301.4 0.921711 1.0006 0 1.0003 0
302.1 0.921711 1.0006 8.9308e-17 1.0003 4.46406e-17
302.8 0.921711 1.0006 0 1.0003 0
303.5 0.921711 1.0006 0 1.0003 0
304.2 0.921711 1.0006 0 1.0003 0
304.9 0.921711 1.0006 0 1.0003 0
305.6 0.921711 1.0006 1.02825e-16 1.0003 5.13973e-17
306.3 0.921711 1.0006 0 1.0003 0
307 0.921711 1.0006 5.43818e-17 1.0003 2.71827e-17
307.7 0.921711 1.0006 0 1.0003 0
308.4 0.921711 1.0006 0 1.0003 0
309.1 0.921711 1.0006 5.88731e-17 1.0003 2.94277e-17
309.8 0.921711 1.0006 -6.03378e-17 1.0003 -3.01599e-17
310.5 0.921711 1.0006 -6.17693e-17 1.0003 -3.08754e-17
311.2 0.921711 1.0006 0 1.0003 0
311.9 0.921711 1.0006 6.45094e-17 1.0003 3.2245e-17
312.6 0.921711 1.0006 0 1.0003 0
313.3 0.921711 1.0006 0 1.0003 0
314 0.921711 1.0006 0 1.0003 0
314.7 0.921711 1.0006 0 1.0003 0
315.4 0.921711 1.0006 0 1.0003 0
316.1 0.921711 1.0006 -3.62409e-17 1.0003 -1.8115e-17
316.8 0.921711 1.0006 0 1.0003 0
317.5 0.921711 1.0006 -3.77422e-17 1.0003 -1.88655e-17
318.2 0.921711 1.0006 0 1.0003 0
318.9 0.921711 1.0006 3.94714e-17 1.0003 1.97298e-17
319.6 0.921711 1.0006 4.04565e-17 1.0003 2.02222e-17
320.3 0.921711 1.0006 0 1.0003 0
321 0.921711 1.0006 4.27547e-17 1.0003 2.13709e-17
321.7 0.921711 1.0006 0 1.0003 0
322.4 0.921711 1.0006 0 1.0003 0
323.1 0.921711 1.0006 0 1.0003 0
323.8 0.921711 1.0006 2.44895e-17 1.0003 1.22411e-17
324.5 0.921711 1.0006 0 1.0003 0
325.2 0.921711 1.0006 -2.65101e-17 1.0003 -1.32511e-17
325.9 0.921711 1.0006 0 1.0003 0
326.6 0.921711 1.0006 0 1.0003 0
327.3 0.921711 1.0006 0 1.0003 0
328 0.921711 1.0006 0 1.0003 0
328.7 0.921711 1.0006 0 1.0003 0
329.4 0.921711 1.0006 0 1.0003 0
330.1 0.921711 1.0006 0 1.0003 0
330.8 0.921711 1.0006 0 1.0003 0
331.5 0.921711 1.0006 0 1.0003 0
332.2 0.921711 1.0006 0 1.0003 0
332.9 0.921711 1.0006 4.28767e-17 1.0003 2.14319e-17
333.6 0.921711 1.0006 0 1.0003 0
334.3 0.921711 1.0006 4.60659e-17 1.0003 2.3026e-17
335 0.921711 1.0006 0 1.0003 0
335.7 0.921711 1.0006 0 1.0003 0
336.4 0.921711 1.0006 -5.06099e-17 1.0003 -2.52974e-17
337.1 0.921711 1.0006 -5.20759e-17 1.0003 -2.60301e-17
337.8 0.921711 1.0006 -5.35329e-17 1.0003 -2.67584e-17
338.5 0.921711 1.0006 0 1.0003 0
339.2 0.921711 1.0006 0 1.0003 0
339.9 0.921711 1.0006 0 1.0003 0
340.6 0.921711 1.0006 0 1.0003 0
341.3 0.921711 1.0006 0 1.0003 0
342 0.921711 1.0006 0 1.0003 0
342.7 0.921711 1.0006 0 1.0003 0
343.4 0.921711 1.0006 6.74557e-17 1.0003 3.37177e-17
344.1 0.921711 1.0006 -6.99212e-17 1.0003 -3.49501e-17
344.8 0.921711 1.0006 0 1.0003 0
345.5 0.921711 1.0006 0 1.0003 0
346.2 0.921711 1.0006 0 1.0003 0
346.9 0.921711 1.0006 0 1.0003 0
347.6 0.921711 1.0006 0 1.0003 0
348.3 0.921711 1.0006 0 1.0003 0
349 0.921711 1.0006 -8.9187e-17 1.0003 -4.45801e-17
349.7 0.921711 1.0006 -9.81589e-17 1.0003 -4.90648e-17
350.4 0.921711 1.0006 -5.67977e-17 1.0003 -2.83903e-17
351.1 0.921711 1.0006 0 1.0003 0
351.8 0.921711 1.0006 0 1.0003 0
352.5 0.921711 1.0006 4.20683e-17 1.0003 2.10278e-17
353.2 0.921711 1.0006 2.29833e-17 1.0003 1.14882e-17
353.9 0.921711 1.0006 1.21033e-17 1.0003 6.04982e-18
354.6 0.921711 1.0006 -1.22141e-17 1.0003 -6.10521e-18
355.3 0.921711 1.0006 4.72226e-17 1.0003 2.36042e-17
356 0.921711 1.0006 0 1.0003 0
356.7 0.921711 1.0006 0 1.0003 0
357.4 0.921711 1.0006 -7.01775e-17 1.0003 -3.50782e-17
358.1 0.921711 1.0006 0 1.0003 0
358.8 0.921711 1.0006 1.06386e-16 1.0003 5.31768e-17
359.5 0.921711 1.0006 -1.05109e-16 1.0003 -5.25386e-17
360.2 0.921711 1.0006 -0 1.0003 -0
360.9 0.921711 1.0006 -0 1.0003 -0
361.6 0.921711 1.0006 -0 1.0003 -0
362.3 0.921711 1.0006 -0 1.0003 -0
363 0.921711 1.0006 -0 1.0003 -0
363.7 0.921711 1.0006 -4.35702e-17 1.0003 -2.17786e-17
364.4 0.921711 1.0006 -4.1826e-17 1.0003 -2.09068e-17
365.1 0.921711 1.0006 -0 1.0003 -0
365.8 0.921711 1.0006 -0 1.0003 -0
366.5 0.921711 1.0006 -0 1.0003 -0
367.2 0.921711 1.0006 -0 1.0003 -0
367.9 0.921711 1.0006 -0 1.0003 -0
368.6 0.921711 1.0006 -0 1.0003 -0
369.3 0.921711 1.0006 -0 1.0003 -0
370 0.921711 1.0006 -0 1.0003 -0
370.7 0.921711 1.0006 -0 1.0003 -0
371.4 0.921711 1.0006 -0 1.0003 -0
372.1 0.921711 1.0006 -0 1.0003 -0
372.8 0.921711 1.0006 -2.64667e-17 1.0003 -1.32294e-17
373.5 0.921711 1.0006 -0 1.0003 -0
374.2 0.921711 1.0006 -0 1.0003 -0
374.9 0.921711 1.0006 2.40182e-17 1.0003 1.20055e-17
375.6 0.921711 1.0006 -0 1.0003 -0
376.3 0.921711 1.0006 -0 1.0003 -0
377 0.921711 1.0006 2.19619e-17 1.0003 1.09777e-17
377.7 0.921711 1.0006 -2.13511e-17 1.0003 -1.06724e-17
378.4 0.921711 1.0006 2.07737e-17 1.0003 1.03837e-17
379.1 0.921711 1.0006 -0 1.0003 -0
379.8 0.921711 1.0006 -0 1.0003 -0
380.5 0.921711 1.0006 -0 1.0003 -0
381.2 0.921711 1.0006 -0 1.0003 -0
381.9 0.921711 1.0006 1.83178e-17 1.0003 9.15616e-18
382.6 0.921711 1.0006 1.79005e-17 1.0003 8.94755e-18
383.3 0.921711 1.0006 -0 1.0003 -0
384 0.921711 1.0006 -1.71252e-17 1.0003 -8.56001e-18
384.7 0.921711 1.0006 -0 1.0003 -0
385.4 0.921711 1.0006 -0 1.0003 -0
386.1 0.921711 1.0006 -0 1.0003 -0
386.8 0.921711 1.0006 -0 1.0003 -0
387.5 0.921711 1.0006 1.54645e-17 1.0003 7.72991e-18
388.2 0.921711 1.0006 -0 1.0003 -0
388.9 0.921711 1.0006 -0 1.0003 -0
389.6 0.921711 1.0006 -0 1.0003 -0
390.3 0.921711 1.0006 -0 1.0003 -0
391 0.921711 1.0006 -0 1.0003 -0
391.7 0.921711 1.0006 -0 1.0003 -0
392.4 0.921711 1.0006 -0 1.0003 -0
393.1 0.921711 1.0006 -1.33706e-17 1.0003 -6.68332e-18
393.8 0.921711 1.0006 -0 1.0003 -0
394.5 0.921711 1.0006 -1.29222e-17 1.0003 -6.45917e-18
395.2 0.921711 1.0006 -0 1.0003 -0
395.9 0.921711 1.0006 1.24967e-17 1.0003 6.2465e-18
396.6 0.921711 1.0006 1.22918e-17 1.0003 6.14406e-18
397.3 0.921711 1.0006 -1.20917e-17 1.0003 -6.04404e-18
398 0.921711 1.0006 1.18962e-17 1.0003 5.94631e-18
398.7 0.921711 1.0006 -0 1.0003 -0
399.4 0.921711 1.0006 1.15189e-17 1.0003 5.75773e-18
400.1 0.921711 1.0006 -0 1.0003 -0
400.8 0.921711 1.0006 -0 1.0003 -0
401.5 0.921711 1.0006 -0 1.0003 -0
402.2 0.921711 1.0006 -1.08193e-17 1.0003 -5.40802e-18
402.9 0.921711 1.0006 -0 1.0003 -0
403.6 0.921711 1.0006 -1.04965e-17 1.0003 -5.24666e-18
404.3 0.921711 1.0006 -0 1.0003 -0
405 0.921711 1.0006 -1.0191e-17 1.0003 -5.09398e-18
405.7 0.921711 1.0006 -0 1.0003 -0
406.4 0.921711 1.0006 -0 1.0003 -0
407.1 0.921711 1.0006 -0 1.0003 -0
407.8 0.921711 1.0006 -0 1.0003 -0
408.5 0.921711 1.0006 -9.49949e-18 1.0003 -4.74832e-18
409.2 0.921711 1.0006 -0 1.0003 -0
409.9 0.921711 1.0006 9.24996e-18 1.0003 4.6236e-18
410.6 0.921711 1.0006 -0 1.0003 -0
411.3 0.921711 1.0006 -0 1.0003 -0
412 0.921711 1.0006 -0 1.0003 -0
412.7 0.921711 1.0006 8.79351e-18 1.0003 4.39544e-18
413.4 0.921711 1.0006 -0 1.0003 -0
414.1 0.921711 1.0006 -0 1.0003 -0
414.8 0.921711 1.0006 -8.48562e-18 1.0003 -4.24154e-18
415.5 0.921711 1.0006 -8.38894e-18 1.0003 -4.19321e-18
416.2 0.921711 1.0006 -0 1.0003 -0
416.9 0.921711 1.0006 -0 1.0003 -0
417.6 0.921711 1.0006 -8.11489e-18 1.0003 -4.05623e-18
418.3 0.921711 1.0006 -8.02849e-18 1.0003 -4.01304e-18
419 0.921711 1.0006 -0 1.0003 -0
419.7 0.921711 1.0006 -0 1.0003 -0
420.4 0.921711 1.0006 -7.78271e-18 1.0003 -3.89019e-18
421.1 0.921711 1.0006 -0 1.0003 -0
421.8 0.921711 1.0006 7.62915e-18 1.0003 3.81343e-18
422.5 0.921711 1.0006 7.5552e-18 1.0003 3.77647e-18
423.2 0.921711 1.0006 -0 1.0003 -0
423.9 0.921711 1.0006 -0 1.0003 -0
424.6 0.921711 1.0006 -0 1.0003 -0
425.3 0.921711 1.0006 -7.27672e-18 1.0003 -3.63727e-18
426 0.921711 1.0006 7.21111e-18 1.0003 3.60447e-18
426.7 0.921711 1.0006 -0 1.0003 -0
427.4 0.921711 1.0006 -0 1.0003 -0
428.1 0.921711 1.0006 7.02297e-18 1.0003 3.51043e-18
428.8 0.921711 1.0006 -6.96299e-18 1.0003 -3.48045e-18
429.5 0.921711 1.0006 -6.9043e-18 1.0003 -3.45111e-18
430.2 0.921711 1.0006 -0 1.0003 -0
430.9 0.921711 1.0006 6.79061e-18 1.0003 3.39429e-18
431.6 0.921711 1.0006 -6.73551e-18 1.0003 -3.36674e-18
432.3 0.921711 1.0006 -0 1.0003 -0
433 0.921711 1.0006 -0 1.0003 -0
433.7 0.921711 1.0006 6.57638e-18 1.0003 3.2872e-18
434.4 0.921711 1.0006 -0 1.0003 -0
435.1 0.921711 1.0006 -6.47483e-18 1.0003 -3.23644e-18
435.8 0.921711 1.0006 -0 1.0003 -0
436.5 0.921711 1.0006 -0 1.0003 -0
437.2 0.921711 1.0006 6.32824e-18 1.0003 3.16317e-18
437.9 0.921711 1.0006 -0 1.0003 -0
438.6 0.921711 1.0006 -0 1.0003 -0
439.3 0.921711 1.0006 -0 1.0003 -0
440 0.921711 1.0006 -6.14161e-18 1.0003 -3.06988e-18
440.7 0.921711 1.0006 -6.09628e-18 1.0003 -3.04722e-18
441.4 0.921711 1.0006 -0 1.0003 -0
442.1 0.921711 1.0006 6.00698e-18 1.0003 3.00259e-18
442.8 0.921711 1.0006 -5.96296e-18 1.0003 -2.98058e-18
443.5 0.921711 1.0006 5.91932e-18 1.0003 2.95877e-18
444.2 0.921711 1.0006 -0 1.0003 -0
444.9 0.921711 1.0006 5.83309e-18 1.0003 2.91567e-18
445.6 0.921711 1.0006 5.79046e-18 1.0003 2.89436e-18
446.3 0.921711 1.0006 5.74813e-18 1.0003 2.8732e-18
447 0.921711 1.0006 -0 1.0003 -0
447.7 0.921711 1.0006 -0 1.0003 -0
448.4 0.921711 1.0006 -0 1.0003 -0
449.1 0.921711 1.0006 -0 1.0003 -0
449.8 0.921711 1.0006 -0 1.0003 -0
450.5 0.921711 1.0006 -0 1.0003 -0
451.2 0.921711 1.0006 -0 1.0003 -0
451.9 0.921711 1.0006 -0 1.0003 -0
452.6 0.921711 1.0006 -0 1.0003 -0
453.3 0.921711 1.0006 5.33811e-18 1.0003 2.66826e-18
454 0.921711 1.0006 5.29844e-18 1.0003 2.64842e-18
454.7 0.921711 1.0006 -0 1.0003 -0
455.4 0.921711 1.0006 -0 1.0003 -0
456.1 0.921711 1.0006 -0 1.0003 -0
456.8 0.921711 1.0006 5.1431e-18 1.0003 2.57078e-18
457.5 0.921711 1.0006 -0 1.0003 -0
458.2 0.921711 1.0006 -0 1.0003 -0
458.9 0.921711 1.0006 -5.03064e-18 1.0003 -2.51457e-18
459.6 0.921711 1.0006 -0 1.0003 -0
460.3 0.921711 1.0006 4.95781e-18 1.0003 2.47816e-18
461 0.921711 1.0006 9.84415e-18 1.0003 4.9206e-18
461.7 0.921711 1.0006 -0 1.0003 -0
462.4 0.921711 1.0006 9.704e-18 1.0003 4.85055e-18
463.1 0.921711 1.0006 9.63536e-18 1.0003 4.81623e-18
463.8 0.921711 1.0006 -0 1.0003 -0
464.5 0.921711 1.0006 -0 1.0003 -0
465.2 0.921711 1.0006 9.43525e-18 1.0003 4.71621e-18
465.9 0.921711 1.0006 -0 1.0003 -0
466.6 0.921711 1.0006 9.3068e-18 1.0003 4.652e-18
467.3 0.921711 1.0006 -0 1.0003 -0
468 0.921711 1.0006 -0 1.0003 -0
468.7 0.921711 1.0006 -0 1.0003 -0
469.4 0.921711 1.0006 -0 1.0003 -0
470.1 0.921711 1.0006 -0 1.0003 -0
470.8 0.921711 1.0006 -0 1.0003 -0
471.5 0.921711 1.0006 -0 1.0003 -0
472.2 0.921711 1.0006 -0 1.0003 -0
472.9 0.921711 1.0006 -0 1.0003 -0
473.6 0.921711 1.0006 -0 1.0003 -0
474.3 0.921711 1.0006 -0 1.0003 -0
475 0.921711 1.0006 -0 1.0003 -0
475.7 0.921711 1.0006 -8.56818e-18 1.0003 -4.2828e-18
476.4 0.921711 1.0006 -0 1.0003 -0
477.1 0.921711 1.0006 -0 1.0003 -0
477.8 0.921711 1.0006 8.41884e-18 1.0003 4.20816e-18
478.5 0.921711 1.0006 -0 1.0003 -0
479.2 0.921711 1.0006 -0 1.0003 -0
479.9 0.921711 1.0006 -0 1.0003 -0
480.6 0.921711 1.0006 8.22928e-18 1.0003 4.1134e-18
481.3 0.921711 1.0006 -8.18342e-18 1.0003 -4.09048e-18
482 0.921711 1.0006 -8.13813e-18 1.0003 -4.06785e-18
482.7 0.921711 1.0006 -0 1.0003 -0
483.4 0.921711 1.0006 -0 1.0003 -0
484.1 0.921711 1.0006 -0 1.0003 -0
484.8 0.921711 1.0006 7.96224e-18 1.0003 3.97993e-18
485.5 0.921711 1.0006 -0 1.0003 -0
486.2 0.921711 1.0006 -0 1.0003 -0
486.9 0.921711 1.0006 -0 1.0003 -0
487.6 0.921711 1.0006 -0 1.0003 -0
488.3 0.921711 1.0006 -0 1.0003 -0
489 0.921711 1.0006 -0 1.0003 -0
489.7 0.921711 1.0006 7.67188e-18 1.0003 3.83479e-18
490.4 0.921711 1.0006 -0 1.0003 -0
491.1 0.921711 1.0006 -0 1.0003 -0
491.8 0.921711 1.0006 -0 1.0003 -0
492.5 0.921711 1.0006 -0 1.0003 -0
493.2 0.921711 1.0006 7.47566e-18 1.0003 3.73671e-18
493.9 0.921711 1.0006 -0 1.0003 -0
494.6 0.921711 1.0006 -7.39938e-18 1.0003 -3.69858e-18
495.3 0.921711 1.0006 7.36167e-18 1.0003 3.67973e-18
496 0.921711 1.0006 -0 1.0003 -0
496.7 0.921711 1.0006 -0 1.0003 -0
497.4 0.921711 1.0006 -7.25016e-18 1.0003 -3.62399e-18
498.1 0.921711 1.0006 -0 1.0003 -0
498.8 0.921711 1.0006 -0 1.0003 -0
499.5 0.921711 1.0006 -7.14093e-18 1.0003 -3.5694e-18
500.2 0.921711 1.0006 -0 1.0003 -0
500.9 0.921711 1.0006 -0 1.0003 -0
501.6 0.921711 1.0006 -0 1.0003 -0
502.3 0.921711 1.0006 -0 1.0003 -0
503 0.921711 1.0006 -0 1.0003 -0
503.7 0.921711 1.0006 -0 1.0003 -0
504.4 0.921711 1.0006 -0 1.0003 -0
505.1 0.921711 1.0006 -0 1.0003 -0
505.8 0.921711 1.0006 -0 1.0003 -0
506.5 0.921711 1.0006 -0 1.0003 -0
507.2 0.921711 1.0006 6.75765e-18 1.0003 3.37781e-18
507.9 0.921711 1.0006 -0 1.0003 -0
508.6 0.921711 1.0006 -0 1.0003 -0
509.3 0.921711 1.0006 -0 1.0003 -0
510 0.921711 1.0006 6.62422e-18 1.0003 3.31112e-18
510.7 0.921711 1.0006 -0 1.0003 -0
511.4 0.921711 1.0006 -0 1.0003 -0
512.1 0.921711 1.0006 -0 1.0003 -0
512.8 0.921711 1.0006 -0 1.0003 -0
513.5 0.921711 1.0006 -6.46142e-18 1.0003 -3.22974e-18
514.2 0.921711 1.0006 -0 1.0003 -0
514.9 0.921711 1.0006 -0 1.0003 -0
515.6 0.921711 1.0006 -0 1.0003 -0
516.3 0.921711 1.0006 -0 1.0003 -0
517 0.921711 1.0006 6.30276e-18 1.0003 3.15043e-18
517.7 0.921711 1.0006 -6.2715e-18 1.0003 -3.13481e-18
518.4 0.921711 1.0006 -0 1.0003 -0
519.1 0.921711 1.0006 -0 1.0003 -0
519.8 0.921711 1.0006 6.17865e-18 1.0003 3.0884e-18
520.5 0.921711 1.0006 6.148e-18 1.0003 3.07308e-18
521.2 0.921711 1.0006 -6.1175e-18 1.0003 -3.05783e-18
521.9 0.921711 1.0006 -0 1.0003 -0
522.6 0.921711 1.0006 -0 1.0003 -0
523.3 0.921711 1.0006 -0 1.0003 -0
524 0.921711 1.0006 -0 1.0003 -0
524.7 0.921711 1.0006 -0 1.0003 -0
525.4 0.921711 1.0006 -0 1.0003 -0
526.1 0.921711 1.0006 -0 1.0003 -0
526.8 0.921711 1.0006 -0 1.0003 -0
527.5 0.921711 1.0006 -5.85096e-18 1.0003 -2.9246e-18
528.2 0.921711 1.0006 -0 1.0003 -0
528.9 0.921711 1.0006 5.79404e-18 1.0003 2.89615e-18
529.6 0.921711 1.0006 -0 1.0003 -0
530.3 0.921711 1.0006 -5.73808e-18 1.0003 -2.86818e-18
531 0.921711 1.0006 5.71047e-18 1.0003 2.85438e-18
531.7 0.921711 1.0006 5.68311e-18 1.0003 2.8407e-18
532.4 0.921711 1.0006 -0 1.0003 -0
533.1 0.921711 1.0006 -0 1.0003 -0
533.8 0.921711 1.0006 -5.6026e-18 1.0003 -2.80046e-18
534.5 0.921711 1.0006 5.57629e-18 1.0003 2.78731e-18
535.2 0.921711 1.0006 -0 1.0003 -0
535.9 0.921711 1.0006 -0 1.0003 -0
536.6 0.921711 1.0006 5.499e-18 1.0003 2.74868e-18
537.3 0.921711 1.0006 -5.47379e-18 1.0003 -2.73608e-18
538 0.921711 1.0006 -0 1.0003 -0
538.7 0.921711 1.0006 -0 1.0003 -0
539.4 0.921711 1.0006 5.39985e-18 1.0003 2.69911e-18
540.1 0.921711 1.0006 -0 1.0003 -0
540.8 0.921711 1.0006 -0 1.0003 -0
541.5 0.921711 1.0006 -0 1.0003 -0
542.2 0.921711 1.0006 -0 1.0003 -0
542.9 0.921711 1.0006 5.28227e-18 1.0003 2.64035e-18
543.6 0.921711 1.0006 -0 1.0003 -0
544.3 0.921711 1.0006 -0 1.0003 -0
545 0.921711 1.0006 -0 1.0003 -0
545.7 0.921711 1.0006 -0 1.0003 -0
546.4 0.921711 1.0006 -0 1.0003 -0
547.1 0.921711 1.0006 1.03013e-17 1.0003 5.14909e-18
547.8 0.921711 1.0006 -5.12969e-18 1.0003 -2.56408e-18
548.5 0.921711 1.0006 5.10903e-18 1.0003 2.55375e-18
549.2 0.921711 1.0006 -0 1.0003 -0
549.9 0.921711 1.0006 -0 1.0003 -0
550.6 0.921711 1.0006 -0 1.0003 -0
551.3 0.921711 1.0006 -0 1.0003 -0
552 0.921711 1.0006 5.0098e-18 1.0003 2.50415e-18
552.7 0.921711 1.0006 -0 1.0003 -0
553.4 0.921711 1.0006 -4.9718e-18 1.0003 -2.48515e-18
554.1 0.921711 1.0006 -0 1.0003 -0
554.8 0.921711 1.0006 -0 1.0003 -0
555.5 0.921711 1.0006 4.91637e-18 1.0003 2.45745e-18
556.2 0.921711 1.0006 4.89827e-18 1.0003 2.4484e-18
556.9 0.921711 1.0006 4.88036e-18 1.0003 2.43945e-18
557.6 0.921711 1.0006 -0 1.0003 -0
558.3 0.921711 1.0006 -0 1.0003 -0
559 0.921711 1.0006 -0 1.0003 -0
559.7 0.921711 1.0006 4.81033e-18 1.0003 2.40444e-18
560.4 0.921711 1.0006 -4.79319e-18 1.0003 -2.39588e-18
561.1 0.921711 1.0006 -0 1.0003 -0
561.8 0.921711 1.0006 4.75932e-18 1.0003 2.37895e-18
562.5 0.921711 1.0006 -0 1.0003 -0
563.2 0.921711 1.0006 4.72595e-18 1.0003 2.36227e-18
563.9 0.921711 1.0006 -4.70943e-18 1.0003 -2.35401e-18
564.6 0.921711 1.0006 4.69303e-18 1.0003 2.34581e-18
565.3 0.921711 1.0006 -0 1.0003 -0
566 0.921711 1.0006 -0 1.0003 -0
566.7 0.921711 1.0006 -0 1.0003 -0
567.4 0.921711 1.0006 4.62836e-18 1.0003 2.31349e-18
568.1 0.921711 1.0006 -0 1.0003 -0
568.8 0.921711 1.0006 -0 1.0003 -0
569.5 0.921711 1.0006 -0 1.0003 -0
570.2 0.921711 1.0006 4.56503e-18 1.0003 2.28183e-18
570.9 0.921711 1.0006 -0 1.0003 -0
571.6 0.921711 1.0006 -0 1.0003 -0
572.3 0.921711 1.0006 -4.51825e-18 1.0003 -2.25845e-18
573 0.921711 1.0006 4.50278e-18 1.0003 2.25071e-18
573.7 0.921711 1.0006 -0 1.0003 -0
574.4 0.921711 1.0006 -0 1.0003 -0
575.1 0.921711 1.0006 -0 1.0003 -0
575.8 0.921711 1.0006 -0 1.0003 -0
576.5 0.921711 1.0006 -0 1.0003 -0
577.2 0.921711 1.0006 -0 1.0003 -0
577.9 0.921711 1.0006 -4.3958e-18 1.0003 -2.19724e-18
578.6 0.921711 1.0006 -4.38068e-18 1.0003 -2.18968e-18
579.3 0.921711 1.0006 -0 1.0003 -0
580 0.921711 1.0006 -0 1.0003 -0
580.7 0.921711 1.0006 -0 1.0003 -0
581.4 0.921711 1.0006 -0 1.0003 -0
582.1 0.921711 1.0006 -0 1.0003 -0
582.8 0.921711 1.0006 -0 1.0003 -0
583.5 0.921711 1.0006 -0 1.0003 -0
584.2 0.921711 1.0006 -4.26074e-18 1.0003 -2.12973e-18
584.9 0.921711 1.0006 -0 1.0003 -0
585.6 0.921711 1.0006 -0 1.0003 -0
586.3 0.921711 1.0006 -0 1.0003 -0
587 0.921711 1.0006 -0 1.0003 -0
587.7 0.921711 1.0006 -0 1.0003 -0
588.4 0.921711 1.0006 -0 1.0003 -0
589.1 0.921711 1.0006 -0 1.0003 -0
589.8 0.921711 1.0006 -4.14305e-18 1.0003 -2.07091e-18
590.5 0.921711 1.0006 -0 1.0003 -0
591.2 0.921711 1.0006 -0 1.0003 -0
591.9 0.921711 1.0006 -0 1.0003 -0
592.6 0.921711 1.0006 4.08548e-18 1.0003 2.04213e-18
593.3 0.921711 1.0006 -0 1.0003 -0
594 0.921711 1.0006 -0 1.0003 -0
594.7 0.921711 1.0006 -4.04298e-18 1.0003 -2.02088e-18
595.4 0.921711 1.0006 -0 1.0003 -0
596.1 0.921711 1.0006 -0 1.0003 -0
596.8 0.921711 1.0006 -0 1.0003 -0
597.5 0.921711 1.0006 -0 1.0003 -0
598.2 0.921711 1.0006 -0 1.0003 -0
598.9 0.921711 1.0006 -0 1.0003 -0
599.6 0.921711 1.0006 -0 1.0003 -0
600.3 0.921711 1.0006 -0 1.0003 -0
601 0.921711 1.0006 -0 1.0003 -0
601.7 0.921711 1.0006 -3.90616e-18 1.0003 -1.95249e-18
602.4 0.921711 1.0006 -3.89292e-18 1.0003 -1.94588e-18
603.1 0.921711 1.0006 -3.87977e-18 1.0003 -1.9393e-18
603.8 0.921711 1.0006 -0 1.0003 -0
604.5 0.921711 1.0006 -0 1.0003 -0
605.2 0.921711 1.0006 -3.84084e-18 1.0003 -1.91984e-18
605.9 0.921711 1.0006 3.82803e-18 1.0003 1.91344e-18
606.6 0.921711 1.0006 -0 1.0003 -0
607.3 0.921711 1.0006 -3.8027e-18 1.0003 -1.90078e-18
608 0.921711 1.0006 -0 1.0003 -0
608.7 0.921711 1.0006 -0 1.0003 -0
609.4 0.921711 1.0006 -0 1.0003 -0
610.1 0.921711 1.0006 -0 1.0003 -0
610.8 0.921711 1.0006 -0 1.0003 -0
611.5 0.921711 1.0006 -3.72888e-18 1.0003 -1.86388e-18
612.2 0.921711 1.0006 -0 1.0003 -0
612.9 0.921711 1.0006 -0 1.0003 -0
613.6 0.921711 1.0006 -3.69323e-18 1.0003 -1.84606e-18
614.3 0.921711 1.0006 -0 1.0003 -0
615 0.921711 1.0006 3.66993e-18 1.0003 1.83441e-18
615.7 0.921711 1.0006 -0 1.0003 -0
616.4 0.921711 1.0006 -0 1.0003 -0
617.1 0.921711 1.0006 -0 1.0003 -0
617.8 0.921711 1.0006 -7.24891e-18 1.0003 -3.62337e-18
618.5 0.921711 1.0006 -0 1.0003 -0
619.2 0.921711 1.0006 -0 1.0003 -0
619.9 0.921711 1.0006 -0 1.0003 -0
620.6 0.921711 1.0006 -0 1.0003 -0
621.3 0.921711 1.0006 -7.13928e-18 1.0003 -3.56857e-18
622 0.921711 1.0006 -0 1.0003 -0
622.7 0.921711 1.0006 -0 1.0003 -0
623.4 0.921711 1.0006 7.07549e-18 1.0003 3.53668e-18
624.1 0.921711 1.0006 -0 1.0003 -0
624.8 0.921711 1.0006 -0 1.0003 -0
625.5 0.921711 1.0006 -0 1.0003 -0
626.2 0.921711 1.0006 -6.99253e-18 1.0003 -3.49521e-18
626.9 0.921711 1.0006 -6.97214e-18 1.0003 -3.48502e-18
627.6 0.921711 1.0006 -6.95188e-18 1.0003 -3.4749e-18
628.3 0.921711 1.0006 -6.93176e-18 1.0003 -3.46484e-18
629 0.921711 1.0006 6.91176e-18 1.0003 3.45484e-18
629.7 0.921711 1.0006 -0 1.0003 -0
630.4 0.921711 1.0006 -0 1.0003 -0
631.1 0.921711 1.0006 -0 1.0003 -0
631.8 0.921711 1.0006 -3.4165e-18 1.0003 -1.70774e-18
632.5 0.921711 1.0006 -0 1.0003 -0
633.2 0.921711 1.0006 -3.39716e-18 1.0003 -1.69807e-18
633.9 0.921711 1.0006 -3.38757e-18 1.0003 -1.69328e-18
634.6 0.921711 1.0006 -0 1.0003 -0
635.3 0.921711 1.0006 3.36856e-18 1.0003 1.68377e-18
636 0.921711 1.0006 -0 1.0003 -0
636.7 0.921711 1.0006 3.34975e-18 1.0003 1.67437e-18
637.4 0.921711 1.0006 -0 1.0003 -0
638.1 0.921711 1.0006 3.33113e-18 1.0003 1.66507e-18
638.8 0.921711 1.0006 -0 1.0003 -0
639.5 0.921711 1.0006 -0 1.0003 -0
640.2 0.921711 1.0006 -0 1.0003 -0
640.9 0.921711 1.0006 -0 1.0003 -0
641.6 0.921711 1.0006 -0 1.0003 -0
642.3 0.921711 1.0006 -0 1.0003 -0
643 0.921711 1.0006 -0 1.0003 -0
643.7 0.921711 1.0006 -0 1.0003 -0
644.4 0.921711 1.0006 -3.24957e-18 1.0003 -1.6243e-18
645.1 0.921711 1.0006 3.24071e-18 1.0003 1.61987e-18
645.8 0.921711 1.0006 -0 1.0003 -0
646.5 0.921711 1.0006 -3.22311e-18 1.0003 -1.61107e-18
647.2 0.921711 1.0006 -3.21437e-18 1.0003 -1.6067e-18
647.9 0.921711 1.0006 3.20566e-18 1.0003 1.60235e-18
648.6 0.921711 1.0006 -3.19698e-18 1.0003 -1.59801e-18
649.3 0.921711 1.0006 -0 1.0003 -0
650 0.921711 1.0006 3.17974e-18 1.0003 1.58939e-18
650.7 0.921711 1.0006 -0 1.0003 -0
651.4 0.921711 1.0006 -3.16263e-18 1.0003 -1.58084e-18
652.1 0.921711 1.0006 -0 1.0003 -0
652.8 0.921711 1.0006 3.14564e-18 1.0003 1.57235e-18
653.5 0.921711 1.0006 -0 1.0003 -0
654.2 0.921711 1.0006 -3.12878e-18 1.0003 -1.56392e-18
654.9 0.921711 1.0006 -0 1.0003 -0
655.6 0.921711 1.0006 -0 1.0003 -0
656.3 0.921711 1.0006 -0 1.0003 -0
657 0.921711 1.0006 3.09541e-18 1.0003 1.54724e-18
657.7 0.921711 1.0006 3.08714e-18 1.0003 1.54311e-18
658.4 0.921711 1.0006 3.0789e-18 1.0003 1.53899e-18
659.1 0.921711 1.0006 -0 1.0003 -0
659.8 0.921711 1.0006 -0 1.0003 -0
660.5 0.921711 1.0006 -0 1.0003 -0
661.2 0.921711 1.0006 -3.04619e-18 1.0003 -1.52264e-18
661.9 0.921711 1.0006 -3.03808e-18 1.0003 -1.51858e-18
662.6 0.921711 1.0006 -0 1.0003 -0
663.3 0.921711 1.0006 -0 1.0003 -0
664 0.921711 1.0006 -0 1.0003 -0
664.7 0.921711 1.0006 3.00589e-18 1.0003 1.5025e-18
665.4 0.921711 1.0006 2.99791e-18 1.0003 1.49851e-18
666.1 0.921711 1.0006 -0 1.0003 -0
666.8 0.921711 1.0006 -0 1.0003 -0
667.5 0.921711 1.0006 -0 1.0003 -0
668.2 0.921711 1.0006 -2.96625e-18 1.0003 -1.48268e-18
668.9 0.921711 1.0006 -0 1.0003 -0
669.6 0.921711 1.0006 -0 1.0003 -0
670.3 0.921711 1.0006 -0 1.0003 -0
671 0.921711 1.0006 -2.935e-18 1.0003 -1.46706e-18
671.7 0.921711 1.0006 -0 1.0003 -0
672.4 0.921711 1.0006 2.91953e-18 1.0003 1.45933e-18
673.1 0.921711 1.0006 -0 1.0003 -0
673.8 0.921711 1.0006 2.90416e-18 1.0003 1.45164e-18
674.5 0.921711 1.0006 -2.89652e-18 1.0003 -1.44782e-18
675.2 0.921711 1.0006 -0 1.0003 -0
675.9 0.921711 1.0006 -2.8813e-18 1.0003 -1.44022e-18
676.6 0.921711 1.0006 -0 1.0003 -0
677.3 0.921711 1.0006 -0 1.0003 -0
678 0.921711 1.0006 -0 1.0003 -0
678.7 0.921711 1.0006 -2.85118e-18 1.0003 -1.42516e-18
679.4 0.921711 1.0006 -0 1.0003 -0
680.1 0.921711 1.0006 -0 1.0003 -0
680.8 0.921711 1.0006 -2.82886e-18 1.0003 -1.414e-18
681.5 0.921711 1.0006 -0 1.0003 -0
682.2 0.921711 1.0006 -2.8141e-18 1.0003 -1.40663e-18
682.9 0.921711 1.0006 -0 1.0003 -0
683.6 0.921711 1.0006 -0 1.0003 -0
684.3 0.921711 1.0006 2.79215e-18 1.0003 1.39566e-18
685 0.921711 1.0006 -0 1.0003 -0
685.7 0.921711 1.0006 -0 1.0003 -0
686.4 0.921711 1.0006 -0 1.0003 -0
687.1 0.921711 1.0006 -0 1.0003 -0
687.8 0.921711 1.0006 -0 1.0003 -0
688.5 0.921711 1.0006 2.74893e-18 1.0003 1.37405e-18
689.2 0.921711 1.0006 -0 1.0003 -0
689.9 0.921711 1.0006 -2.73472e-18 1.0003 -1.36695e-18
690.6 0.921711 1.0006 -2.72765e-18 1.0003 -1.36342e-18
691.3 0.921711 1.0006 -2.72061e-18 1.0003 -1.3599e-18
692 0.921711 1.0006 -2.71359e-18 1.0003 -1.35639e-18
692.7 0.921711 1.0006 -0 1.0003 -0
693.4 0.921711 1.0006 -0 1.0003 -0
694.1 0.921711 1.0006 -0 1.0003 -0
694.8 0.921711 1.0006 2.68576e-18 1.0003 1.34247e-18
695.5 0.921711 1.0006 2.67886e-18 1.0003 1.33903e-18
696.2 0.921711 1.0006 -2.67198e-18 1.0003 -1.33559e-18
696.9 0.921711 1.0006 -0 1.0003 -0
697.6 0.921711 1.0006 2.65831e-18 1.0003 1.32876e-18
698.3 0.921711 1.0006 -2.65151e-18 1.0003 -1.32536e-18
699 0.921711 1.0006 2.64473e-18 1.0003 1.32197e-18
699.7 0.921711 1.0006 -0 1.0003 -0
700.4 0.921711 1.0006 -2.63124e-18 1.0003 -1.31523e-18
701.1 0.921711 1.0006 2.62454e-18 1.0003 1.31188e-18
701.8 0.921711 1.0006 -0 1.0003 -0
702.5 0.921711 1.0006 2.6112e-18 1.0003 1.30521e-18
703.2 0.921711 1.0006 -0 1.0003 -0
703.9 0.921711 1.0006 -0 1.0003 -0
704.6 0.921711 1.0006 -2.59136e-18 1.0003 -1.29529e-18
705.3 0.921711 1.0006 -0 1.0003 -0
706 0.921711 1.0006 2.57825e-18 1.0003 1.28874e-18
706.7 0.921711 1.0006 2.57173e-18 1.0003 1.28548e-18
707.4 0.921711 1.0006 -0 1.0003 -0
708.1 0.921711 1.0006 -0 1.0003 -0
708.8 0.921711 1.0006 -0 1.0003 -0
709.5 0.921711 1.0006 -2.5459e-18 1.0003 -1.27257e-18
710.2 0.921711 1.0006 2.5395e-18 1.0003 1.26937e-18
710.9 0.921711 1.0006 -0 1.0003 -0
711.6 0.921711 1.0006 -0 1.0003 -0
712.3 0.921711 1.0006 -2.52047e-18 1.0003 -1.25986e-18
713 0.921711 1.0006 2.51417e-18 1.0003 1.25671e-18
713.7 0.921711 1.0006 -0 1.0003 -0
714.4 0.921711 1.0006 -0 1.0003 -0
715.1 0.921711 1.0006 2.49544e-18 1.0003 1.24735e-18
715.8 0.921711 1.0006 -0 1.0003 -0
716.5 0.921711 1.0006 -0 1.0003 -0
717.2 0.921711 1.0006 -0 1.0003 -0
717.9 0.921711 1.0006 -0 1.0003 -0
718.6 0.921711 1.0006 -0 1.0003 -0
719.3 0.921711 1.0006 -0 1.0003 -0
720 0.921711 1.0006 -0 1.0003 -0
720.7 0.921711 1.0006 -2.44664e-18 1.0003 -1.22295e-18
721.4 0.921711 1.0006 -0 1.0003 -0
722.1 0.921711 1.0006 -0 1.0003 -0
722.8 0.921711 1.0006 -0 1.0003 -0
723.5 0.921711 1.0006 -0 1.0003 -0
724.2 0.921711 1.0006 -0 1.0003 -0
724.9 0.921711 1.0006 -0 1.0003 -0
725.6 0.921711 1.0006 2.40534e-18 1.0003 1.20231e-18
726.3 0.921711 1.0006 -0 1.0003 -0
727 0.921711 1.0006 -0 1.0003 -0
727.7 0.921711 1.0006 -0 1.0003 -0
728.4 0.921711 1.0006 -0 1.0003 -0
729.1 0.921711 1.0006 -0 1.0003 -0
729.8 0.921711 1.0006 -2.371e-18 1.0003 -1.18514e-18
730.5 0.921711 1.0006 -0 1.0003 -0
731.2 0.921711 1.0006 -0 1.0003 -0
731.9 0.921711 1.0006 -0 1.0003 -0
732.6 0.921711 1.0006 -0 1.0003 -0
733.3 0.921711 1.0006 -2.34313e-18 1.0003 -1.17121e-18
734 0.921711 1.0006 -0 1.0003 -0
734.7 0.921711 1.0006 -0 1.0003 -0
735.4 0.921711 1.0006 -0 1.0003 -0
736.1 0.921711 1.0006 -0 1.0003 -0
736.8 0.921711 1.0006 2.31593e-18 1.0003 1.15762e-18
737.5 0.921711 1.0006 2.31057e-18 1.0003 1.15494e-18
738.2 0.921711 1.0006 -0 1.0003 -0
738.9 0.921711 1.0006 -0 1.0003 -0
739.6 0.921711 1.0006 -0 1.0003 -0
740.3 0.921711 1.0006 -2.28941e-18 1.0003 -1.14436e-18
741 0.921711 1.0006 -0 1.0003 -0
741.7 0.921711 1.0006 -0 1.0003 -0
742.4 0.921711 1.0006 -0 1.0003 -0
743.1 0.921711 1.0006 -0 1.0003 -0
743.8 0.921711 1.0006 -0 1.0003 -0
744.5 0.921711 1.0006 2.25847e-18 1.0003 1.1289e-18
745.2 0.921711 1.0006 -0 1.0003 -0
745.9 0.921711 1.0006 -0 1.0003 -0
746.6 0.921711 1.0006 -0 1.0003 -0
747.3 0.921711 1.0006 -0 1.0003 -0
748 0.921711 1.0006 -0 1.0003 -0
748.7 0.921711 1.0006 -0 1.0003 -0
749.4 0.921711 1.0006 -0 1.0003 -0
750.1 0.921711 1.0006 2.2187e-18 1.0003 1.10902e-18
750.8 0.921711 1.0006 -0 1.0003 -0
751.5 0.921711 1.0006 -0 1.0003 -0
752.2 0.921711 1.0006 2.20421e-18 1.0003 1.10178e-18
752.9 0.921711 1.0006 -0 1.0003 -0
753.6 0.921711 1.0006 -0 1.0003 -0
754.3 0.921711 1.0006 -0 1.0003 -0
755 0.921711 1.0006 -0 1.0003 -0
755.7 0.921711 1.0006 2.18058e-18 1.0003 1.08996e-18
756.4 0.921711 1.0006 -0 1.0003 -0
757.1 0.921711 1.0006 -0 1.0003 -0
757.8 0.921711 1.0006 -0 1.0003 -0
758.5 0.921711 1.0006 -0 1.0003 -0
759.2 0.921711 1.0006 -0 1.0003 -0
759.9 0.921711 1.0006 -0 1.0003 -0
760.6 0.921711 1.0006 -0 1.0003 -0
761.3 0.921711 1.0006 -0 1.0003 -0
762 0.921711 1.0006 -0 1.0003 -0
762.7 0.921711 1.0006 -2.13514e-18 1.0003 -1.06725e-18
763.4 0.921711 1.0006 -0 1.0003 -0
764.1 0.921711 1.0006 -0 1.0003 -0
764.8 0.921711 1.0006 -0 1.0003 -0
765.5 0.921711 1.0006 -0 1.0003 -0
766.2 0.921711 1.0006 -0 1.0003 -0
766.9 0.921711 1.0006 -0 1.0003 -0
767.6 0.921711 1.0006 -0 1.0003 -0
768.3 0.921711 1.0006 -0 1.0003 -0
769 0.921711 1.0006 -0 1.0003 -0
769.7 0.921711 1.0006 -0 1.0003 -0
770.4 0.921711 1.0006 -2.08743e-18 1.0003 -1.0434e-18
771.1 0.921711 1.0006 -0 1.0003 -0
771.8 0.921711 1.0006 -0 1.0003 -0
772.5 0.921711 1.0006 -0 1.0003 -0
773.2 0.921711 1.0006 -2.07056e-18 1.0003 -1.03497e-18
773.9 0.921711 1.0006 -0 1.0003 -0
774.6 0.921711 1.0006 -0 1.0003 -0
775.3 0.921711 1.0006 -0 1.0003 -0
776 0.921711 1.0006 -0 1.0003 -0
776.7 0.921711 1.0006 2.04976e-18 1.0003 1.02458e-18
777.4 0.921711 1.0006 -0 1.0003 -0
778.1 0.921711 1.0006 -0 1.0003 -0
778.8 0.921711 1.0006 -0 1.0003 -0
779.5 0.921711 1.0006 -0 1.0003 -0
780.2 0.921711 1.0006 -0 1.0003 -0
780.9 0.921711 1.0006 -0 1.0003 -0
781.6 0.921711 1.0006 -2.02114e-18 1.0003 -1.01026e-18
782.3 0.921711 1.0006 -0 1.0003 -0
783 0.921711 1.0006 -0 1.0003 -0
783.7 0.921711 1.0006 -0 1.0003 -0
784.4 0.921711 1.0006 -0 1.0003 -0
785.1 0.921711 1.0006 -0 1.0003 -0
785.8 0.921711 1.0006 -1.99698e-18 1.0003 -9.98189e-19
786.5 0.921711 1.0006 -1.99298e-18 1.0003 -9.96191e-19
787.2 0.921711 1.0006 -0 1.0003 -0
787.9 0.921711 1.0006 -0 1.0003 -0
788.6 0.921711 1.0006 1.98104e-18 1.0003 9.90221e-19
789.3 0.921711 1.0006 1.97707e-18 1.0003 9.88238e-19
790 0.921711 1.0006 1.97311e-18 1.0003 9.86259e-19
790.7 0.921711 1.0006 -0 1.0003 -0
791.4 0.921711 1.0006 -0 1.0003 -0
792.1 0.921711 1.0006 -0 1.0003 -0
792.8 0.921711 1.0006 -1.95734e-18 1.0003 -9.78376e-19
793.5 0.921711 1.0006 1.95341e-18 1.0003 9.76413e-19
794.2 0.921711 1.0006 -0 1.0003 -0
794.9 0.921711 1.0006 -0 1.0003 -0
795.6 0.921711 1.0006 1.94167e-18 1.0003 9.70542e-19
796.3 0.921711 1.0006 -0 1.0003 -0
797 0.921711 1.0006 1.93386e-18 1.0003 9.66642e-19
797.7 0.921711 1.0006 -0 1.0003 -0
798.4 0.921711 1.0006 -0 1.0003 -0
799.1 0.921711 1.0006 -1.9222e-18 1.0003 -9.60811e-19
799.8 0.921711 1.0006 -0 1.0003 -0
800.5 0.921711 1.0006 1.91445e-18 1.0003 9.56936e-19
801.2 0.921711 1.0006 -0 1.0003 -0
801.9 0.921711 1.0006 -0 1.0003 -0
802.6 0.921711 1.0006 -0 1.0003 -0
803.3 0.921711 1.0006 -0 1.0003 -0
804 0.921711 1.0006 -0 1.0003 -0
804.7 0.921711 1.0006 -0 1.0003 -0
805.4 0.921711 1.0006 -0 1.0003 -0
806.1 0.921711 1.0006 -0 1.0003 -0
806.8 0.921711 1.0006 -0 1.0003 -0
807.5 0.921711 1.0006 -0 1.0003 -0
808.2 0.921711 1.0006 -0 1.0003 -0
808.9 0.921711 1.0006 -0 1.0003 -0
809.6 0.921711 1.0006 -0 1.0003 -0
810.3 0.921711 1.0006 -0 1.0003 -0
811 0.921711 1.0006 -0 1.0003 -0
811.7 0.921711 1.0006 -0 1.0003 -0
812.4 0.921711 1.0006 -0 1.0003 -0
813.1 0.921711 1.0006 -0 1.0003 -0
813.8 0.921711 1.0006 -0 1.0003 -0
814.5 0.921711 1.0006 -0 1.0003 -0
815.2 0.921711 1.0006 -0 1.0003 -0
815.9 0.921711 1.0006 -0 1.0003 -0
816.6 0.921711 1.0006 -0 1.0003 -0
817.3 0.921711 1.0006 -1.82262e-18 1.0003 -9.11035e-19
818 0.921711 1.0006 -0 1.0003 -0
818.7 0.921711 1.0006 -1.81505e-18 1.0003 -9.07251e-19
819.4 0.921711 1.0006 -0 1.0003 -0
820.1 0.921711 1.0006 -0 1.0003 -0
820.8 0.921711 1.0006 -0 1.0003 -0
821.5 0.921711 1.0006 -0 1.0003 -0
822.2 0.921711 1.0006 -0 1.0003 -0
822.9 0.921711 1.0006 -0 1.0003 -0
823.6 0.921711 1.0006 -1.78863e-18 1.0003 -8.94048e-19
824.3 0.921711 1.0006 -0 1.0003 -0
825 0.921711 1.0006 -0 1.0003 -0
825.7 0.921711 1.0006 -0 1.0003 -0
826.4 0.921711 1.0006 1.77361e-18 1.0003 8.8654e-19
827.1 0.921711 1.0006 1.76987e-18 1.0003 8.84669e-19
827.8 0.921711 1.0006 -0 1.0003 -0
828.5 0.921711 1.0006 -1.7624e-18 1.0003 -8.80935e-19
829.2 0.921711 1.0006 -1.75867e-18 1.0003 -8.79072e-19
829.9 0.921711 1.0006 -0 1.0003 -0
830.6 0.921711 1.0006 -1.75124e-18 1.0003 -8.75356e-19
831.3 0.921711 1.0006 -0 1.0003 -0
832 0.921711 1.0006 -1.74383e-18 1.0003 -8.71652e-19
832.7 0.921711 1.0006 -0 1.0003 -0
833.4 0.921711 1.0006 1.73645e-18 1.0003 8.67962e-19
834.1 0.921711 1.0006 1.73277e-18 1.0003 8.66123e-19
834.8 0.921711 1.0006 -0 1.0003 -0
835.5 0.921711 1.0006 -0 1.0003 -0
836.2 0.921711 1.0006 -0 1.0003 -0
836.9 0.921711 1.0006 -0 1.0003 -0
837.6 0.921711 1.0006 -0 1.0003 -0
838.3 0.921711 1.0006 1.71085e-18 1.0003 8.5517e-19
839 0.921711 1.0006 -0 1.0003 -0
839.7 0.921711 1.0006 -1.70362e-18 1.0003 -8.51554e-19
840.4 0.921711 1.0006 -0 1.0003 -0
841.1 0.921711 1.0006 -0 1.0003 -0
841.8 0.921711 1.0006 -1.69284e-18 1.0003 -8.46164e-19
842.5 0.921711 1.0006 -0 1.0003 -0
843.2 0.921711 1.0006 -1.68569e-18 1.0003 -8.42595e-19
843.9 0.921711 1.0006 -0 1.0003 -0
844.6 0.921711 1.0006 -0 1.0003 -0
845.3 0.921711 1.0006 1.67506e-18 1.0003 8.37278e-19
846 0.921711 1.0006 -1.67153e-18 1.0003 -8.35517e-19
846.7 0.921711 1.0006 -1.66802e-18 1.0003 -8.3376e-19
847.4 0.921711 1.0006 -1.66452e-18 1.0003 -8.32009e-19
848.1 0.921711 1.0006 -0 1.0003 -0
848.8 0.921711 1.0006 -1.65754e-18 1.0003 -8.28523e-19
849.5 0.921711 1.0006 -0 1.0003 -0
850.2 0.921711 1.0006 -0 1.0003 -0
850.9 0.921711 1.0006 -1.64717e-18 1.0003 -8.23336e-19
851.6 0.921711 1.0006 1.64373e-18 1.0003 8.21618e-19
852.3 0.921711 1.0006 1.6403e-18 1.0003 8.19906e-19
853 0.921711 1.0006 1.63689e-18 1.0003 8.18199e-19
853.7 0.921711 1.0006 1.63349e-18 1.0003 8.16499e-19
854.4 0.921711 1.0006 1.6301e-18 1.0003 8.14804e-19
855.1 0.921711 1.0006 1.62672e-18 1.0003 8.13116e-19
855.8 0.921711 1.0006 1.62335e-18 1.0003 8.11433e-19
856.5 0.921711 1.0006 -0 1.0003 -0
857.2 0.921711 1.0006 -1.61666e-18 1.0003 -8.08086e-19
857.9 0.921711 1.0006 -0 1.0003 -0
858.6 0.921711 1.0006 -0 1.0003 -0
859.3 0.921711 1.0006 1.6067e-18 1.0003 8.0311e-19
860 0.921711 1.0006 -0 1.0003 -0
860.7 0.921711 1.0006 1.60013e-18 1.0003 7.99824e-19
861.4 0.921711 1.0006 -0 1.0003 -0
862.1 0.921711 1.0006 -0 1.0003 -0
862.8 0.921711 1.0006 -0 1.0003 -0
863.5 0.921711 1.0006 -1.58713e-18 1.0003 -7.93327e-19
864.2 0.921711 1.0006 -0 1.0003 -0
864.9 0.921711 1.0006 -0 1.0003 -0
865.6 0.921711 1.0006 -0 1.0003 -0
866.3 0.921711 1.0006 1.57434e-18 1.0003 7.86932e-19
867 0.921711 1.0006 1.57117e-18 1.0003 7.85349e-19
867.7 0.921711 1.0006 -0 1.0003 -0
868.4 0.921711 1.0006 -1.56488e-18 1.0003 -7.82203e-19
869.1 0.921711 1.0006 -0 1.0003 -0
869.8 0.921711 1.0006 1.55863e-18 1.0003 7.79083e-19
870.5 0.921711 1.0006 -1.55553e-18 1.0003 -7.77533e-19
871.2 0.921711 1.0006 1.55244e-18 1.0003 7.75989e-19
871.9 0.921711 1.0006 -0 1.0003 -0
872.6 0.921711 1.0006 -0 1.0003 -0
873.3 0.921711 1.0006 -1.54326e-18 1.0003 -7.71397e-19
874 0.921711 1.0006 -0 1.0003 -0
874.7 0.921711 1.0006 1.5372e-18 1.0003 7.68368e-19
875.4 0.921711 1.0006 -0 1.0003 -0
876.1 0.921711 1.0006 1.53119e-18 1.0003 7.65366e-19
876.8 0.921711 1.0006 -0 1.0003 -0
877.5 0.921711 1.0006 -0 1.0003 -0
878.2 0.921711 1.0006 -1.52228e-18 1.0003 -7.60912e-19
878.9 0.921711 1.0006 -0 1.0003 -0
879.6 0.921711 1.0006 -0 1.0003 -0
880.3 0.921711 1.0006 -1.51349e-18 1.0003 -7.56518e-19
881 0.921711 1.0006 1.51059e-18 1.0003 7.55066e-19
881.7 0.921711 1.0006 -1.50769e-18 1.0003 -7.53621e-19
882.4 0.921711 1.0006 -0 1.0003 -0
883.1 0.921711 1.0006 -1.50195e-18 1.0003 -7.50751e-19
883.8 0.921711 1.0006 -0 1.0003 -0
884.5 0.921711 1.0006 -0 1.0003 -0
885.2 0.921711 1.0006 -2.98688e-18 1.0003 -1.49299e-18
885.9 0.921711 1.0006 2.98126e-18 1.0003 1.49018e-18
886.6 0.921711 1.0006 -0 1.0003 -0
887.3 0.921711 1.0006 2.97009e-18 1.0003 1.4846e-18
888 0.921711 1.0006 -0 1.0003 -0
888.7 0.921711 1.0006 -0 1.0003 -0
889.4 0.921711 1.0006 2.95354e-18 1.0003 1.47633e-18
890.1 0.921711 1.0006 -0 1.0003 -0
890.8 0.921711 1.0006 -0 1.0003 -0
891.5 0.921711 1.0006 2.93722e-18 1.0003 1.46817e-18
892.2 0.921711 1.0006 -0 1.0003 -0
892.9 0.921711 1.0006 -0 1.0003 -0
893.6 0.921711 1.0006 -0 1.0003 -0
894.3 0.921711 1.0006 -0 1.0003 -0
895 0.921711 1.0006 -0 1.0003 -0
895.7 0.921711 1.0006 -0 1.0003 -0
896.4 0.921711 1.0006 -0 1.0003 -0
897.1 0.921711 1.0006 -0 1.0003 -0
897.8 0.921711 1.0006 -0 1.0003 -0
898.5 0.921711 1.0006 -0 1.0003 -0
899.2 0.921711 1.0006 -0 1.0003 -0
899.9 0.921711 1.0006 -0 1.0003 -0
900.6 0.921711 1.0006 2.86914e-18 1.0003 1.43414e-18
901.3 0.921711 1.0006 2.86406e-18 1.0003 1.4316e-18
902 0.921711 1.0006 -0 1.0003 -0
902.7 0.921711 1.0006 -0 1.0003 -0
903.4 0.921711 1.0006 -0 1.0003 -0
904.1 0.921711 1.0006 -0 1.0003 -0
904.8 0.921711 1.0006 -0 1.0003 -0
905.5 0.921711 1.0006 -0 1.0003 -0
906.2 0.921711 1.0006 -2.82915e-18 1.0003 -1.41415e-18
906.9 0.921711 1.0006 -0 1.0003 -0
907.6 0.921711 1.0006 -0 1.0003 -0
908.3 0.921711 1.0006 -0 1.0003 -0
909 0.921711 1.0006 -0 1.0003 -0
909.7 0.921711 1.0006 -0 1.0003 -0
910.4 0.921711 1.0006 2.80001e-18 1.0003 1.39959e-18
911.1 0.921711 1.0006 -0 1.0003 -0
911.8 0.921711 1.0006 -0 1.0003 -0
912.5 0.921711 1.0006 -2.7857e-18 1.0003 -1.39243e-18
913.2 0.921711 1.0006 -0 1.0003 -0
913.9 0.921711 1.0006 -0 1.0003 -0
914.6 0.921711 1.0006 -2.77155e-18 1.0003 -1.38536e-18
915.3 0.921711 1.0006 -0 1.0003 -0
916 0.921711 1.0006 -0 1.0003 -0
916.7 0.921711 1.0006 -2.75755e-18 1.0003 -1.37836e-18
917.4 0.921711 1.0006 2.75292e-18 1.0003 1.37605e-18
918.1 0.921711 1.0006 -0 1.0003 -0
918.8 0.921711 1.0006 -2.7437e-18 1.0003 -1.37144e-18
919.5 0.921711 1.0006 -0 1.0003 -0
920.2 0.921711 1.0006 -0 1.0003 -0
920.9 0.921711 1.0006 -0 1.0003 -0
921.6 0.921711 1.0006 -0 1.0003 -0
922.3 0.921711 1.0006 -0 1.0003 -0
923 0.921711 1.0006 -0 1.0003 -0
923.7 0.921711 1.0006 2.71195e-18 1.0003 1.35557e-18
924.4 0.921711 1.0006 -0 1.0003 -0
925.1 0.921711 1.0006 -0 1.0003 -0
925.8 0.921711 1.0006 -0 1.0003 -0
926.5 0.921711 1.0006 -0 1.0003 -0
927.2 0.921711 1.0006 -0 1.0003 -0
927.9 0.921711 1.0006 2.68532e-18 1.0003 1.34226e-18
928.6 0.921711 1.0006 -0 1.0003 -0
929.3 0.921711 1.0006 2.67655e-18 1.0003 1.33787e-18
930 0.921711 1.0006 -0 1.0003 -0
930.7 0.921711 1.0006 -2.66784e-18 1.0003 -1.33352e-18
931.4 0.921711 1.0006 -0 1.0003 -0
932.1 0.921711 1.0006 -0 1.0003 -0
932.8 0.921711 1.0006 -0 1.0003 -0
933.5 0.921711 1.0006 -0 1.0003 -0
934.2 0.921711 1.0006 -0 1.0003 -0
934.9 0.921711 1.0006 -0 1.0003 -0
935.6 0.921711 1.0006 -0 1.0003 -0
936.3 0.921711 1.0006 -0 1.0003 -0
937 0.921711 1.0006 -0 1.0003 -0
937.7 0.921711 1.0006 -0 1.0003 -0
938.4 0.921711 1.0006 -0 1.0003 -0
939.1 0.921711 1.0006 -0 1.0003 -0
939.8 0.921711 1.0006 -0 1.0003 -0
940.5 0.921711 1.0006 -0 1.0003 -0
941.2 0.921711 1.0006 2.60412e-18 1.0003 1.30167e-18
941.9 0.921711 1.0006 -0 1.0003 -0
942.6 0.921711 1.0006 -0 1.0003 -0
943.3 0.921711 1.0006 -2.5917e-18 1.0003 -1.29546e-18
944 0.921711 1.0006 -2.58758e-18 1.0003 -1.2934e-18
944.7 0.921711 1.0006 -0 1.0003 -0
945.4 0.921711 1.0006 2.57938e-18 1.0003 1.2893e-18
946.1 0.921711 1.0006 2.57529e-18 1.0003 1.28726e-18
946.8 0.921711 1.0006 -0 1.0003 -0
947.5 0.921711 1.0006 -0 1.0003 -0
948.2 0.921711 1.0006 -0 1.0003 -0
948.9 0.921711 1.0006 -0 1.0003 -0
949.6 0.921711 1.0006 -0 1.0003 -0
950.3 0.921711 1.0006 -0 1.0003 -0
951 0.921711 1.0006 2.54697e-18 1.0003 1.27311e-18
951.7 0.921711 1.0006 -0 1.0003 -0
952.4 0.921711 1.0006 -0 1.0003 -0
953.1 0.921711 1.0006 -0 1.0003 -0
953.8 0.921711 1.0006 -0 1.0003 -0
954.5 0.921711 1.0006 -0 1.0003 -0
955.2 0.921711 1.0006 2.52309e-18 1.0003 1.26117e-18
955.9 0.921711 1.0006 -0 1.0003 -0
956.6 0.921711 1.0006 -0 1.0003 -0
957.3 0.921711 1.0006 -0 1.0003 -0
958 0.921711 1.0006 -0 1.0003 -0
958.7 0.921711 1.0006 -0 1.0003 -0
959.4 0.921711 1.0006 2.49955e-18 1.0003 1.2494e-18
960.1 0.921711 1.0006 -0 1.0003 -0
960.8 0.921711 1.0006 -0 1.0003 -0
961.5 0.921711 1.0006 -0 1.0003 -0
962.2 0.921711 1.0006 2.48403e-18 1.0003 1.24164e-18
962.9 0.921711 1.0006 -0 1.0003 -0
963.6 0.921711 1.0006 -0 1.0003 -0
964.3 0.921711 1.0006 -0 1.0003 -0
965 0.921711 1.0006 -0 1.0003 -0
965.7 0.921711 1.0006 -0 1.0003 -0
966.4 0.921711 1.0006 2.46101e-18 1.0003 1.23014e-18
967.1 0.921711 1.0006 -0 1.0003 -0
967.8 0.921711 1.0006 -0 1.0003 -0
968.5 0.921711 1.0006 -2.44961e-18 1.0003 -1.22444e-18
969.2 0.921711 1.0006 -0 1.0003 -0
969.9 0.921711 1.0006 -0 1.0003 -0
970.6 0.921711 1.0006 2.43829e-18 1.0003 1.21878e-18
971.3 0.921711 1.0006 -0 1.0003 -0
972 0.921711 1.0006 -0 1.0003 -0
972.7 0.921711 1.0006 -0 1.0003 -0
973.4 0.921711 1.0006 -0 1.0003 -0
974.1 0.921711 1.0006 -0 1.0003 -0
974.8 0.921711 1.0006 2.41585e-18 1.0003 1.20756e-18
975.5 0.921711 1.0006 -0 1.0003 -0
976.2 0.921711 1.0006 -0 1.0003 -0
976.9 0.921711 1.0006 2.40473e-18 1.0003 1.202e-18
977.6 0.921711 1.0006 -2.40104e-18 1.0003 -1.20016e-18
978.3 0.921711 1.0006 2.39735e-18 1.0003 1.19832e-18
979 0.921711 1.0006 -2.39368e-18 1.0003 -1.19648e-18
979.7 0.921711 1.0006 -0 1.0003 -0
980.4 0.921711 1.0006 -0 1.0003 -0
981.1 0.921711 1.0006 -0 1.0003 -0
981.8 0.921711 1.0006 -2.37904e-18 1.0003 -1.18916e-18
982.5 0.921711 1.0006 -2.3754e-18 1.0003 -1.18734e-18
983.2 0.921711 1.0006 -0 1.0003 -0
983.9 0.921711 1.0006 -0 1.0003 -0
984.6 0.921711 1.0006 2.36452e-18 1.0003 1.18191e-18
985.3 0.921711 1.0006 -0 1.0003 -0
986 0.921711 1.0006 -0 1.0003 -0
986.7 0.921711 1.0006 -2.3537e-18 1.0003 -1.1765e-18
987.4 0.921711 1.0006 -0 1.0003 -0
988.1 0.921711 1.0006 2.34652e-18 1.0003 1.17291e-18
988.8 0.921711 1.0006 -0 1.0003 -0
989.5 0.921711 1.0006 -0 1.0003 -0
990.2 0.921711 1.0006 -0 1.0003 -0
990.9 0.921711 1.0006 -0 1.0003 -0
991.6 0.921711 1.0006 -0 1.0003 -0
992.3 0.921711 1.0006 -2.32514e-18 1.0003 -1.16222e-18
993 0.921711 1.0006 -0 1.0003 -0
993.7 0.921711 1.0006 -0 1.0003 -0
994.4 0.921711 1.0006 -0 1.0003 -0
995.1 0.921711 1.0006 -0 1.0003 -0
995.8 0.921711 1.0006 -0 1.0003 -0
996.5 0.921711 1.0006 -0 1.0003 -0
997.2 0.921711 1.0006 -0 1.0003 -0
997.9 0.921711 1.0006 -2.29697e-18 1.0003 -1.14814e-18
998.6 0.921711 1.0006 -0 1.0003 -0
999.3 0.921711 1.0006 -2.28999e-18 1.0003 -1.14465e-18
1000 0.921711 1.0006 -0 1.0003 -0
