300 0.921827 1.0444 0.0542721 1.0223 0.026544
300.7 0.921759 1.04299 0.0537492 1.02161 0.0263061
301.4 0.921683 1.04149 0.0532023 1.02086 0.0260575
302.1 0.921599 1.03988 0.0526235 1.02007 0.0257941
302.8 0.92151 1.03817 0.0520035 1.01923 0.0255113
303.5 0.921417 1.03639 0.0513343 1.01834 0.0252048
304.2 0.92132 1.03453 0.0506088 1.01742 0.0248711
304.9 0.921221 1.03261 0.0498212 1.01647 0.024507
305.6 0.921122 1.03064 0.0489678 1.01549 0.0241105
306.3 0.921022 1.02863 0.0480465 1.01449 0.0236801
307 0.920924 1.0266 0.0470575 1.01348 0.0232158
307.7 0.920828 1.02457 0.0460034 1.01246 0.0227186
308.4 0.920735 1.02254 0.0448896 1.01145 0.0221907
309.1 0.920646 1.02053 0.043724 1.01044 0.021636
309.8 0.920561 1.01856 0.0425175 1.00946 0.0210596
310.5 0.920481 1.01663 0.0412836 1.00849 0.020468
311.2 0.920405 1.01476 0.0400386 1.00755 0.0198692
311.9 0.920332 1.01295 0.0387988 1.00664 0.0192714
312.6 0.920261 1.01118 0.0375792 1.00575 0.0186822
313.3 0.920187 1.00944 0.0363929 1.00487 0.0181082
314 0.92011 1.00769 0.0352516 1.00399 0.0175557
314.7 0.920026 1.00593 0.0341656 1.00311 0.0170299
315.4 0.919933 1.00413 0.0331438 1.0022 0.0165355
316.1 0.919828 1.00227 0.0321941 1.00126 0.0160767
316.8 0.919708 1.00032 0.0313234 1.00028 0.0156573
317.5 0.91957 0.998243 0.0305383 0.999238 0.0152808
318.2 0.91941 0.996017 0.0298449 0.998118 0.0149506
318.9 0.919225 0.993603 0.0292494 0.996905 0.0146701
319.6 0.919008 0.990962 0.0287588 0.995575 0.0144433
320.3 0.918756 0.988046 0.0283807 0.994107 0.0142744
321 0.918461 0.984807 0.0281226 0.992476 0.0141679
321.7 0.918122 0.981222 0.0279833 0.990667 0.0141235
322.4 0.917734 0.977275 0.0279605 0.988673 0.0141404
323.1 0.917295 0.972949 0.0280543 0.986484 0.0142194
323.8 0.916802 0.96823 0.0282672 0.984092 0.0143621
324.5 0.916251 0.963102 0.0286041 0.981486 0.0145719
325.2 0.915637 0.957551 0.0290724 0.978658 0.0148532
325.9 0.914957 0.951569 0.0296822 0.975603 0.0152123
326.6 0.914205 0.945151 0.0304464 0.972315 0.0156567
327.3 0.913379 0.938299 0.0313806 0.968794 0.0161957
328 0.912474 0.931028 0.0325032 0.965045 0.0168402
328.7 0.911489 0.923365 0.0338349 0.96108 0.0176025
329.4 0.910425 0.915357 0.0353982 0.956922 0.0184959
330.1 0.909284 0.907074 0.0372159 0.952605 0.0195337
330.8 0.908074 0.898614 0.0393088 0.948179 0.0207286
331.5 0.90681 0.890108 0.041693 0.943714 0.0220899
332.2 0.905507 0.881697 0.0443793 0.939285 0.023624
332.9 0.904173 0.873436 0.047386 0.934922 0.0253422
333.6 0.902809 0.865345 0.0507315 0.930638 0.0272563
334.3 0.901416 0.857434 0.0544315 0.926443 0.0293766
335 0.899995 0.849703 0.0584993 0.922339 0.0317125
335.7 0.898542 0.842138 0.0629476 0.91832 0.0342732
336.4 0.897053 0.834709 0.0677898 0.914376 0.0370689
337.1 0.895521 0.827373 0.0730427 0.910485 0.040112
337.8 0.893932 0.82007 0.0787295 0.906618 0.0434193
338.5 0.89227 0.812723 0.0848827 0.902737 0.0470141
339.2 0.890514 0.805235 0.0915489 0.898793 0.0509288
339.9 0.888634 0.79749 0.0987932 0.894728 0.0552085
340.6 0.886594 0.78935 0.106705 0.890472 0.0599151
341.3 0.884346 0.780653 0.115409 0.885943 0.0651332
342 0.881828 0.771204 0.125069 0.881046 0.0709778
342.7 0.878962 0.760773 0.135913 0.875669 0.0776053
343.4 0.875663 0.749169 0.148216 0.869729 0.085208
344.1 0.871859 0.736317 0.162281 0.863222 0.0939969
344.8 0.867472 0.722168 0.178474 0.856173 0.104228
345.5 0.862411 0.706688 0.19725 0.848643 0.116215
346.2 0.85658 0.689885 0.219172 0.840758 0.130342
346.9 0.849885 0.671832 0.244936 0.832743 0.147066
347.6 0.842251 0.652719 0.275409 0.824974 0.16692
348.3 0.833655 0.632923 0.311659 0.818052 0.190488
349 0.824176 0.613121 0.354976 0.812892 0.218341
349.7 0.814066 0.594458 0.406879 0.81081 0.250909
350.4 0.803825 0.578795 0.46905 0.813568 0.288267
351.1 0.794233 0.569032 0.543134 0.823306 0.32985
351.8 0.786301 0.569485 0.630291 0.842301 0.374148
352.5 0.781105 0.58615 0.730325 0.872526 0.418512
353.2 0.779548 0.626499 0.840309 0.915055 0.459158
353.9 0.782153 0.698153 0.952893 0.96939 0.491491
354.6 0.788935 0.805847 1.05535 1.03288 0.510878
355.3 0.79939 0.947494 1.1314 1.10073 0.513928
356 0.812594 1.11174 1.16611 1.16681 0.499701
356.7 0.827369 1.27961 1.1522 1.22506 0.470263
357.4 0.842499 1.43108 1.09368 1.27126 0.430154
358.1 0.856962 1.55227 1.00358 1.30397 0.384816
358.8 0.870077 1.63846 0.897746 1.32415 0.338989
359.5 0.881521 1.69235 0.789481 1.33413 0.295879
360.2 0.891246 1.72026 0.687381 1.33656 0.257146
360.9 0.899374 1.72917 0.59572 1.33381 0.223316
361.6 0.906099 1.72513 0.515802 1.32773 0.194242
362.3 0.911639 1.71277 0.447258 1.31965 0.16946
363 0.916194 1.69539 0.388945 1.3105 0.148396
363.7 0.919944 1.67524 0.339477 1.30087 0.130481
364.4 0.923035 1.6538 0.297489 1.29115 0.115203
365.1 0.925591 1.63202 0.261755 1.28158 0.102122
365.8 0.92771 1.61049 0.231225 1.2723 0.0908689
366.5 0.929471 1.58958 0.205021 1.26339 0.0811389
367.2 0.930939 1.56948 0.182416 1.25489 0.072682
367.9 0.932165 1.55028 0.162819 1.24682 0.0652938
368.6 0.93319 1.53204 0.145749 1.23915 0.05881
369.3 0.934046 1.51478 0.130843 1.23191 0.0531059
370 0.934758 1.49848 0.117798 1.22507 0.0480781
370.7 0.935349 1.48312 0.106356 1.21862 0.0436378
371.4 0.935838 1.46868 0.0962971 1.21254 0.0397088
372.1 0.93624 1.4551 0.0874359 1.20682 0.0362258
372.8 0.936569 1.44234 0.079613 1.20143 0.0331325
373.5 0.936835 1.43036 0.0726927 1.19636 0.0303807
374.2 0.937049 1.41911 0.0665591 1.19159 0.0279287
374.9 0.937217 1.40853 0.0611131 1.18709 0.0257406
375.6 0.937347 1.39859 0.0562697 1.18286 0.0237854
376.3 0.937445 1.38925 0.0519555 1.17887 0.0220362
377 0.937516 1.38045 0.0481076 1.1751 0.0204695
377.7 0.937563 1.37217 0.0446715 1.17155 0.0190651
378.4 0.93759 1.36438 0.0416001 1.1682 0.0178052
379.1 0.9376 1.35702 0.0388524 1.16503 0.0166744
379.8 0.937596 1.35009 0.0363929 1.16204 0.0156591
380.5 0.937581 1.34355 0.0341906 1.15921 0.0147474
381.2 0.937554 1.33736 0.0322184 1.15653 0.0139289
381.9 0.93752 1.33152 0.0304523 1.15399 0.0131943
382.6 0.937478 1.32599 0.0288677 1.15158 0.0125339
383.3 0.937431 1.32074 0.027441 1.1493 0.0119381
384 0.937378 1.31576 0.0261517 1.14712 0.0113988
384.7 0.937322 1.31101 0.0249825 1.14504 0.0109089
385.4 0.937263 1.30648 0.0239183 1.14306 0.0104624
386.1 0.937201 1.30215 0.0229462 1.14116 0.0100539
386.8 0.937138 1.298 0.0220552 1.13934 0.00967892
387.5 0.937072 1.29403 0.0212353 1.13759 0.00933347
388.2 0.937006 1.29021 0.0204783 1.13591 0.00901407
388.9 0.936938 1.28653 0.0197767 1.13429 0.00871767
389.6 0.93687 1.28299 0.019124 1.13272 0.0084416
390.3 0.936801 1.27958 0.0185146 1.13121 0.00818351
391 0.936732 1.27628 0.0179435 1.12975 0.00794133
391.7 0.936663 1.27308 0.0174063 1.12834 0.00771324
392.4 0.936594 1.26999 0.0168991 1.12696 0.00749762
393.1 0.936525 1.267 0.0164186 1.12563 0.00729305
393.8 0.936456 1.26409 0.0159617 1.12434 0.00709827
394.5 0.936387 1.26126 0.0155258 1.12308 0.00691216
395.2 0.936318 1.25852 0.0151086 1.12186 0.00673374
395.9 0.93625 1.25584 0.0147079 1.12066 0.00656214
396.6 0.936182 1.25324 0.0143219 1.1195 0.00639658
397.3 0.936115 1.25069 0.0139491 1.11836 0.00623639
398 0.936048 1.24822 0.0135881 1.11725 0.00608101
398.7 0.935981 1.2458 0.0132381 1.11617 0.00593013
399.4 0.935915 1.24344 0.0128986 1.11511 0.00578353
400.1 0.93585 1.24115 0.0125691 1.11408 0.00564102
400.8 0.935786 1.23892 0.0122492 1.11308 0.00550239
401.5 0.935722 1.23675 0.0119384 1.1121 0.00536748
402.2 0.935659 1.23463 0.0116362 1.11115 0.00523609
402.9 0.935598 1.23258 0.0113422 1.11023 0.00510806
403.6 0.935537 1.23058 0.0110561 1.10933 0.00498323
404.3 0.935477 1.22864 0.0107774 1.10845 0.00486145
405 0.935419 1.22676 0.0105058 1.1076 0.00474257
405.7 0.935361 1.22493 0.0102409 1.10678 0.00462646
406.4 0.935305 1.22315 0.00998247 1.10597 0.00451299
407.1 0.93525 1.22143 0.00973014 1.10519 0.00440201
407.8 0.935196 1.21976 0.00948363 1.10444 0.00429343
408.5 0.935143 1.21814 0.00924263 1.1037 0.00418711
409.2 0.935092 1.21656 0.00900689 1.10299 0.00408295
409.9 0.935041 1.21504 0.00877613 1.10229 0.00398085
410.6 0.934992 1.21356 0.00855012 1.10162 0.0038807
411.3 0.934944 1.21212 0.00832861 1.10097 0.0037824
412 0.934897 1.21073 0.00811138 1.10034 0.00368586
412.7 0.934852 1.20938 0.00789819 1.09972 0.00359099
413.4 0.934807 1.20807 0.00768884 1.09913 0.0034977
414.1 0.934764 1.2068 0.00748326 1.09855 0.00340596
414.8 0.934722 1.20558 0.00728166 1.09799 0.0033159
415.5 0.934681 1.20438 0.00708427 1.09745 0.00322761
416.2 0.934641 1.20322 0.0068913 1.09692 0.0031412
416.9 0.934601 1.2021 0.00670291 1.09641 0.00305676
417.6 0.934563 1.20101 0.00651924 1.09591 0.00297435
418.3 0.934526 1.19994 0.0063404 1.09542 0.00289404
419 0.934489 1.19891 0.00616649 1.09495 0.00281588
419.7 0.934453 1.1979 0.00599758 1.09449 0.00273989
420.4 0.934418 1.19692 0.00583373 1.09404 0.00266613
421.1 0.934383 1.19597 0.00567497 1.09361 0.00259461
421.8 0.934349 1.19504 0.00552134 1.09318 0.00252536
422.5 0.934316 1.19413 0.00537286 1.09277 0.00245838
423.2 0.934283 1.19325 0.00522953 1.09236 0.00239368
423.9 0.934251 1.19239 0.00509135 1.09197 0.00233128
424.6 0.93422 1.19155 0.00495831 1.09158 0.00227116
425.3 0.934189 1.19072 0.00483039 1.09121 0.00221333
426 0.934158 1.18992 0.00470756 1.09084 0.00215777
426.7 0.934128 1.18914 0.00458979 1.09048 0.00210449
427.4 0.934099 1.18837 0.00447706 1.09013 0.00205346
428.1 0.934069 1.18762 0.00436931 1.08978 0.00200467
428.8 0.934041 1.18689 0.00426651 1.08945 0.00195811
429.5 0.934012 1.18618 0.00416861 1.08912 0.00191375
430.2 0.933985 1.18547 0.00407556 1.0888 0.00187159
430.9 0.933957 1.18479 0.00398729 1.08848 0.00183158
431.6 0.93393 1.18412 0.00390366 1.08817 0.00179368
432.3 0.933903 1.18346 0.00382443 1.08787 0.00175776
433 0.933876 1.18281 0.00374937 1.08757 0.00172373
433.7 0.93385 1.18218 0.00367829 1.08728 0.00169151
434.4 0.933824 1.18156 0.00361099 1.087 0.00166099
435.1 0.933798 1.18095 0.00354728 1.08671 0.00163211
435.8 0.933773 1.18034 0.003487 1.08644 0.00160479
436.5 0.933747 1.17975 0.00342999 1.08616 0.00157895
437.2 0.933722 1.17916 0.00337609 1.08589 0.00155452
437.9 0.933697 1.17859 0.00332516 1.08563 0.00153144
438.6 0.933673 1.17802 0.00327706 1.08537 0.00150966
439.3 0.933648 1.17746 0.00323166 1.08511 0.0014891
440 0.933624 1.1769 0.00318885 1.08485 0.00146972
440.7 0.933599 1.17635 0.00314849 1.0846 0.00145146
441.4 0.933575 1.17581 0.00311049 1.08435 0.00143427
442.1 0.933551 1.17527 0.00307473 1.0841 0.0014181
442.8 0.933527 1.17473 0.0030411 1.08385 0.00140291
443.5 0.933503 1.17421 0.00300952 1.08361 0.00138866
444.2 0.933479 1.17368 0.00297989 1.08337 0.00137529
444.9 0.933455 1.17316 0.00295211 1.08313 0.00136277
445.6 0.933431 1.17265 0.00292611 1.08289 0.00135107
446.3 0.933408 1.17213 0.00290179 1.08265 0.00134013
447 0.933384 1.17163 0.00287908 1.08242 0.00132993
447.7 0.93336 1.17112 0.0028579 1.08218 0.00132043
448.4 0.933337 1.17062 0.00283818 1.08195 0.0013116
449.1 0.933313 1.17012 0.00281984 1.08172 0.0013034
449.8 0.93329 1.16962 0.00280281 1.08149 0.00129581
450.5 0.933266 1.16913 0.00278703 1.08126 0.00128878
451.2 0.933243 1.16864 0.00277242 1.08104 0.0012823
451.9 0.933219 1.16815 0.00275889 1.08081 0.00127631
452.6 0.933196 1.16767 0.00274631 1.08059 0.00127075
453.3 0.933173 1.16718 0.00273453 1.08036 0.00126556
454 0.93315 1.16671 0.00272345 1.08014 0.00126069
454.7 0.933127 1.16623 0.00271295 1.07992 0.00125608
455.4 0.933104 1.16576 0.00270292 1.0797 0.00125169
456.1 0.933081 1.1653 0.00269327 1.07949 0.00124748
456.8 0.933058 1.16483 0.00268392 1.07928 0.00124339
457.5 0.933036 1.16438 0.00267477 1.07906 0.00123939
458.2 0.933014 1.16393 0.00266575 1.07886 0.00123545
458.9 0.932992 1.16348 0.00265678 1.07865 0.00123153
459.6 0.93297 1.16304 0.00264781 1.07844 0.00122761
460.3 0.932949 1.16261 0.00263878 1.07824 0.00122365
461 0.932927 1.16218 0.00262962 1.07804 0.00121962
461.7 0.932906 1.16175 0.00262028 1.07785 0.00121552
462.4 0.932886 1.16133 0.00261073 1.07765 0.00121131
463.1 0.932865 1.16092 0.00260092 1.07746 0.00120697
463.8 0.932845 1.16052 0.00259081 1.07727 0.00120249
464.5 0.932825 1.16011 0.00258036 1.07709 0.00119784
465.2 0.932805 1.15972 0.00256955 1.0769 0.00119303
465.9 0.932786 1.15933 0.00255835 1.07672 0.00118802
466.6 0.932767 1.15895 0.00254672 1.07655 0.00118282
467.3 0.932748 1.15857 0.00253465 1.07637 0.00117741
468 0.93273 1.1582 0.00252212 1.0762 0.00117177
468.7 0.932712 1.15784 0.00250911 1.07603 0.00116591
469.4 0.932694 1.15748 0.00249559 1.07586 0.00115981
470.1 0.932677 1.15713 0.00248156 1.0757 0.00115346
470.8 0.932659 1.15679 0.002467 1.07554 0.00114687
471.5 0.932642 1.15645 0.0024519 1.07538 0.00114001
472.2 0.932626 1.15611 0.00243626 1.07523 0.00113291
472.9 0.93261 1.15578 0.00242012 1.07507 0.00112556
473.6 0.932594 1.15546 0.00240351 1.07492 0.00111799
474.3 0.932578 1.15515 0.00238648 1.07478 0.00111022
475 0.932562 1.15483 0.00236905 1.07463 0.00110226
475.7 0.932547 1.15453 0.00235127 1.07449 0.00109413
476.4 0.932532 1.15423 0.00233315 1.07435 0.00108584
477.1 0.932517 1.15393 0.00231474 1.07421 0.00107742
477.8 0.932503 1.15363 0.00229606 1.07407 0.00106886
478.5 0.932488 1.15335 0.00227714 1.07394 0.00106018
479.2 0.932474 1.15306 0.00225799 1.07381 0.0010514
479.9 0.93246 1.15278 0.00223866 1.07368 0.00104252
480.6 0.932447 1.1525 0.00221915 1.07355 0.00103356
481.3 0.932433 1.15223 0.0021995 1.07342 0.00102453
482 0.93242 1.15196 0.00217972 1.07329 0.00101543
482.7 0.932406 1.15169 0.00215983 1.07317 0.00100628
483.4 0.932393 1.15143 0.00213985 1.07305 0.000997089
484.1 0.93238 1.15117 0.0021198 1.07292 0.000987859
484.8 0.932367 1.15091 0.00209969 1.0728 0.000978599
485.5 0.932355 1.15065 0.00207955 1.07269 0.000969319
486.2 0.932342 1.1504 0.00205938 1.07257 0.000960025
486.9 0.93233 1.15015 0.00203921 1.07245 0.000950725
487.6 0.932317 1.1499 0.00201905 1.07234 0.000941424
488.3 0.932305 1.14966 0.0019989 1.07222 0.000932131
489 0.932293 1.14942 0.00197879 1.07211 0.000922849
489.7 0.932281 1.14918 0.00195872 1.072 0.000913586
490.4 0.932269 1.14894 0.00193871 1.07189 0.000904347
491.1 0.932258 1.1487 0.00191877 1.07178 0.000895136
491.8 0.932246 1.14847 0.00189891 1.07167 0.00088596
492.5 0.932234 1.14824 0.00187913 1.07156 0.000876823
493.2 0.932223 1.14801 0.00185946 1.07145 0.000867728
493.9 0.932211 1.14778 0.00183989 1.07135 0.000858682
494.6 0.9322 1.14755 0.00182044 1.07124 0.000849687
495.3 0.932189 1.14733 0.00180111 1.07114 0.000840748
496 0.932177 1.14711 0.00178191 1.07103 0.000831869
496.7 0.932166 1.14689 0.00176286 1.07093 0.000823055
497.4 0.932155 1.14667 0.00174399 1.07083 0.000814319
498.1 0.932144 1.14645 0.00172531 1.07072 0.000805675
498.8 0.932133 1.14623 0.00170686 1.07062 0.000797136
499.5 0.932122 1.14602 0.00168867 1.07052 0.000788714
500.2 0.932112 1.1458 0.00167076 1.07042 0.000780421
500.9 0.932101 1.14559 0.00165315 1.07032 0.000772266
501.6 0.93209 1.14538 0.00163586 1.07022 0.00076426
502.3 0.932079 1.14517 0.00161891 1.07013 0.000756412
503 0.932069 1.14496 0.00160233 1.07003 0.000748731
503.7 0.932058 1.14475 0.00158612 1.06993 0.000741225
504.4 0.932048 1.14455 0.00157031 1.06984 0.000733901
505.1 0.932037 1.14434 0.0015549 1.06974 0.000726767
505.8 0.932027 1.14414 0.00153992 1.06965 0.000719829
506.5 0.932016 1.14394 0.00152538 1.06955 0.000713092
507.2 0.932006 1.14374 0.00151128 1.06946 0.000706563
507.9 0.931995 1.14354 0.00149764 1.06936 0.000700247
508.6 0.931985 1.14334 0.00148446 1.06927 0.000694147
509.3 0.931975 1.14314 0.00147176 1.06918 0.000688267
510 0.931965 1.14295 0.00145954 1.06909 0.000682613
510.7 0.931954 1.14275 0.00144782 1.069 0.000677186
511.4 0.931944 1.14256 0.00143659 1.0689 0.000671989
512.1 0.931934 1.14236 0.00142585 1.06881 0.000667026
512.8 0.931924 1.14217 0.00141563 1.06872 0.000662298
513.5 0.931914 1.14198 0.00140591 1.06863 0.000657807
514.2 0.931904 1.14179 0.00139671 1.06855 0.000653554
514.9 0.931894 1.1416 0.00138801 1.06846 0.000649541
515.6 0.931884 1.14141 0.00137984 1.06837 0.000645769
516.3 0.931874 1.14123 0.00137218 1.06828 0.000642237
517 0.931864 1.14104 0.00136504 1.06819 0.000638946
517.7 0.931854 1.14085 0.00135841 1.06811 0.000635897
518.4 0.931844 1.14067 0.00135231 1.06802 0.000633089
519.1 0.931834 1.14049 0.00134671 1.06794 0.000630522
519.8 0.931824 1.1403 0.00134163 1.06785 0.000628194
520.5 0.931814 1.14012 0.00133707 1.06777 0.000626105
521.2 0.931804 1.13994 0.00133301 1.06768 0.000624254
521.9 0.931794 1.13976 0.00132943 1.0676 0.000622628
522.6 0.931785 1.13958 0.00132629 1.06751 0.000621205
523.3 0.931775 1.1394 0.00132352 1.06743 0.000619958
524 0.931765 1.13923 0.00132109 1.06735 0.000618864
524.7 0.931756 1.13905 0.00131893 1.06726 0.000617902
525.4 0.931746 1.13888 0.00131701 1.06718 0.00061705
526.1 0.931737 1.13871 0.00131528 1.0671 0.000616288
526.8 0.931727 1.13853 0.00131371 1.06702 0.000615596
527.5 0.931718 1.13836 0.00131225 1.06694 0.000614958
528.2 0.931708 1.13819 0.00131086 1.06686 0.000614355
528.9 0.931699 1.13803 0.00130952 1.06678 0.000613771
529.6 0.93169 1.13786 0.00130819 1.06671 0.000613192
530.3 0.931681 1.13769 0.00130684 1.06663 0.000612603
531 0.931672 1.13753 0.00130544 1.06655 0.000611989
531.7 0.931663 1.13737 0.00130395 1.06648 0.000611338
532.4 0.931654 1.13721 0.00130237 1.0664 0.000610639
533.1 0.931645 1.13705 0.00130066 1.06633 0.000609878
533.8 0.931636 1.13689 0.00129879 1.06625 0.000609046
534.5 0.931628 1.13674 0.00129676 1.06618 0.000608133
535.2 0.931619 1.13658 0.00129453 1.06611 0.000607129
535.9 0.931611 1.13643 0.00129209 1.06604 0.000606024
536.6 0.931602 1.13628 0.00128942 1.06597 0.000604811
537.3 0.931594 1.13613 0.0012865 1.0659 0.000603482
538 0.931586 1.13598 0.00128332 1.06583 0.000602028
538.7 0.931578 1.13584 0.00127986 1.06576 0.000600445
539.4 0.93157 1.1357 0.00127611 1.06569 0.000598723
540.1 0.931562 1.13555 0.00127205 1.06562 0.000596859
540.8 0.931554 1.13541 0.00126768 1.06556 0.000594846
541.5 0.931547 1.13527 0.00126299 1.06549 0.000592678
542.2 0.931539 1.13514 0.00125795 1.06543 0.000590351
542.9 0.931532 1.135 0.00125257 1.06536 0.00058786
543.6 0.931525 1.13487 0.00124683 1.0653 0.000585201
544.3 0.931517 1.13473 0.00124073 1.06524 0.00058237
545 0.93151 1.1346 0.00123425 1.06518 0.000579363
545.7 0.931503 1.13448 0.00122739 1.06512 0.000576177
546.4 0.931496 1.13435 0.00122015 1.06506 0.000572808
547.1 0.931489 1.13422 0.00121251 1.065 0.000569253
547.8 0.931483 1.1341 0.00120447 1.06494 0.00056551
548.5 0.931476 1.13398 0.00119603 1.06488 0.000561576
549.2 0.93147 1.13386 0.00118718 1.06483 0.00055745
549.9 0.931463 1.13374 0.00117795 1.06477 0.000553145
550.6 0.931457 1.13362 0.00116837 1.06472 0.000548678
551.3 0.931451 1.13351 0.00115849 1.06466 0.000544065
552 0.931445 1.13339 0.00114833 1.06461 0.000539321
552.7 0.931439 1.13328 0.00113793 1.06456 0.000534462
553.4 0.931433 1.13317 0.00112731 1.0645 0.000529503
554.1 0.931427 1.13306 0.00111651 1.06445 0.000524455
554.8 0.931421 1.13295 0.00110556 1.0644 0.000519334
555.5 0.931415 1.13284 0.00109447 1.06435 0.00051415
556.2 0.93141 1.13273 0.00108328 1.0643 0.000508918
556.9 0.931404 1.13263 0.00107201 1.06425 0.000503648
557.6 0.931398 1.13252 0.00106069 1.0642 0.000498351
558.3 0.931393 1.13242 0.00104934 1.06415 0.000493038
559 0.931387 1.13232 0.00103797 1.0641 0.00048772
559.7 0.931382 1.13222 0.00102662 1.06406 0.000482407
560.4 0.931377 1.13211 0.00101529 1.06401 0.000477107
561.1 0.931371 1.13201 0.00100402 1.06396 0.000471831
561.8 0.931366 1.13192 0.000992818 1.06392 0.000466587
562.5 0.931361 1.13182 0.000981703 1.06387 0.000461384
563.2 0.931356 1.13172 0.000970692 1.06382 0.000456228
563.9 0.93135 1.13162 0.000959803 1.06378 0.00045113
564.6 0.931345 1.13152 0.00094905 1.06373 0.000446095
565.3 0.93134 1.13143 0.000938449 1.06369 0.00044113
566 0.931335 1.13133 0.000928014 1.06364 0.000436244
566.7 0.93133 1.13124 0.00091776 1.0636 0.000431442
567.4 0.931325 1.13114 0.000907699 1.06355 0.00042673
568.1 0.93132 1.13105 0.000897845 1.06351 0.000422115
568.8 0.931315 1.13096 0.000888209 1.06346 0.000417602
569.5 0.93131 1.13086 0.000878802 1.06342 0.000413196
570.2 0.931305 1.13077 0.000869636 1.06338 0.000408903
570.9 0.9313 1.13068 0.000860721 1.06333 0.000404728
571.6 0.931295 1.13059 0.000852068 1.06329 0.000400675
572.3 0.93129 1.13049 0.000843684 1.06325 0.000396749
573 0.931285 1.1304 0.00083558 1.0632 0.000392954
573.7 0.93128 1.13031 0.000827764 1.06316 0.000389293
574.4 0.931275 1.13022 0.000820243 1.06312 0.000385772
575.1 0.93127 1.13013 0.000813025 1.06308 0.000382393
575.8 0.931265 1.13004 0.000806118 1.06303 0.000379159
576.5 0.93126 1.12995 0.000799527 1.06299 0.000376074
577.2 0.931255 1.12986 0.000793258 1.06295 0.00037314
577.9 0.93125 1.12977 0.000787319 1.06291 0.000370361
578.6 0.931245 1.12968 0.000781713 1.06287 0.000367738
579.3 0.93124 1.1296 0.000776445 1.06282 0.000365274
580 0.931235 1.12951 0.000771521 1.06278 0.000362972
580.7 0.931231 1.12942 0.000766943 1.06274 0.000360833
581.4 0.931226 1.12933 0.000762717 1.0627 0.000358858
582.1 0.931221 1.12924 0.000758844 1.06266 0.00035705
582.8 0.931216 1.12915 0.000755325 1.06262 0.000355408
583.5 0.931211 1.12907 0.000752139 1.06258 0.000353922
584.2 0.931206 1.12898 0.000749265 1.06253 0.000352584
584.9 0.931201 1.12889 0.000746683 1.06249 0.000351382
585.6 0.931196 1.1288 0.000744371 1.06245 0.000350308
586.3 0.931191 1.12872 0.000742311 1.06241 0.000349352
587 0.931186 1.12863 0.000740482 1.06237 0.000348505
587.7 0.931181 1.12854 0.000738867 1.06233 0.000347758
588.4 0.931176 1.12846 0.000737447 1.06229 0.000347103
589.1 0.931171 1.12837 0.000736206 1.06225 0.000346532
589.8 0.931166 1.12829 0.000735127 1.06221 0.000346037
590.5 0.931161 1.1282 0.000734194 1.06217 0.000345611
591.2 0.931156 1.12812 0.000733392 1.06213 0.000345246
591.9 0.931152 1.12803 0.000732705 1.06209 0.000344936
592.6 0.931147 1.12795 0.000732119 1.06205 0.000344673
593.3 0.931142 1.12786 0.000731622 1.06201 0.000344451
594 0.931137 1.12778 0.000731198 1.06197 0.000344265
594.7 0.931132 1.1277 0.000730837 1.06193 0.000344107
595.4 0.931128 1.12762 0.000730525 1.06189 0.000343973
596.1 0.931123 1.12753 0.000730251 1.06185 0.000343857
596.8 0.931118 1.12745 0.000730004 1.06182 0.000343753
597.5 0.931113 1.12737 0.000729773 1.06178 0.000343656
598.2 0.931109 1.12729 0.000729547 1.06174 0.000343562
598.9 0.931104 1.12721 0.000729317 1.0617 0.000343466
599.6 0.931099 1.12713 0.000729072 1.06166 0.000343363
600.3 0.931095 1.12705 0.000728805 1.06163 0.000343249
601 0.93109 1.12697 0.000728506 1.06159 0.000343121
601.7 0.931086 1.12689 0.000728167 1.06155 0.000342973
602.4 0.931081 1.12682 0.00072778 1.06152 0.000342802
603.1 0.931077 1.12674 0.000727338 1.06148 0.000342606
603.8 0.931072 1.12666 0.000726832 1.06144 0.000342379
604.5 0.931068 1.12659 0.000726257 1.06141 0.00034212
605.2 0.931063 1.12651 0.000725605 1.06137 0.000341824
605.9 0.931059 1.12644 0.000724871 1.06134 0.000341489
606.6 0.931055 1.12636 0.000724047 1.0613 0.000341113
607.3 0.93105 1.12629 0.000723129 1.06127 0.000340692
608 0.931046 1.12621 0.000722111 1.06123 0.000340223
608.7 0.931042 1.12614 0.000720988 1.0612 0.000339705
609.4 0.931038 1.12607 0.000719755 1.06116 0.000339135
610.1 0.931034 1.126 0.000718406 1.06113 0.00033851
610.8 0.93103 1.12592 0.000716939 1.0611 0.00033783
611.5 0.931025 1.12585 0.000715348 1.06106 0.00033709
612.2 0.931021 1.12578 0.000713629 1.06103 0.000336291
612.9 0.931017 1.12571 0.000711779 1.061 0.00033543
613.6 0.931013 1.12564 0.000709794 1.06096 0.000334505
614.3 0.931009 1.12558 0.000707671 1.06093 0.000333514
615 0.931006 1.12551 0.000705406 1.0609 0.000332457
615.7 0.931002 1.12544 0.000702996 1.06087 0.000331331
616.4 0.930998 1.12537 0.000700439 1.06084 0.000330135
617.1 0.930994 1.12531 0.000697731 1.0608 0.000328869
617.8 0.93099 1.12524 0.000694875 1.06077 0.000327532
618.5 0.930987 1.12517 0.000691877 1.06074 0.000326129
619.2 0.930983 1.12511 0.000688746 1.06071 0.000324662
619.9 0.930979 1.12505 0.000685487 1.06068 0.000323135
620.6 0.930976 1.12498 0.000682108 1.06065 0.000321552
621.3 0.930972 1.12492 0.000678616 1.06062 0.000319914
622 0.930968 1.12486 0.000675018 1.06059 0.000318227
622.7 0.930965 1.12479 0.000671318 1.06056 0.000316491
623.4 0.930961 1.12473 0.000667524 1.06053 0.000314711
624.1 0.930958 1.12467 0.000663642 1.0605 0.00031289
624.8 0.930954 1.12461 0.000659676 1.06048 0.000311029
625.5 0.930951 1.12455 0.000655634 1.06045 0.000309131
626.2 0.930948 1.12449 0.00065152 1.06042 0.000307199
626.9 0.930944 1.12443 0.000647339 1.06039 0.000305236
627.6 0.930941 1.12437 0.000643096 1.06036 0.000303244
628.3 0.930937 1.12431 0.000638797 1.06033 0.000301224
629 0.930934 1.12425 0.000634446 1.06031 0.00029918
629.7 0.930931 1.12419 0.000630048 1.06028 0.000297114
630.4 0.930928 1.12413 0.000625607 1.06025 0.000295027
631.1 0.930924 1.12408 0.000621128 1.06023 0.000292923
631.8 0.930921 1.12402 0.000616614 1.0602 0.000290801
632.5 0.930918 1.12396 0.000612071 1.06017 0.000288666
633.2 0.930915 1.12391 0.000607501 1.06014 0.000286518
633.9 0.930912 1.12385 0.000602909 1.06012 0.000284359
634.6 0.930908 1.12379 0.000598298 1.06009 0.000282192
635.3 0.930905 1.12374 0.000593672 1.06007 0.000280017
636 0.930902 1.12368 0.000589035 1.06004 0.000277837
636.7 0.930899 1.12363 0.00058439 1.06001 0.000275652
637.4 0.930896 1.12357 0.00057974 1.05999 0.000273466
638.1 0.930893 1.12352 0.000575089 1.05996 0.000271278
638.8 0.93089 1.12347 0.000570438 1.05994 0.000269091
639.5 0.930887 1.12341 0.000565793 1.05991 0.000266906
640.2 0.930884 1.12336 0.000561154 1.05989 0.000264724
640.9 0.930881 1.1233 0.000556526 1.05986 0.000262547
641.6 0.930878 1.12325 0.00055191 1.05984 0.000260375
642.3 0.930875 1.1232 0.00054731 1.05981 0.000258211
643 0.930872 1.12315 0.000542728 1.05979 0.000256055
643.7 0.930869 1.12309 0.000538166 1.05976 0.000253909
644.4 0.930866 1.12304 0.000533627 1.05974 0.000251773
645.1 0.930863 1.12299 0.000529113 1.05971 0.000249649
645.8 0.93086 1.12294 0.000524626 1.05969 0.000247538
646.5 0.930857 1.12289 0.000520168 1.05966 0.00024544
647.2 0.930854 1.12283 0.000515742 1.05964 0.000243358
647.9 0.930851 1.12278 0.00051135 1.05962 0.00024129
648.6 0.930848 1.12273 0.000506992 1.05959 0.00023924
649.3 0.930846 1.12268 0.000502672 1.05957 0.000237206
650 0.930843 1.12263 0.00049839 1.05954 0.000235191
650.7 0.93084 1.12258 0.000494149 1.05952 0.000233195
651.4 0.930837 1.12253 0.000489951 1.0595 0.000231219
652.1 0.930834 1.12248 0.000485796 1.05947 0.000229263
652.8 0.930831 1.12243 0.000481687 1.05945 0.000227329
653.5 0.930829 1.12238 0.000477624 1.05943 0.000225417
654.2 0.930826 1.12233 0.00047361 1.0594 0.000223527
654.9 0.930823 1.12228 0.000469645 1.05938 0.00022166
655.6 0.93082 1.12224 0.000465731 1.05936 0.000219818
656.3 0.930817 1.12219 0.000461869 1.05933 0.000218
657 0.930815 1.12214 0.00045806 1.05931 0.000216207
657.7 0.930812 1.12209 0.000454306 1.05929 0.000214439
658.4 0.930809 1.12204 0.000450607 1.05926 0.000212698
659.1 0.930806 1.12199 0.000446964 1.05924 0.000210983
659.8 0.930804 1.12195 0.000443379 1.05922 0.000209295
660.5 0.930801 1.1219 0.000439851 1.0592 0.000207634
661.2 0.930798 1.12185 0.000436378 1.05917 0.000205999
661.9 0.930795 1.1218 0.000432959 1.05915 0.000204389
662.6 0.930793 1.12175 0.00042959 1.05913 0.000202804
663.3 0.93079 1.12171 0.000426272 1.05911 0.000201241
664 0.930787 1.12166 0.000423001 1.05908 0.000199701
664.7 0.930785 1.12161 0.000419776 1.05906 0.000198183
665.4 0.930782 1.12157 0.000416596 1.05904 0.000196685
666.1 0.930779 1.12152 0.000413458 1.05902 0.000195208
666.8 0.930776 1.12147 0.000410362 1.059 0.00019375
667.5 0.930774 1.12143 0.000407305 1.05897 0.000192311
668.2 0.930771 1.12138 0.000404287 1.05895 0.00019089
668.9 0.930769 1.12134 0.000401305 1.05893 0.000189486
669.6 0.930766 1.12129 0.000398358 1.05891 0.000188098
670.3 0.930763 1.12124 0.000395446 1.05889 0.000186727
671 0.930761 1.1212 0.000392566 1.05887 0.000185371
671.7 0.930758 1.12115 0.000389717 1.05885 0.000184029
672.4 0.930755 1.12111 0.000386898 1.05882 0.000182702
673.1 0.930753 1.12106 0.000384108 1.0588 0.000181388
673.8 0.93075 1.12102 0.000381345 1.05878 0.000180087
674.5 0.930748 1.12097 0.000378609 1.05876 0.000178798
675.2 0.930745 1.12093 0.000375898 1.05874 0.000177521
675.9 0.930742 1.12088 0.00037321 1.05872 0.000176256
676.6 0.93074 1.12084 0.000370546 1.0587 0.000175001
677.3 0.930737 1.1208 0.000367904 1.05868 0.000173757
678 0.930735 1.12075 0.000365283 1.05866 0.000172522
678.7 0.930732 1.12071 0.000362681 1.05863 0.000171297
679.4 0.93073 1.12066 0.000360099 1.05861 0.00017008
680.1 0.930727 1.12062 0.000357535 1.05859 0.000168873
680.8 0.930725 1.12058 0.000354988 1.05857 0.000167673
681.5 0.930722 1.12053 0.000352457 1.05855 0.00016648
682.2 0.93072 1.12049 0.000349941 1.05853 0.000165295
682.9 0.930717 1.12045 0.00034744 1.05851 0.000164117
683.6 0.930715 1.12041 0.000344953 1.05849 0.000162945
684.3 0.930712 1.12036 0.000342479 1.05847 0.00016178
685 0.93071 1.12032 0.000340017 1.05845 0.00016062
685.7 0.930707 1.12028 0.000337566 1.05843 0.000159465
686.4 0.930705 1.12024 0.000335127 1.05841 0.000158316
687.1 0.930702 1.12019 0.000332697 1.05839 0.000157171
687.8 0.9307 1.12015 0.000330277 1.05837 0.000156031
688.5 0.930697 1.12011 0.000327866 1.05835 0.000154894
689.2 0.930695 1.12007 0.000325463 1.05833 0.000153762
689.9 0.930693 1.12003 0.000323067 1.05831 0.000152633
690.6 0.93069 1.11999 0.000320679 1.05829 0.000151507
691.3 0.930688 1.11994 0.000318296 1.05827 0.000150385
692 0.930685 1.1199 0.00031592 1.05825 0.000149265
692.7 0.930683 1.11986 0.000313549 1.05824 0.000148147
693.4 0.930681 1.11982 0.000311184 1.05822 0.000147032
694.1 0.930678 1.11978 0.000308822 1.0582 0.000145919
694.8 0.930676 1.11974 0.000306464 1.05818 0.000144808
695.5 0.930674 1.1197 0.00030411 1.05816 0.000143698
696.2 0.930671 1.11966 0.000301759 1.05814 0.000142589
696.9 0.930669 1.11962 0.00029941 1.05812 0.000141482
697.6 0.930666 1.11958 0.000297064 1.0581 0.000140376
698.3 0.930664 1.11954 0.000294719 1.05808 0.00013927
699 0.930662 1.1195 0.000292376 1.05806 0.000138165
699.7 0.93066 1.11946 0.000290033 1.05805 0.000137061
700.4 0.930657 1.11942 0.000287692 1.05803 0.000135957
701.1 0.930655 1.11938 0.00028535 1.05801 0.000134853
701.8 0.930653 1.11934 0.000283009 1.05799 0.000133749
702.5 0.93065 1.1193 0.000280668 1.05797 0.000132644
703.2 0.930648 1.11927 0.000278326 1.05795 0.00013154
703.9 0.930646 1.11923 0.000275983 1.05794 0.000130435
704.6 0.930644 1.11919 0.000273638 1.05792 0.000129329
705.3 0.930641 1.11915 0.000271293 1.0579 0.000128223
706 0.930639 1.11911 0.000268949 1.05788 0.000127117
706.7 0.930637 1.11907 0.000266606 1.05786 0.000126012
707.4 0.930635 1.11904 0.000264267 1.05784 0.000124908
708.1 0.930632 1.119 0.000261932 1.05783 0.000123807
708.8 0.93063 1.11896 0.000259604 1.05781 0.000122708
709.5 0.930628 1.11892 0.000257282 1.05779 0.000121613
710.2 0.930626 1.11889 0.00025497 1.05777 0.000120522
710.9 0.930624 1.11885 0.000252667 1.05776 0.000119435
711.6 0.930622 1.11881 0.000250374 1.05774 0.000118354
712.3 0.930619 1.11877 0.000248094 1.05772 0.000117278
713 0.930617 1.11874 0.000245827 1.0577 0.000116208
713.7 0.930615 1.1187 0.000243574 1.05769 0.000115145
714.4 0.930613 1.11866 0.000241336 1.05767 0.000114089
715.1 0.930611 1.11863 0.000239114 1.05765 0.00011304
715.8 0.930609 1.11859 0.000236909 1.05763 0.000112
716.5 0.930607 1.11856 0.000234723 1.05762 0.000110968
717.2 0.930604 1.11852 0.000232554 1.0576 0.000109944
717.9 0.930602 1.11848 0.000230406 1.05758 0.00010893
718.6 0.9306 1.11845 0.000228278 1.05757 0.000107926
719.3 0.930598 1.11841 0.000226171 1.05755 0.000106932
720 0.930596 1.11838 0.000224086 1.05753 0.000105948
720.7 0.930594 1.11834 0.000222024 1.05752 0.000104974
721.4 0.930592 1.11831 0.000219985 1.0575 0.000104012
722.1 0.93059 1.11827 0.00021797 1.05748 0.000103061
722.8 0.930588 1.11824 0.00021598 1.05747 0.000102121
723.5 0.930586 1.1182 0.000214015 1.05745 0.000101194
724.2 0.930584 1.11817 0.000212076 1.05744 0.000100279
724.9 0.930582 1.11813 0.000210163 1.05742 9.93757e-05
725.6 0.93058 1.1181 0.000208278 1.0574 9.84855e-05
726.3 0.930578 1.11807 0.000206419 1.05739 9.76082e-05
727 0.930576 1.11803 0.000204589 1.05737 9.67442e-05
727.7 0.930574 1.118 0.000202787 1.05736 9.58935e-05
728.4 0.930572 1.11797 0.000201014 1.05734 9.50564e-05
729.1 0.93057 1.11793 0.00019927 1.05732 9.42332e-05
729.8 0.930568 1.1179 0.000197556 1.05731 9.34239e-05
730.5 0.930566 1.11787 0.000195872 1.05729 9.26289e-05
731.2 0.930564 1.11783 0.000194218 1.05728 9.18481e-05
731.9 0.930562 1.1178 0.000192595 1.05726 9.10819e-05
732.6 0.93056 1.11777 0.000191003 1.05725 9.03304e-05
733.3 0.930558 1.11774 0.000189443 1.05723 8.95937e-05
734 0.930557 1.11771 0.000187914 1.05722 8.8872e-05
734.7 0.930555 1.11767 0.000186417 1.0572 8.81654e-05
735.4 0.930553 1.11764 0.000184952 1.05719 8.74739e-05
736.1 0.930551 1.11761 0.00018352 1.05717 8.67979e-05
736.8 0.930549 1.11758 0.000182121 1.05716 8.61372e-05
737.5 0.930547 1.11755 0.000180755 1.05714 8.54921e-05
738.2 0.930545 1.11752 0.000179421 1.05713 8.48627e-05
738.9 0.930543 1.11749 0.000178121 1.05711 8.4249e-05
739.6 0.930542 1.11745 0.000176855 1.0571 8.36511e-05
740.3 0.93054 1.11742 0.000175622 1.05708 8.30691e-05
741 0.930538 1.11739 0.000174423 1.05707 8.25031e-05
741.7 0.930536 1.11736 0.000173258 1.05705 8.19531e-05
742.4 0.930534 1.11733 0.000172127 1.05704 8.14192e-05
743.1 0.930533 1.1173 0.00017103 1.05703 8.09015e-05
743.8 0.930531 1.11727 0.000169967 1.05701 8.03999e-05
744.5 0.930529 1.11724 0.000168939 1.057 7.99146e-05
745.2 0.930527 1.11721 0.000167945 1.05698 7.94456e-05
745.9 0.930526 1.11718 0.000166986 1.05697 7.89929e-05
746.6 0.930524 1.11715 0.000166061 1.05696 7.85565e-05
747.3 0.930522 1.11713 0.000165172 1.05694 7.81365e-05
748 0.93052 1.1171 0.000164316 1.05693 7.77329e-05
748.7 0.930519 1.11707 0.000163496 1.05691 7.73458e-05
749.4 0.930517 1.11704 0.00016271 1.0569 7.6975e-05
750.1 0.930515 1.11701 0.000161959 1.05689 7.66207e-05
750.8 0.930513 1.11698 0.000161243 1.05687 7.62828e-05
751.5 0.930512 1.11695 0.000160561 1.05686 7.59614e-05
752.2 0.93051 1.11693 0.000159915 1.05685 7.56564e-05
752.9 0.930508 1.1169 0.000159303 1.05683 7.53679e-05
753.6 0.930507 1.11687 0.000158726 1.05682 7.50957e-05
754.3 0.930505 1.11684 0.000158183 1.05681 7.484e-05
755 0.930503 1.11682 0.000157675 1.05679 7.46008e-05
755.7 0.930502 1.11679 0.000157202 1.05678 7.43779e-05
756.4 0.9305 1.11676 0.000156764 1.05677 7.41713e-05
757.1 0.930499 1.11673 0.000156359 1.05676 7.39808e-05
757.8 0.930497 1.11671 0.000155987 1.05674 7.38057e-05
758.5 0.930495 1.11668 0.000155647 1.05673 7.36455e-05
759.2 0.930494 1.11665 0.000155336 1.05672 7.34995e-05
759.9 0.930492 1.11663 0.000155055 1.05671 7.33672e-05
760.6 0.93049 1.1166 0.000154801 1.05669 7.3248e-05
761.3 0.930489 1.11658 0.000154575 1.05668 7.31415e-05
762 0.930487 1.11655 0.000154373 1.05667 7.30471e-05
762.7 0.930486 1.11652 0.000154196 1.05666 7.29643e-05
763.4 0.930484 1.1165 0.000154043 1.05664 7.28926e-05
764.1 0.930483 1.11647 0.000153912 1.05663 7.28316e-05
764.8 0.930481 1.11645 0.000153803 1.05662 7.27806e-05
765.5 0.93048 1.11642 0.000153714 1.05661 7.27393e-05
766.2 0.930478 1.11639 0.000153644 1.0566 7.27073e-05
766.9 0.930476 1.11637 0.000153594 1.05658 7.2684e-05
767.6 0.930475 1.11634 0.00015356 1.05657 7.26691e-05
768.3 0.930473 1.11632 0.000153544 1.05656 7.2662e-05
769 0.930472 1.11629 0.000153543 1.05655 7.26625e-05
769.7 0.93047 1.11627 0.000153557 1.05654 7.26701e-05
770.4 0.930469 1.11624 0.000153586 1.05652 7.26843e-05
771.1 0.930467 1.11622 0.000153627 1.05651 7.27049e-05
771.8 0.930466 1.1162 0.000153682 1.0565 7.27314e-05
772.5 0.930464 1.11617 0.000153748 1.05649 7.27635e-05
773.2 0.930463 1.11615 0.000153825 1.05648 7.28007e-05
773.9 0.930461 1.11612 0.000153912 1.05647 7.28428e-05
774.6 0.93046 1.1161 0.000154009 1.05646 7.28894e-05
775.3 0.930458 1.11607 0.000154114 1.05644 7.29401e-05
776 0.930457 1.11605 0.000154228 1.05643 7.29947e-05
776.7 0.930455 1.11602 0.000154349 1.05642 7.30528e-05
777.4 0.930454 1.116 0.000154477 1.05641 7.31141e-05
778.1 0.930453 1.11598 0.000154611 1.0564 7.31782e-05
778.8 0.930451 1.11595 0.00015475 1.05639 7.3245e-05
779.5 0.93045 1.11593 0.000154894 1.05638 7.3314e-05
780.2 0.930448 1.11591 0.000155043 1.05636 7.3385e-05
780.9 0.930447 1.11588 0.000155195 1.05635 7.34578e-05
781.6 0.930445 1.11586 0.00015535 1.05634 7.3532e-05
782.3 0.930444 1.11583 0.000155507 1.05633 7.36074e-05
783 0.930442 1.11581 0.000155667 1.05632 7.36837e-05
783.7 0.930441 1.11579 0.000155828 1.05631 7.37606e-05
784.4 0.93044 1.11576 0.00015599 1.0563 7.3838e-05
785.1 0.930438 1.11574 0.000156152 1.05629 7.39156e-05
785.8 0.930437 1.11572 0.000156314 1.05627 7.39931e-05
786.5 0.930435 1.11569 0.000156476 1.05626 7.40703e-05
787.2 0.930434 1.11567 0.000156636 1.05625 7.41471e-05
787.9 0.930432 1.11565 0.000156795 1.05624 7.42231e-05
788.6 0.930431 1.11562 0.000156952 1.05623 7.42981e-05
789.3 0.93043 1.1156 0.000157106 1.05622 7.4372e-05
790 0.930428 1.11558 0.000157258 1.05621 7.44446e-05
790.7 0.930427 1.11555 0.000157406 1.0562 7.45156e-05
791.4 0.930425 1.11553 0.000157551 1.05619 7.45848e-05
792.1 0.930424 1.11551 0.000157692 1.05618 7.46522e-05
792.8 0.930423 1.11549 0.000157828 1.05617 7.47174e-05
793.5 0.930421 1.11546 0.000157959 1.05615 7.47804e-05
794.2 0.93042 1.11544 0.000158086 1.05614 7.48409e-05
794.9 0.930418 1.11542 0.000158206 1.05613 7.48988e-05
795.6 0.930417 1.11539 0.000158321 1.05612 7.49539e-05
796.3 0.930416 1.11537 0.00015843 1.05611 7.50061e-05
797 0.930414 1.11535 0.000158532 1.0561 7.50552e-05
797.7 0.930413 1.11533 0.000158627 1.05609 7.5101e-05
798.4 0.930411 1.1153 0.000158715 1.05608 7.51435e-05
799.1 0.93041 1.11528 0.000158796 1.05607 7.51825e-05
799.8 0.930409 1.11526 0.000158869 1.05606 7.52178e-05
800.5 0.930407 1.11524 0.000158934 1.05605 7.52493e-05
801.2 0.930406 1.11521 0.00015899 1.05604 7.5277e-05
801.9 0.930405 1.11519 0.000159039 1.05603 7.53006e-05
802.6 0.930403 1.11517 0.000159078 1.05602 7.532e-05
803.3 0.930402 1.11515 0.000159109 1.056 7.53352e-05
804 0.9304 1.11512 0.00015913 1.05599 7.5346e-05
804.7 0.930399 1.1151 0.000159142 1.05598 7.53524e-05
805.4 0.930398 1.11508 0.000159144 1.05597 7.53542e-05
806.1 0.930396 1.11506 0.000159136 1.05596 7.53513e-05
806.8 0.930395 1.11503 0.000159118 1.05595 7.53436e-05
807.5 0.930394 1.11501 0.00015909 1.05594 7.5331e-05
808.2 0.930392 1.11499 0.000159052 1.05593 7.53136e-05
808.9 0.930391 1.11497 0.000159003 1.05592 7.5291e-05
809.6 0.930389 1.11494 0.000158943 1.05591 7.52634e-05
810.3 0.930388 1.11492 0.000158872 1.0559 7.52306e-05
811 0.930387 1.1149 0.00015879 1.05589 7.51925e-05
811.7 0.930385 1.11488 0.000158697 1.05588 7.51491e-05
812.4 0.930384 1.11486 0.000158592 1.05587 7.51003e-05
813.1 0.930383 1.11483 0.000158476 1.05586 7.5046e-05
813.8 0.930381 1.11481 0.000158348 1.05585 7.49862e-05
814.5 0.93038 1.11479 0.000158208 1.05584 7.49208e-05
815.2 0.930379 1.11477 0.000158057 1.05582 7.48498e-05
815.9 0.930377 1.11474 0.000157893 1.05581 7.47731e-05
816.6 0.930376 1.11472 0.000157717 1.0558 7.46907e-05
817.3 0.930375 1.1147 0.00015753 1.05579 7.46024e-05
818 0.930373 1.11468 0.000157329 1.05578 7.45084e-05
818.7 0.930372 1.11466 0.000157117 1.05577 7.44084e-05
819.4 0.930371 1.11463 0.000156892 1.05576 7.43026e-05
820.1 0.930369 1.11461 0.000156654 1.05575 7.41909e-05
820.8 0.930368 1.11459 0.000156404 1.05574 7.40731e-05
821.5 0.930367 1.11457 0.000156141 1.05573 7.39494e-05
822.2 0.930365 1.11455 0.000155866 1.05572 7.38198e-05
822.9 0.930364 1.11452 0.000155579 1.05571 7.36845e-05
823.6 0.930363 1.1145 0.00015528 1.0557 7.35438e-05
824.3 0.930361 1.11448 0.00015497 1.05569 7.33978e-05
825 0.93036 1.11446 0.00015465 1.05568 7.32467e-05
825.7 0.930359 1.11444 0.000154319 1.05567 7.30907e-05
826.4 0.930357 1.11441 0.000153978 1.05566 7.293e-05
827.1 0.930356 1.11439 0.000153628 1.05565 7.27649e-05
827.8 0.930355 1.11437 0.000153269 1.05564 7.25954e-05
828.5 0.930353 1.11435 0.000152901 1.05563 7.24218e-05
829.2 0.930352 1.11433 0.000152524 1.05562 7.22442e-05
829.9 0.930351 1.11431 0.00015214 1.05561 7.20628e-05
830.6 0.930349 1.11428 0.000151748 1.0556 7.18778e-05
831.3 0.930348 1.11426 0.000151349 1.05559 7.16894e-05
832 0.930347 1.11424 0.000150942 1.05558 7.14976e-05
832.7 0.930345 1.11422 0.000150529 1.05557 7.13027e-05
833.4 0.930344 1.1142 0.00015011 1.05556 7.11048e-05
834.1 0.930343 1.11418 0.000149685 1.05555 7.09041e-05
834.8 0.930341 1.11415 0.000149254 1.05554 7.07007e-05
835.5 0.93034 1.11413 0.000148818 1.05553 7.04948e-05
836.2 0.930339 1.11411 0.000148377 1.05552 7.02865e-05
836.9 0.930338 1.11409 0.000147931 1.05551 7.00759e-05
837.6 0.930336 1.11407 0.000147481 1.0555 6.98632e-05
838.3 0.930335 1.11405 0.000147026 1.05548 6.96486e-05
839 0.930334 1.11403 0.000146568 1.05547 6.9432e-05
839.7 0.930332 1.11401 0.000146105 1.05547 6.92138e-05
840.4 0.930331 1.11399 0.00014564 1.05546 6.89939e-05
841.1 0.93033 1.11396 0.000145171 1.05545 6.87726e-05
841.8 0.930329 1.11394 0.0001447 1.05544 6.85498e-05
842.5 0.930327 1.11392 0.000144226 1.05543 6.83259e-05
843.2 0.930326 1.1139 0.000143749 1.05542 6.81008e-05
843.9 0.930325 1.11388 0.000143271 1.05541 6.78747e-05
844.6 0.930324 1.11386 0.00014279 1.0554 6.76476e-05
845.3 0.930322 1.11384 0.000142308 1.05539 6.74198e-05
846 0.930321 1.11382 0.000141824 1.05538 6.71912e-05
846.7 0.93032 1.1138 0.000141339 1.05537 6.69621e-05
847.4 0.930319 1.11378 0.000140853 1.05536 6.67324e-05
848.1 0.930317 1.11376 0.000140366 1.05535 6.65023e-05
848.8 0.930316 1.11374 0.000139879 1.05534 6.62719e-05
849.5 0.930315 1.11372 0.00013939 1.05533 6.60413e-05
850.2 0.930314 1.1137 0.000138902 1.05532 6.58105e-05
850.9 0.930312 1.11368 0.000138414 1.05531 6.55797e-05
851.6 0.930311 1.11366 0.000137925 1.0553 6.53489e-05
852.3 0.93031 1.11364 0.000137437 1.05529 6.51182e-05
853 0.930309 1.11362 0.000136949 1.05528 6.48877e-05
853.7 0.930308 1.1136 0.000136462 1.05527 6.46575e-05
854.4 0.930306 1.11358 0.000135976 1.05526 6.44276e-05
855.1 0.930305 1.11356 0.00013549 1.05525 6.41981e-05
855.8 0.930304 1.11354 0.000135006 1.05524 6.39691e-05
856.5 0.930303 1.11352 0.000134523 1.05523 6.37407e-05
857.2 0.930302 1.1135 0.000134041 1.05522 6.35129e-05
857.9 0.9303 1.11348 0.00013356 1.05522 6.32859e-05
858.6 0.930299 1.11346 0.000133082 1.05521 6.30595e-05
859.3 0.930298 1.11344 0.000132605 1.0552 6.2834e-05
860 0.930297 1.11342 0.000132129 1.05519 6.26094e-05
860.7 0.930296 1.1134 0.000131656 1.05518 6.23857e-05
861.4 0.930295 1.11338 0.000131185 1.05517 6.2163e-05
862.1 0.930293 1.11337 0.000130716 1.05516 6.19413e-05
862.8 0.930292 1.11335 0.00013025 1.05515 6.17208e-05
863.5 0.930291 1.11333 0.000129786 1.05514 6.15014e-05
864.2 0.93029 1.11331 0.000129324 1.05513 6.12833e-05
864.9 0.930289 1.11329 0.000128865 1.05513 6.10664e-05
865.6 0.930288 1.11327 0.000128409 1.05512 6.08508e-05
866.3 0.930287 1.11325 0.000127956 1.05511 6.06365e-05
867 0.930285 1.11323 0.000127506 1.0551 6.04237e-05
867.7 0.930284 1.11322 0.000127059 1.05509 6.02123e-05
868.4 0.930283 1.1132 0.000126615 1.05508 6.00024e-05
869.1 0.930282 1.11318 0.000126174 1.05507 5.9794e-05
869.8 0.930281 1.11316 0.000125737 1.05506 5.95872e-05
870.5 0.93028 1.11314 0.000125303 1.05506 5.9382e-05
871.2 0.930279 1.11313 0.000124872 1.05505 5.91784e-05
871.9 0.930278 1.11311 0.000124445 1.05504 5.89765e-05
872.6 0.930277 1.11309 0.000124022 1.05503 5.87764e-05
873.3 0.930276 1.11307 0.000123602 1.05502 5.85779e-05
874 0.930274 1.11305 0.000123186 1.05501 5.83813e-05
874.7 0.930273 1.11304 0.000122774 1.05501 5.81864e-05
875.4 0.930272 1.11302 0.000122366 1.055 5.79935e-05
876.1 0.930271 1.113 0.000121962 1.05499 5.78023e-05
876.8 0.93027 1.11298 0.000121561 1.05498 5.76131e-05
877.5 0.930269 1.11297 0.000121165 1.05497 5.74258e-05
878.2 0.930268 1.11295 0.000120773 1.05496 5.72405e-05
878.9 0.930267 1.11293 0.000120386 1.05496 5.70571e-05
879.6 0.930266 1.11292 0.000120002 1.05495 5.68757e-05
880.3 0.930265 1.1129 0.000119623 1.05494 5.66964e-05
881 0.930264 1.11288 0.000119248 1.05493 5.65191e-05
881.7 0.930263 1.11287 0.000118877 1.05492 5.63439e-05
882.4 0.930262 1.11285 0.000118511 1.05492 5.61708e-05
883.1 0.930261 1.11283 0.000118149 1.05491 5.59998e-05
883.8 0.93026 1.11282 0.000117792 1.0549 5.58309e-05
884.5 0.930259 1.1128 0.000117439 1.05489 5.56641e-05
885.2 0.930258 1.11278 0.000117091 1.05488 5.54996e-05
885.9 0.930257 1.11277 0.000116748 1.05488 5.53372e-05
886.6 0.930256 1.11275 0.000116409 1.05487 5.5177e-05
887.3 0.930255 1.11273 0.000116075 1.05486 5.50191e-05
888 0.930254 1.11272 0.000115746 1.05485 5.48633e-05
888.7 0.930253 1.1127 0.000115421 1.05485 5.47098e-05
889.4 0.930252 1.11269 0.000115101 1.05484 5.45586e-05
890.1 0.930251 1.11267 0.000114786 1.05483 5.44096e-05
890.8 0.93025 1.11265 0.000114476 1.05482 5.42629e-05
891.5 0.930249 1.11264 0.00011417 1.05482 5.41186e-05
892.2 0.930248 1.11262 0.00011387 1.05481 5.39765e-05
892.9 0.930247 1.11261 0.000113574 1.0548 5.38367e-05
893.6 0.930246 1.11259 0.000113283 1.05479 5.36991e-05
894.3 0.930245 1.11258 0.000112996 1.05479 5.35636e-05
895 0.930244 1.11256 0.000112714 1.05478 5.34303e-05
895.7 0.930243 1.11254 0.000112436 1.05477 5.32989e-05
896.4 0.930242 1.11253 0.000112162 1.05477 5.31694e-05
897.1 0.930241 1.11251 0.000111892 1.05476 5.30418e-05
897.8 0.93024 1.1125 0.000111626 1.05475 5.2916e-05
898.5 0.93024 1.11248 0.000111364 1.05474 5.27919e-05
899.2 0.930239 1.11247 0.000111105 1.05474 5.26694e-05
899.9 0.930238 1.11245 0.000110849 1.05473 5.25486e-05
900.6 0.930237 1.11244 0.000110597 1.05472 5.24293e-05
901.3 0.930236 1.11242 0.000110347 1.05472 5.23114e-05
902 0.930235 1.11241 0.000110101 1.05471 5.2195e-05
902.7 0.930234 1.1124 0.000109858 1.0547 5.20799e-05
903.4 0.930233 1.11238 0.000109617 1.05469 5.19662e-05
904.1 0.930232 1.11237 0.000109379 1.05469 5.18536e-05
904.8 0.930231 1.11235 0.000109143 1.05468 5.17423e-05
905.5 0.930231 1.11234 0.00010891 1.05467 5.16321e-05
906.2 0.93023 1.11232 0.000108679 1.05467 5.1523e-05
906.9 0.930229 1.11231 0.00010845 1.05466 5.14149e-05
907.6 0.930228 1.11229 0.000108224 1.05465 5.13077e-05
908.3 0.930227 1.11228 0.000107999 1.05465 5.12016e-05
909 0.930226 1.11227 0.000107776 1.05464 5.10963e-05
909.7 0.930225 1.11225 0.000107555 1.05463 5.09918e-05
910.4 0.930224 1.11224 0.000107336 1.05463 5.08881e-05
911.1 0.930224 1.11222 0.000107118 1.05462 5.07852e-05
911.8 0.930223 1.11221 0.000106902 1.05461 5.0683e-05
912.5 0.930222 1.1122 0.000106687 1.05461 5.05814e-05
913.2 0.930221 1.11218 0.000106474 1.0546 5.04805e-05
913.9 0.93022 1.11217 0.000106261 1.05459 5.03801e-05
914.6 0.930219 1.11216 0.00010605 1.05459 5.02803e-05
915.3 0.930219 1.11214 0.00010584 1.05458 5.01809e-05
916 0.930218 1.11213 0.000105631 1.05457 5.0082e-05
916.7 0.930217 1.11211 0.000105422 1.05457 4.99836e-05
917.4 0.930216 1.1121 0.000105215 1.05456 4.98855e-05
918.1 0.930215 1.11209 0.000105008 1.05456 4.97877e-05
918.8 0.930214 1.11207 0.000104802 1.05455 4.96903e-05
919.5 0.930214 1.11206 0.000104596 1.05454 4.95931e-05
920.2 0.930213 1.11205 0.000104391 1.05454 4.94961e-05
920.9 0.930212 1.11203 0.000104186 1.05453 4.93994e-05
921.6 0.930211 1.11202 0.000103982 1.05452 4.93029e-05
922.3 0.93021 1.11201 0.000103778 1.05452 4.92064e-05
923 0.930209 1.11199 0.000103574 1.05451 4.91101e-05
923.7 0.930209 1.11198 0.000103371 1.05451 4.90139e-05
924.4 0.930208 1.11197 0.000103167 1.0545 4.89177e-05
925.1 0.930207 1.11196 0.000102964 1.05449 4.88216e-05
925.8 0.930206 1.11194 0.000102761 1.05449 4.87254e-05
926.5 0.930206 1.11193 0.000102557 1.05448 4.86292e-05
927.2 0.930205 1.11192 0.000102353 1.05447 4.85329e-05
927.9 0.930204 1.1119 0.00010215 1.05447 4.84365e-05
928.6 0.930203 1.11189 0.000101946 1.05446 4.83401e-05
929.3 0.930202 1.11188 0.000101741 1.05446 4.82435e-05
930 0.930202 1.11187 0.000101537 1.05445 4.81467e-05
930.7 0.930201 1.11185 0.000101332 1.05444 4.80497e-05
931.4 0.9302 1.11184 0.000101126 1.05444 4.79525e-05
932.1 0.930199 1.11183 0.00010092 1.05443 4.78551e-05
932.8 0.930198 1.11182 0.000100713 1.05443 4.77574e-05
933.5 0.930198 1.1118 0.000100506 1.05442 4.76595e-05
934.2 0.930197 1.11179 0.000100298 1.05441 4.75612e-05
934.9 0.930196 1.11178 0.00010009 1.05441 4.74626e-05
935.6 0.930195 1.11177 9.98808e-05 1.0544 4.73637e-05
936.3 0.930195 1.11175 9.96709e-05 1.0544 4.72644e-05
937 0.930194 1.11174 9.94602e-05 1.05439 4.71647e-05
937.7 0.930193 1.11173 9.92486e-05 1.05439 4.70646e-05
938.4 0.930192 1.11172 9.90361e-05 1.05438 4.69642e-05
939.1 0.930192 1.1117 9.88227e-05 1.05437 4.68632e-05
939.8 0.930191 1.11169 9.86084e-05 1.05437 4.67619e-05
940.5 0.93019 1.11168 9.83931e-05 1.05436 4.666e-05
941.2 0.930189 1.11167 9.81768e-05 1.05436 4.65577e-05
941.9 0.930189 1.11166 9.79594e-05 1.05435 4.64548e-05
942.6 0.930188 1.11164 9.77409e-05 1.05435 4.63515e-05
943.3 0.930187 1.11163 9.75213e-05 1.05434 4.62476e-05
944 0.930186 1.11162 9.73006e-05 1.05433 4.61431e-05
944.7 0.930186 1.11161 9.70786e-05 1.05433 4.60382e-05
945.4 0.930185 1.1116 9.68555e-05 1.05432 4.59326e-05
946.1 0.930184 1.11158 9.66311e-05 1.05432 4.58264e-05
946.8 0.930184 1.11157 9.64055e-05 1.05431 4.57197e-05
947.5 0.930183 1.11156 9.61786e-05 1.05431 4.56123e-05
948.2 0.930182 1.11155 9.59503e-05 1.0543 4.55043e-05
948.9 0.930181 1.11154 9.57208e-05 1.05429 4.53956e-05
949.6 0.930181 1.11153 9.54898e-05 1.05429 4.52864e-05
950.3 0.93018 1.11151 9.52575e-05 1.05428 4.51764e-05
951 0.930179 1.1115 9.50238e-05 1.05428 4.50658e-05
951.7 0.930178 1.11149 9.47886e-05 1.05427 4.49545e-05
952.4 0.930178 1.11148 9.4552e-05 1.05427 4.48425e-05
953.1 0.930177 1.11147 9.43139e-05 1.05426 4.47298e-05
953.8 0.930176 1.11146 9.40743e-05 1.05426 4.46164e-05
954.5 0.930176 1.11144 9.38332e-05 1.05425 4.45023e-05
955.2 0.930175 1.11143 9.35905e-05 1.05424 4.43875e-05
955.9 0.930174 1.11142 9.33464e-05 1.05424 4.42719e-05
956.6 0.930173 1.11141 9.31006e-05 1.05423 4.41556e-05
957.3 0.930173 1.1114 9.28533e-05 1.05423 4.40385e-05
958 0.930172 1.11139 9.26044e-05 1.05422 4.39207e-05
958.7 0.930171 1.11138 9.23539e-05 1.05422 4.38021e-05
959.4 0.930171 1.11136 9.21018e-05 1.05421 4.36827e-05
960.1 0.93017 1.11135 9.1848e-05 1.05421 4.35626e-05
960.8 0.930169 1.11134 9.15926e-05 1.0542 4.34417e-05
961.5 0.930169 1.11133 9.13355e-05 1.0542 4.332e-05
962.2 0.930168 1.11132 9.10768e-05 1.05419 4.31975e-05
962.9 0.930167 1.11131 9.08163e-05 1.05419 4.30742e-05
963.6 0.930167 1.1113 9.05542e-05 1.05418 4.295e-05
964.3 0.930166 1.11129 9.02904e-05 1.05418 4.28251e-05
965 0.930165 1.11127 9.00248e-05 1.05417 4.26994e-05
965.7 0.930164 1.11126 8.97576e-05 1.05416 4.25728e-05
966.4 0.930164 1.11125 8.94886e-05 1.05416 4.24455e-05
967.1 0.930163 1.11124 8.92178e-05 1.05415 4.23173e-05
967.8 0.930162 1.11123 8.89453e-05 1.05415 4.21882e-05
968.5 0.930162 1.11122 8.86711e-05 1.05414 4.20584e-05
969.2 0.930161 1.11121 8.83951e-05 1.05414 4.19277e-05
969.9 0.93016 1.1112 8.81174e-05 1.05413 4.17961e-05
970.6 0.93016 1.11119 8.78379e-05 1.05413 4.16638e-05
971.3 0.930159 1.11117 8.75566e-05 1.05412 4.15305e-05
972 0.930158 1.11116 8.72735e-05 1.05412 4.13965e-05
972.7 0.930158 1.11115 8.69886e-05 1.05411 4.12616e-05
973.4 0.930157 1.11114 8.6702e-05 1.05411 4.11258e-05
974.1 0.930156 1.11113 8.64136e-05 1.0541 4.09892e-05
974.8 0.930156 1.11112 8.61234e-05 1.0541 4.08517e-05
975.5 0.930155 1.11111 8.58313e-05 1.05409 4.07134e-05
976.2 0.930154 1.1111 8.55375e-05 1.05409 4.05742e-05
976.9 0.930154 1.11109 8.52419e-05 1.05408 4.04342e-05
977.6 0.930153 1.11108 8.49445e-05 1.05408 4.02933e-05
978.3 0.930152 1.11107 8.46454e-05 1.05407 4.01516e-05
979 0.930152 1.11106 8.43444e-05 1.05407 4.0009e-05
979.7 0.930151 1.11105 8.40416e-05 1.05406 3.98656e-05
980.4 0.93015 1.11103 8.3737e-05 1.05406 3.97213e-05
981.1 0.93015 1.11102 8.34306e-05 1.05405 3.95762e-05
981.8 0.930149 1.11101 8.31224e-05 1.05405 3.94302e-05
982.5 0.930148 1.111 8.28125e-05 1.05404 3.92833e-05
983.2 0.930148 1.11099 8.25007e-05 1.05404 3.91356e-05
983.9 0.930147 1.11098 8.21872e-05 1.05403 3.89871e-05
984.6 0.930147 1.11097 8.18718e-05 1.05403 3.88377e-05
985.3 0.930146 1.11096 8.15549e-05 1.05402 3.86875e-05
986 0.930145 1.11095 8.12364e-05 1.05402 3.85366e-05
986.7 0.930145 1.11094 8.09165e-05 1.05401 3.8385e-05
987.4 0.930144 1.11093 8.05954e-05 1.05401 3.82329e-05
988.1 0.930143 1.11092 8.02732e-05 1.054 3.80802e-05
988.8 0.930143 1.11091 7.995e-05 1.054 3.79271e-05
989.5 0.930142 1.1109 7.9626e-05 1.05399 3.77735e-05
990.2 0.930141 1.11089 7.93013e-05 1.05399 3.76197e-05
990.9 0.930141 1.11088 7.8976e-05 1.05398 3.74655e-05
991.6 0.93014 1.11087 7.86502e-05 1.05398 3.73112e-05
992.3 0.930139 1.11086 7.83241e-05 1.05397 3.71567e-05
993 0.930139 1.11085 7.79978e-05 1.05397 3.7002e-05
993.7 0.930138 1.11084 7.76714e-05 1.05396 3.68474e-05
994.4 0.930138 1.11083 7.7345e-05 1.05396 3.66927e-05
995.1 0.930137 1.11082 7.70188e-05 1.05395 3.65381e-05
995.8 0.930136 1.11081 7.66927e-05 1.05395 3.63836e-05
996.5 0.930136 1.1108 7.63671e-05 1.05394 3.62292e-05
997.2 0.930135 1.11078 7.60419e-05 1.05394 3.60751e-05
997.9 0.930134 1.11077 7.57172e-05 1.05393 3.59213e-05
998.6 0.930134 1.11076 7.53932e-05 1.05393 3.57677e-05
999.3 0.930133 1.11075 7.50699e-05 1.05392 3.56145e-05
1000 0.930133 1.11074 7.47475e-05 1.05392 3.54617e-05
