300 0.89831 1.12951 0.172511 1.06586 0.0809258
300.7 0.898467 1.12519 0.170526 1.06377 0.0801513
301.4 0.898614 1.12056 0.168448 1.06153 0.0793417
302.1 0.898756 1.11561 0.166253 1.05914 0.0784854
302.8 0.898899 1.11039 0.163918 1.0566 0.0775686
303.5 0.899048 1.10493 0.16142 1.05394 0.0765793
304.2 0.89921 1.09926 0.158741 1.05117 0.0755069
304.9 0.899388 1.09343 0.155869 1.04831 0.074343
305.6 0.899587 1.08746 0.152795 1.04537 0.0730817
306.3 0.899809 1.08141 0.149519 1.04238 0.0717199
307 0.900056 1.07532 0.146045 1.03935 0.0702577
307.7 0.900329 1.06923 0.142388 1.03632 0.0686989
308.4 0.900627 1.06318 0.138566 1.03329 0.0670511
309.1 0.900948 1.05722 0.134609 1.03028 0.065326
309.8 0.901288 1.05138 0.130553 1.02733 0.0635396
310.5 0.901643 1.0457 0.126442 1.02445 0.0617118
311.2 0.902006 1.0402 0.122327 1.02166 0.0598666
311.9 0.902365 1.03489 0.118256 1.01895 0.0580286
312.6 0.902711 1.02969 0.114272 1.01629 0.0562198
313.3 0.903029 1.02457 0.11041 1.01367 0.0544602
314 0.903311 1.01946 0.106702 1.01106 0.0527673
314.7 0.903543 1.0143 0.103175 1.00842 0.0511567
315.4 0.903715 1.00901 0.0998522 1.00572 0.049642
316.1 0.903816 1.00354 0.0967529 1.00293 0.0482352
316.8 0.903833 0.997789 0.0938939 0.999997 0.0469471
317.5 0.903755 0.991684 0.0912902 0.996885 0.0457877
318.2 0.903566 0.985129 0.0889554 0.993546 0.0447666
318.9 0.903251 0.978022 0.0869032 0.989924 0.0438939
319.6 0.902791 0.970249 0.0851479 0.985958 0.0431803
320.3 0.902162 0.96168 0.0837059 0.981579 0.0426384
321 0.901341 0.952183 0.0825914 0.976714 0.0422802
321.7 0.900311 0.941701 0.0817956 0.971326 0.0421051
322.4 0.89906 0.930203 0.0813065 0.965389 0.0421107
323.1 0.89757 0.917659 0.0811183 0.958879 0.0422985
323.8 0.89582 0.904042 0.0812313 0.951769 0.0426739
324.5 0.893786 0.889329 0.0816518 0.944033 0.0432463
325.2 0.89144 0.873504 0.0823923 0.935651 0.0440294
325.9 0.88875 0.856562 0.0834714 0.926602 0.0450417
326.6 0.88568 0.838518 0.0849143 0.916876 0.0463063
327.3 0.882195 0.819405 0.0867524 0.906474 0.0478516
328 0.878258 0.799288 0.0890233 0.89541 0.0497109
328.7 0.873837 0.778268 0.0917702 0.883722 0.0519226
329.4 0.868904 0.756494 0.0950397 0.871474 0.0545281
330.1 0.86345 0.734173 0.0988798 0.858771 0.0575705
330.8 0.857483 0.711575 0.103335 0.845758 0.0610903
331.5 0.851049 0.689047 0.108441 0.832639 0.0651191
332.2 0.844216 0.666947 0.114224 0.819635 0.0696795
332.9 0.83701 0.645392 0.120716 0.806838 0.0748079
333.6 0.82944 0.62441 0.127949 0.79429 0.0805428
334.3 0.821512 0.604002 0.135944 0.782021 0.0869185
335 0.813229 0.584139 0.144716 0.770045 0.0939663
335.7 0.804585 0.564758 0.154275 0.758356 0.101717
336.4 0.795561 0.545763 0.16463 0.746933 0.110204
337.1 0.786123 0.527023 0.175792 0.735728 0.119468
337.8 0.776213 0.508368 0.187782 0.724675 0.129563
338.5 0.765747 0.489588 0.200634 0.713685 0.140562
339.2 0.754612 0.470435 0.214401 0.702647 0.152567
339.9 0.742653 0.450613 0.229166 0.69143 0.165719
340.6 0.729674 0.429773 0.245044 0.679889 0.180209
341.3 0.715429 0.407511 0.262198 0.667865 0.196296
342 0.699614 0.383348 0.280848 0.655197 0.214324
342.7 0.681865 0.35672 0.30129 0.641737 0.234746
343.4 0.66188 0.32714 0.323885 0.627491 0.258079
344.1 0.639586 0.29437 0.349025 0.612763 0.284796
344.8 0.615065 0.25818 0.377171 0.598019 0.315351
345.5 0.588598 0.218319 0.408875 0.583879 0.350137
346.2 0.5607 0.174516 0.444802 0.571108 0.38942
346.9 0.532097 0.126495 0.485756 0.560558 0.433279
347.6 0.503643 0.0739791 0.532722 0.553088 0.481588
348.3 0.476183 0.0167224 0.586902 0.549483 0.53405
349 0.450429 -0.0454596 0.649776 0.550411 0.590264
349.7 0.426885 -0.11263 0.723165 0.556441 0.649813
350.4 0.405845 -0.18464 0.809305 0.568093 0.712299
351.1 0.387434 -0.26099 0.910938 0.585917 0.777361
351.8 0.371667 -0.340619 1.03139 0.610556 0.844628
352.5 0.358501 -0.421587 1.1746 0.6428 0.913662
353.2 0.347885 -0.50063 1.34515 0.683617 0.98385
353.9 0.33979 -0.57253 1.54799 0.734148 1.05428
354.6 0.334231 -0.629355 1.78796 0.795655 1.12358
355.3 0.331257 -0.659841 2.06931 0.869519 1.18992
356 0.330997 -0.648426 2.39444 0.957147 1.25082
356.7 0.333734 -0.574449 2.76068 1.05957 1.30274
357.4 0.339925 -0.413196 3.15603 1.17681 1.34092
358.1 0.350189 -0.140312 3.55425 1.30704 1.35966
358.8 0.365243 0.258905 3.91227 1.44564 1.35313
359.5 0.38571 0.776698 4.17478 1.58479 1.31714
360.2 0.411842 1.37374 4.29003 1.7144 1.25117
360.9 0.443226 1.98415 4.23171 1.82454 1.15966
361.6 0.478684 2.53701 4.01226 1.90841 1.0512
362.3 0.516481 2.98142 3.67656 1.96404 0.935968
363 0.55475 3.29834 3.28119 1.99384 0.822832
363.7 0.591897 3.49575 2.87512 2.00274 0.717796
364.4 0.626808 3.59597 2.49096 1.9963 0.623893
365.1 0.658865 3.62456 2.14546 1.97946 0.54193
365.8 0.68784 3.60412 1.84413 1.9561 0.471381
366.5 0.713769 3.55218 1.58596 1.92903 0.411077
367.2 0.736838 3.48139 1.36681 1.90019 0.359651
367.9 0.757303 3.40037 1.18149 1.87085 0.315763
368.6 0.775438 3.31485 1.02487 1.84181 0.278224
369.3 0.79149 3.22859 0.892514 1.8136 0.246062
370 0.805689 3.14396 0.780531 1.78653 0.218449
370.7 0.818254 3.06244 0.685575 1.76078 0.194679
371.4 0.829384 2.98483 0.60482 1.73642 0.174157
372.1 0.839254 2.91154 0.535915 1.71347 0.156382
372.8 0.848022 2.84269 0.476914 1.69191 0.14094
373.5 0.855824 2.77824 0.426214 1.67167 0.127481
374.2 0.86278 2.71804 0.382492 1.6527 0.115717
374.9 0.868992 2.66188 0.344658 1.63493 0.105405
375.6 0.87455 2.60952 0.311811 1.61827 0.0963407
376.3 0.879533 2.56071 0.283205 1.60266 0.0883548
377 0.884007 2.5152 0.258221 1.58802 0.0813027
377.7 0.888033 2.47274 0.23634 1.57429 0.0750626
378.4 0.89166 2.43311 0.217131 1.56139 0.0695313
379.1 0.894933 2.39608 0.20023 1.54928 0.0646206
379.8 0.897891 2.36146 0.185331 1.53789 0.0602553
380.5 0.900568 2.32906 0.172175 1.52717 0.0563708
381.2 0.902993 2.29871 0.160542 1.51707 0.0529118
381.9 0.905193 2.27025 0.150243 1.50756 0.0498299
382.6 0.907194 2.24352 0.141099 1.49858 0.0470775
383.3 0.90902 2.21835 0.132944 1.49008 0.0446098
384 0.910692 2.1946 0.125641 1.48202 0.0423884
384.7 0.912227 2.17214 0.119074 1.47437 0.0403813
385.4 0.913641 2.15085 0.113143 1.46708 0.0385606
386.1 0.914948 2.13063 0.107766 1.46013 0.0369029
386.8 0.91616 2.1114 0.102872 1.4535 0.0353879
387.5 0.917285 2.09306 0.0983996 1.44714 0.033998
388.2 0.918334 2.07555 0.0942964 1.44105 0.032718
388.9 0.919314 2.05879 0.0905175 1.4352 0.0315349
389.6 0.920232 2.04274 0.0870239 1.42957 0.0304371
390.3 0.921093 2.02733 0.0837819 1.42415 0.0294147
391 0.921904 2.01253 0.0807619 1.41892 0.0284589
391.7 0.922669 1.99827 0.0779385 1.41387 0.0275621
392.4 0.923392 1.98454 0.0752893 1.40899 0.0267175
393.1 0.924077 1.97128 0.0727947 1.40426 0.0259192
393.8 0.924727 1.95848 0.0704375 1.39968 0.025162
394.5 0.925344 1.94609 0.0682028 1.39524 0.0244413
395.2 0.925933 1.93409 0.0660773 1.39092 0.0237531
395.9 0.926495 1.92247 0.0640495 1.38672 0.0230938
396.6 0.927031 1.91118 0.0621091 1.38264 0.0224604
397.3 0.927545 1.90023 0.0602473 1.37866 0.0218499
398 0.928037 1.88958 0.0584564 1.37479 0.0212602
398.7 0.928509 1.87924 0.0567321 1.37101 0.0206899
399.4 0.928961 1.8692 0.0550709 1.36734 0.020138
400.1 0.929395 1.85946 0.0534694 1.36376 0.0196037
400.8 0.92981 1.85 0.0519246 1.36028 0.019086
401.5 0.930208 1.84084 0.0504335 1.3569 0.0185841
402.2 0.930589 1.83195 0.0489933 1.35362 0.0180972
402.9 0.930955 1.82334 0.0476012 1.35043 0.0176245
403.6 0.931305 1.815 0.0462549 1.34733 0.0171654
404.3 0.93164 1.80691 0.0449518 1.34432 0.0167192
405 0.931962 1.79909 0.0436897 1.3414 0.0162851
405.7 0.932271 1.79151 0.0424664 1.33857 0.0158626
406.4 0.932567 1.78418 0.04128 1.33582 0.0154512
407.1 0.932852 1.77708 0.0401284 1.33316 0.0150502
407.8 0.933125 1.77021 0.0390099 1.33057 0.0146591
408.5 0.933387 1.76355 0.0379226 1.32807 0.0142774
409.2 0.933639 1.75712 0.036865 1.32564 0.0139046
409.9 0.933881 1.75089 0.0358354 1.32328 0.0135403
410.6 0.934114 1.74487 0.0348324 1.321 0.0131841
411.3 0.934338 1.73904 0.0338546 1.31879 0.0128355
412 0.934554 1.7334 0.0329006 1.31665 0.0124941
412.7 0.934762 1.72795 0.0319691 1.31457 0.0121595
413.4 0.934962 1.72267 0.0310589 1.31256 0.0118314
414.1 0.935155 1.71757 0.0301693 1.31061 0.0115097
414.8 0.935341 1.71262 0.029301 1.30872 0.0111945
415.5 0.93552 1.70784 0.0284544 1.30689 0.0108863
416.2 0.935693 1.7032 0.02763 1.30511 0.0105853
416.9 0.93586 1.6987 0.0268282 1.30338 0.0102917
417.6 0.93602 1.69434 0.0260492 1.30171 0.0100058
418.3 0.936175 1.6901 0.0252933 1.30008 0.00972763
419 0.936323 1.68599 0.0245605 1.29849 0.00945734
419.7 0.936466 1.68199 0.0238509 1.29695 0.00919502
420.4 0.936604 1.6781 0.0231645 1.29545 0.00894075
421.1 0.936736 1.67432 0.0225012 1.29398 0.00869455
421.8 0.936863 1.67064 0.021861 1.29256 0.00845646
422.5 0.936985 1.66706 0.0212436 1.29117 0.00822648
423.2 0.937102 1.66357 0.020649 1.28982 0.0080046
423.9 0.937215 1.66017 0.0200769 1.2885 0.0077908
424.6 0.937323 1.65686 0.0195272 1.28721 0.00758506
425.3 0.937426 1.65363 0.0189996 1.28596 0.00738732
426 0.937526 1.65048 0.0184938 1.28473 0.00719754
426.7 0.937621 1.64741 0.0180096 1.28353 0.00701565
427.4 0.937712 1.64441 0.0175468 1.28236 0.00684159
428.1 0.937799 1.64148 0.017105 1.28122 0.00667529
428.8 0.937882 1.63862 0.016684 1.2801 0.00651667
429.5 0.937962 1.63582 0.0162834 1.27901 0.00636564
430.2 0.938038 1.63309 0.015903 1.27794 0.00622213
430.9 0.93811 1.63042 0.0155424 1.27689 0.00608603
431.6 0.938179 1.6278 0.0152009 1.27587 0.00595709
432.3 0.938245 1.62524 0.0148775 1.27486 0.00583494
433 0.938308 1.62274 0.0145713 1.27388 0.00571925
433.7 0.938368 1.62028 0.0142813 1.27291 0.00560969
434.4 0.938425 1.61786 0.0140068 1.27196 0.00550596
435.1 0.93848 1.61549 0.0137469 1.27103 0.00540778
435.8 0.938532 1.61315 0.013501 1.27011 0.00531488
436.5 0.938582 1.61086 0.0132683 1.26921 0.00522701
437.2 0.93863 1.6086 0.0130483 1.26832 0.00514393
437.9 0.938676 1.60637 0.0128402 1.26744 0.00506542
438.6 0.93872 1.60417 0.0126436 1.26657 0.00499127
439.3 0.938762 1.602 0.0124578 1.26571 0.00492128
440 0.938802 1.59986 0.0122825 1.26487 0.00485525
440.7 0.93884 1.59775 0.012117 1.26403 0.004793
441.4 0.938877 1.59565 0.0119609 1.2632 0.00473436
442.1 0.938913 1.59359 0.0118138 1.26238 0.00467917
442.8 0.938946 1.59154 0.0116752 1.26157 0.00462725
443.5 0.938979 1.58951 0.0115448 1.26077 0.00457847
444.2 0.93901 1.5875 0.0114221 1.25997 0.00453268
444.9 0.939039 1.58551 0.0113068 1.25918 0.00448974
445.6 0.939068 1.58354 0.0111985 1.25839 0.00444951
446.3 0.939095 1.58158 0.0110969 1.25762 0.00441186
447 0.939121 1.57964 0.0110016 1.25684 0.00437668
447.7 0.939146 1.57771 0.0109124 1.25608 0.00434384
448.4 0.93917 1.57579 0.0108289 1.25531 0.00431322
449.1 0.939193 1.57389 0.0107508 1.25455 0.00428473
449.8 0.939215 1.572 0.010678 1.2538 0.00425824
450.5 0.939236 1.57012 0.01061 1.25305 0.00423365
451.2 0.939256 1.56825 0.0105466 1.2523 0.00421087
451.9 0.939275 1.56639 0.0104874 1.25156 0.00418974
452.6 0.939294 1.56455 0.010432 1.25083 0.00417004
453.3 0.939311 1.56272 0.0103798 1.25009 0.00415159
454 0.939329 1.56091 0.0103303 1.24937 0.00413421
454.7 0.939345 1.55911 0.0102832 1.24865 0.00411771
455.4 0.939361 1.55733 0.0102379 1.24794 0.00410195
456.1 0.939376 1.55556 0.0101943 1.24723 0.00408678
456.8 0.939391 1.55382 0.0101519 1.24653 0.00407206
457.5 0.939405 1.55209 0.0101104 1.24584 0.00405766
458.2 0.939419 1.55039 0.0100695 1.24515 0.00404347
458.9 0.939432 1.54871 0.0100289 1.24448 0.00402938
459.6 0.939445 1.54704 0.00998849 1.24381 0.00401528
460.3 0.939458 1.5454 0.00994793 1.24315 0.0040011
461 0.93947 1.54378 0.00990704 1.2425 0.00398674
461.7 0.939482 1.54219 0.00986564 1.24186 0.00397214
462.4 0.939494 1.54062 0.00982355 1.24122 0.00395721
463.1 0.939505 1.53906 0.00978061 1.2406 0.0039419
463.8 0.939517 1.53754 0.00973668 1.23998 0.00392614
464.5 0.939528 1.53603 0.00969164 1.23937 0.00390989
465.2 0.939539 1.53455 0.00964536 1.23878 0.0038931
465.9 0.93955 1.5331 0.00959775 1.23819 0.00387572
466.6 0.93956 1.53166 0.00954869 1.23761 0.00385772
467.3 0.939571 1.53025 0.00949812 1.23704 0.00383905
468 0.939581 1.52887 0.00944595 1.23648 0.0038197
468.7 0.939592 1.52751 0.00939212 1.23593 0.00379962
469.4 0.939602 1.52617 0.00933655 1.23539 0.0037788
470.1 0.939612 1.52485 0.00927921 1.23485 0.00375721
470.8 0.939622 1.52356 0.00922003 1.23433 0.00373483
471.5 0.939632 1.52229 0.00915897 1.23382 0.00371164
472.2 0.939642 1.52105 0.00909605 1.23331 0.00368765
472.9 0.939653 1.51982 0.00903138 1.23282 0.0036629
473.6 0.939663 1.51862 0.00896511 1.23233 0.00363747
474.3 0.939673 1.51744 0.00889739 1.23185 0.00361139
475 0.939683 1.51628 0.00882833 1.23138 0.00358473
475.7 0.939692 1.51514 0.00875806 1.23091 0.00355754
476.4 0.939702 1.51401 0.00868669 1.23046 0.00352986
477.1 0.939712 1.51291 0.00861434 1.23001 0.00350174
477.8 0.939722 1.51182 0.0085411 1.22956 0.00347322
478.5 0.939731 1.51074 0.00846707 1.22913 0.00344434
479.2 0.939741 1.50968 0.00839235 1.2287 0.00341514
479.9 0.93975 1.50864 0.00831701 1.22827 0.00338566
480.6 0.93976 1.50761 0.00824116 1.22785 0.00335593
481.3 0.939769 1.50659 0.00816485 1.22744 0.00332598
482 0.939778 1.50559 0.00808818 1.22703 0.00329584
482.7 0.939787 1.5046 0.0080112 1.22662 0.00326555
483.4 0.939796 1.50362 0.00793399 1.22623 0.00323513
484.1 0.939805 1.50265 0.00785661 1.22583 0.00320461
484.8 0.939814 1.5017 0.00777913 1.22544 0.00317401
485.5 0.939823 1.50075 0.0077016 1.22506 0.00314336
486.2 0.939831 1.49982 0.00762407 1.22467 0.00311269
486.9 0.93984 1.49889 0.0075466 1.2243 0.00308201
487.6 0.939848 1.49798 0.00746924 1.22392 0.00305135
488.3 0.939857 1.49708 0.00739204 1.22355 0.00302073
489 0.939865 1.49618 0.00731504 1.22319 0.00299016
489.7 0.939873 1.49529 0.00723829 1.22283 0.00295966
490.4 0.939881 1.49441 0.00716183 1.22247 0.00292926
491.1 0.939888 1.49354 0.00708569 1.22211 0.00289896
491.8 0.939896 1.49268 0.00700992 1.22176 0.00286879
492.5 0.939904 1.49183 0.00693455 1.22141 0.00283875
493.2 0.939911 1.49098 0.00685961 1.22106 0.00280888
493.9 0.939918 1.49014 0.00678513 1.22071 0.00277916
494.6 0.939925 1.4893 0.00671115 1.22037 0.00274963
495.3 0.939932 1.48848 0.0066377 1.22003 0.00272029
496 0.939939 1.48766 0.0065648 1.2197 0.00269116
496.7 0.939946 1.48684 0.00649249 1.21936 0.00266225
497.4 0.939952 1.48603 0.00642089 1.21903 0.0026336
498.1 0.939959 1.48523 0.00635008 1.2187 0.00260526
498.8 0.939965 1.48443 0.00628018 1.21838 0.00257728
499.5 0.939971 1.48364 0.00621127 1.21805 0.00254968
500.2 0.939977 1.48286 0.00614345 1.21773 0.0025225
500.9 0.939983 1.48208 0.00607679 1.21741 0.00249579
501.6 0.939988 1.4813 0.00601137 1.21709 0.00246957
502.3 0.939993 1.48053 0.00594726 1.21677 0.00244386
503 0.939999 1.47977 0.00588452 1.21646 0.00241871
503.7 0.940003 1.47901 0.00582323 1.21615 0.00239413
504.4 0.940008 1.47825 0.00576343 1.21584 0.00237015
505.1 0.940013 1.4775 0.00570517 1.21553 0.00234679
505.8 0.940017 1.47676 0.00564851 1.21522 0.00232407
506.5 0.940021 1.47602 0.00559349 1.21492 0.00230201
507.2 0.940025 1.47528 0.00554015 1.21461 0.00228063
507.9 0.940028 1.47455 0.00548853 1.21431 0.00225994
508.6 0.940032 1.47382 0.00543866 1.21401 0.00223995
509.3 0.940035 1.4731 0.00539056 1.21371 0.00222069
510 0.940038 1.47238 0.00534427 1.21342 0.00220215
510.7 0.94004 1.47166 0.0052998 1.21312 0.00218436
511.4 0.940043 1.47095 0.00525718 1.21283 0.00216732
512.1 0.940045 1.47024 0.00521643 1.21254 0.00215104
512.8 0.940047 1.46954 0.00517755 1.21225 0.00213552
513.5 0.940049 1.46884 0.00514057 1.21196 0.00212077
514.2 0.94005 1.46815 0.00510548 1.21167 0.00210679
514.9 0.940052 1.46746 0.0050723 1.21139 0.00209359
515.6 0.940053 1.46677 0.00504103 1.2111 0.00208117
516.3 0.940054 1.46609 0.00501167 1.21082 0.00206953
517 0.940054 1.46541 0.00498422 1.21054 0.00205867
517.7 0.940055 1.46473 0.00495868 1.21026 0.0020486
518.4 0.940055 1.46406 0.00493505 1.20998 0.0020393
519.1 0.940055 1.46339 0.00491331 1.20971 0.00203079
519.8 0.940054 1.46272 0.00489347 1.20943 0.00202304
520.5 0.940054 1.46206 0.00487551 1.20916 0.00201608
521.2 0.940053 1.4614 0.00485941 1.20889 0.00200987
521.9 0.940052 1.46074 0.0048451 1.20861 0.0020044
522.6 0.940051 1.46009 0.00483237 1.20834 0.00199958
523.3 0.94005 1.45944 0.00482104 1.20808 0.00199534
524 0.940048 1.4588 0.00481091 1.20781 0.00199159
524.7 0.940047 1.45816 0.00480183 1.20755 0.00198826
525.4 0.940045 1.45753 0.00479361 1.20728 0.00198529
526.1 0.940043 1.4569 0.00478611 1.20702 0.00198261
526.8 0.940042 1.45627 0.00477917 1.20676 0.00198016
527.5 0.94004 1.45565 0.00477267 1.20651 0.00197789
528.2 0.940038 1.45504 0.00476645 1.20625 0.00197573
528.9 0.940036 1.45443 0.0047604 1.206 0.00197364
529.6 0.940034 1.45382 0.0047544 1.20575 0.00197156
530.3 0.940032 1.45322 0.00474834 1.2055 0.00196945
531 0.94003 1.45263 0.0047421 1.20525 0.00196727
531.7 0.940028 1.45204 0.0047356 1.20501 0.00196497
532.4 0.940026 1.45146 0.00472874 1.20477 0.00196251
533.1 0.940024 1.45088 0.00472142 1.20453 0.00195986
533.8 0.940022 1.45031 0.00471357 1.20429 0.00195699
534.5 0.94002 1.44975 0.00470511 1.20406 0.00195386
535.2 0.940019 1.44919 0.00469596 1.20383 0.00195043
535.9 0.940017 1.44864 0.00468605 1.2036 0.00194669
536.6 0.940015 1.44809 0.00467533 1.20337 0.0019426
537.3 0.940014 1.44755 0.00466373 1.20314 0.00193814
538 0.940012 1.44702 0.0046512 1.20292 0.00193329
538.7 0.940011 1.44649 0.00463767 1.2027 0.00192802
539.4 0.94001 1.44597 0.00462311 1.20249 0.00192231
540.1 0.940008 1.44545 0.00460746 1.20227 0.00191615
540.8 0.940007 1.44494 0.00459069 1.20206 0.00190951
541.5 0.940006 1.44444 0.00457275 1.20185 0.00190238
542.2 0.940006 1.44394 0.00455361 1.20164 0.00189474
542.9 0.940005 1.44345 0.00453323 1.20144 0.00188658
543.6 0.940004 1.44297 0.00451158 1.20124 0.00187789
544.3 0.940004 1.44249 0.00448862 1.20104 0.00186864
545 0.940003 1.44202 0.00446434 1.20084 0.00185883
545.7 0.940003 1.44155 0.0044387 1.20065 0.00184846
546.4 0.940003 1.4411 0.00441168 1.20046 0.0018375
547.1 0.940003 1.44064 0.00438325 1.20027 0.00182595
547.8 0.940003 1.4402 0.00435341 1.20008 0.00181379
548.5 0.940004 1.43976 0.00432211 1.1999 0.00180103
549.2 0.940004 1.43932 0.00428938 1.19972 0.00178766
549.9 0.940005 1.43889 0.00425529 1.19954 0.00177372
550.6 0.940005 1.43847 0.00421999 1.19936 0.00175926
551.3 0.940006 1.43805 0.00418359 1.19919 0.00174434
552 0.940007 1.43764 0.00414621 1.19902 0.001729
552.7 0.940008 1.43723 0.00410798 1.19885 0.0017133
553.4 0.940009 1.43683 0.00406899 1.19868 0.00169728
554.1 0.94001 1.43643 0.00402936 1.19851 0.00168098
554.8 0.940012 1.43604 0.00398918 1.19835 0.00166445
555.5 0.940013 1.43565 0.00394856 1.19819 0.00164772
556.2 0.940014 1.43527 0.00390758 1.19803 0.00163084
556.9 0.940015 1.43489 0.00386634 1.19787 0.00161384
557.6 0.940017 1.43451 0.00382492 1.19771 0.00159676
558.3 0.940018 1.43413 0.00378339 1.19755 0.00157963
559 0.940019 1.43376 0.00374186 1.1974 0.00156249
559.7 0.940021 1.4334 0.00370037 1.19725 0.00154537
560.4 0.940022 1.43303 0.00365902 1.19709 0.00152829
561.1 0.940023 1.43267 0.00361787 1.19694 0.00151129
561.8 0.940025 1.43231 0.00357698 1.19679 0.0014944
562.5 0.940026 1.43196 0.00353642 1.19665 0.00147764
563.2 0.940027 1.43161 0.00349626 1.1965 0.00146104
563.9 0.940028 1.43126 0.00345654 1.19635 0.00144462
564.6 0.940029 1.43091 0.00341734 1.19621 0.00142841
565.3 0.94003 1.43056 0.00337869 1.19606 0.00141242
566 0.940031 1.43022 0.00334066 1.19592 0.00139669
566.7 0.940032 1.42988 0.00330329 1.19577 0.00138123
567.4 0.940033 1.42954 0.00326663 1.19563 0.00136607
568.1 0.940034 1.4292 0.00323072 1.19549 0.00135121
568.8 0.940035 1.42886 0.00319561 1.19535 0.00133668
569.5 0.940035 1.42853 0.00316134 1.19521 0.0013225
570.2 0.940036 1.42819 0.00312794 1.19507 0.00130868
570.9 0.940036 1.42786 0.00309546 1.19493 0.00129524
571.6 0.940037 1.42753 0.00306393 1.19479 0.0012822
572.3 0.940037 1.4272 0.00303338 1.19466 0.00126956
573 0.940037 1.42688 0.00300384 1.19452 0.00125734
573.7 0.940037 1.42655 0.00297535 1.19438 0.00124556
574.4 0.940037 1.42622 0.00294793 1.19425 0.00123422
575.1 0.940037 1.4259 0.0029216 1.19411 0.00122334
575.8 0.940037 1.42558 0.0028964 1.19398 0.00121292
576.5 0.940036 1.42525 0.00287234 1.19384 0.00120298
577.2 0.940036 1.42493 0.00284945 1.19371 0.00119353
577.9 0.940035 1.42461 0.00282775 1.19357 0.00118457
578.6 0.940035 1.42429 0.00280725 1.19344 0.00117612
579.3 0.940034 1.42397 0.00278797 1.1933 0.00116817
580 0.940033 1.42366 0.00276993 1.19317 0.00116074
580.7 0.940032 1.42334 0.00275314 1.19304 0.00115384
581.4 0.940031 1.42302 0.00273762 1.19291 0.00114746
582.1 0.94003 1.42271 0.00272337 1.19277 0.00114161
582.8 0.940028 1.42239 0.00271039 1.19264 0.0011363
583.5 0.940027 1.42207 0.00269861 1.19251 0.00113149
584.2 0.940025 1.42176 0.00268796 1.19238 0.00112714
584.9 0.940023 1.42145 0.00267835 1.19224 0.00112324
585.6 0.940021 1.42113 0.00266972 1.19211 0.00111974
586.3 0.94002 1.42082 0.00266199 1.19198 0.00111662
587 0.940018 1.42051 0.0026551 1.19185 0.00111385
587.7 0.940016 1.4202 0.00264898 1.19172 0.00111141
588.4 0.940014 1.41989 0.00264355 1.19159 0.00110925
589.1 0.940011 1.41958 0.00263878 1.19146 0.00110737
589.8 0.940009 1.41928 0.00263458 1.19133 0.00110573
590.5 0.940007 1.41897 0.00263091 1.19121 0.0011043
591.2 0.940005 1.41867 0.00262771 1.19108 0.00110308
591.9 0.940002 1.41837 0.00262492 1.19095 0.00110203
592.6 0.94 1.41806 0.00262251 1.19083 0.00110113
593.3 0.939998 1.41777 0.0026204 1.1907 0.00110036
594 0.939995 1.41747 0.00261857 1.19057 0.00109971
594.7 0.939993 1.41717 0.00261696 1.19045 0.00109915
595.4 0.93999 1.41687 0.00261553 1.19033 0.00109866
596.1 0.939988 1.41658 0.00261424 1.1902 0.00109823
596.8 0.939986 1.41629 0.00261304 1.19008 0.00109784
597.5 0.939983 1.416 0.00261191 1.18996 0.00109748
598.2 0.939981 1.41571 0.00261079 1.18984 0.00109712
598.9 0.939978 1.41542 0.00260966 1.18972 0.00109676
599.6 0.939976 1.41514 0.00260849 1.1896 0.00109637
600.3 0.939974 1.41485 0.00260723 1.18948 0.00109596
601 0.939971 1.41457 0.00260586 1.18936 0.00109549
601.7 0.939969 1.41429 0.00260435 1.18924 0.00109496
602.4 0.939966 1.41401 0.00260267 1.18912 0.00109437
603.1 0.939964 1.41374 0.0026008 1.18901 0.00109368
603.8 0.939962 1.41346 0.0025987 1.18889 0.00109291
604.5 0.93996 1.41319 0.00259636 1.18878 0.00109203
605.2 0.939957 1.41292 0.00259374 1.18866 0.00109103
605.9 0.939955 1.41265 0.00259083 1.18855 0.00108991
606.6 0.939953 1.41238 0.00258761 1.18844 0.00108866
607.3 0.939951 1.41212 0.00258405 1.18833 0.00108726
608 0.939949 1.41186 0.00258013 1.18822 0.00108572
608.7 0.939947 1.4116 0.00257585 1.18811 0.00108401
609.4 0.939945 1.41134 0.00257117 1.188 0.00108214
610.1 0.939943 1.41108 0.00256608 1.18789 0.0010801
610.8 0.939941 1.41082 0.00256058 1.18778 0.00107788
611.5 0.939939 1.41057 0.00255463 1.18768 0.00107548
612.2 0.939937 1.41032 0.00254823 1.18757 0.00107288
612.9 0.939935 1.41007 0.00254137 1.18746 0.00107008
613.6 0.939934 1.40982 0.00253403 1.18736 0.00106708
614.3 0.939932 1.40958 0.00252619 1.18726 0.00106388
615 0.93993 1.40934 0.00251786 1.18715 0.00106046
615.7 0.939929 1.40909 0.00250901 1.18705 0.00105682
616.4 0.939927 1.40885 0.00249964 1.18695 0.00105297
617.1 0.939926 1.40862 0.00248974 1.18685 0.00104888
617.8 0.939924 1.40838 0.00247931 1.18675 0.00104458
618.5 0.939923 1.40815 0.00246838 1.18666 0.00104006
619.2 0.939922 1.40792 0.00245697 1.18656 0.00103534
619.9 0.93992 1.40769 0.00244512 1.18646 0.00103043
620.6 0.939919 1.40746 0.00243284 1.18637 0.00102533
621.3 0.939918 1.40724 0.00242017 1.18627 0.00102007
622 0.939917 1.40701 0.00240711 1.18618 0.00101465
622.7 0.939916 1.40679 0.0023937 1.18608 0.00100908
623.4 0.939915 1.40657 0.00237996 1.18599 0.00100337
624.1 0.939914 1.40635 0.00236591 1.1859 0.000997518
624.8 0.939913 1.40613 0.00235156 1.1858 0.000991547
625.5 0.939912 1.40591 0.00233695 1.18571 0.00098546
626.2 0.939911 1.4057 0.00232208 1.18562 0.000979265
626.9 0.93991 1.40549 0.00230698 1.18553 0.00097297
627.6 0.939909 1.40528 0.00229166 1.18544 0.000966583
628.3 0.939908 1.40507 0.00227614 1.18535 0.000960111
629 0.939907 1.40486 0.00226045 1.18527 0.000953561
629.7 0.939907 1.40465 0.00224459 1.18518 0.00094694
630.4 0.939906 1.40444 0.00222858 1.18509 0.000940256
631.1 0.939905 1.40424 0.00221244 1.18501 0.000933514
631.8 0.939904 1.40403 0.00219618 1.18492 0.00092672
632.5 0.939904 1.40383 0.00217982 1.18483 0.000919882
633.2 0.939903 1.40363 0.00216336 1.18475 0.000913005
633.9 0.939902 1.40343 0.00214683 1.18466 0.000906094
634.6 0.939901 1.40323 0.00213024 1.18458 0.000899156
635.3 0.939901 1.40303 0.0021136 1.1845 0.000892195
636 0.9399 1.40284 0.00209693 1.18441 0.000885217
636.7 0.939899 1.40264 0.00208022 1.18433 0.000878227
637.4 0.939898 1.40245 0.00206351 1.18425 0.000871231
638.1 0.939898 1.40225 0.00204679 1.18417 0.000864232
638.8 0.939897 1.40206 0.00203008 1.18409 0.000857235
639.5 0.939896 1.40187 0.00201339 1.184 0.000850245
640.2 0.939896 1.40168 0.00199673 1.18392 0.000843266
640.9 0.939895 1.40149 0.00198011 1.18384 0.000836303
641.6 0.939894 1.4013 0.00196353 1.18376 0.000829359
642.3 0.939894 1.40111 0.00194702 1.18368 0.000822439
643 0.939893 1.40092 0.00193057 1.18361 0.000815545
643.7 0.939892 1.40074 0.0019142 1.18353 0.000808683
644.4 0.939892 1.40055 0.00189791 1.18345 0.000801854
645.1 0.939891 1.40037 0.00188171 1.18337 0.000795064
645.8 0.93989 1.40018 0.00186561 1.18329 0.000788314
646.5 0.939889 1.4 0.00184962 1.18322 0.000781609
647.2 0.939889 1.39982 0.00183375 1.18314 0.000774951
647.9 0.939888 1.39964 0.001818 1.18306 0.000768343
648.6 0.939887 1.39945 0.00180237 1.18299 0.000761789
649.3 0.939886 1.39927 0.00178688 1.18291 0.00075529
650 0.939886 1.3991 0.00177153 1.18283 0.000748851
650.7 0.939885 1.39892 0.00175633 1.18276 0.000742472
651.4 0.939884 1.39874 0.00174128 1.18268 0.000736157
652.1 0.939883 1.39856 0.00172639 1.18261 0.000729908
652.8 0.939883 1.39839 0.00171166 1.18253 0.000723727
653.5 0.939882 1.39821 0.0016971 1.18246 0.000717616
654.2 0.939881 1.39803 0.00168272 1.18239 0.000711579
654.9 0.93988 1.39786 0.00166851 1.18231 0.000705615
655.6 0.939879 1.39769 0.00165449 1.18224 0.000699729
656.3 0.939878 1.39751 0.00164066 1.18216 0.00069392
657 0.939877 1.39734 0.00162701 1.18209 0.000688192
657.7 0.939877 1.39717 0.00161356 1.18202 0.000682545
658.4 0.939876 1.397 0.00160031 1.18195 0.000676982
659.1 0.939875 1.39683 0.00158727 1.18187 0.000671504
659.8 0.939874 1.39666 0.00157443 1.1818 0.000666112
660.5 0.939873 1.39649 0.00156179 1.18173 0.000660806
661.2 0.939872 1.39632 0.00154935 1.18166 0.000655583
661.9 0.939871 1.39615 0.0015371 1.18159 0.00065044
662.6 0.93987 1.39598 0.00152504 1.18152 0.000645375
663.3 0.939869 1.39581 0.00151316 1.18145 0.000640384
664 0.939868 1.39565 0.00150144 1.18137 0.000635465
664.7 0.939867 1.39548 0.0014899 1.1813 0.000630615
665.4 0.939866 1.39531 0.00147851 1.18123 0.000625832
666.1 0.939865 1.39515 0.00146727 1.18116 0.000621113
666.8 0.939864 1.39498 0.00145619 1.18109 0.000616457
667.5 0.939863 1.39482 0.00144524 1.18102 0.00061186
668.2 0.939862 1.39466 0.00143444 1.18096 0.000607321
668.9 0.93986 1.39449 0.00142376 1.18089 0.000602836
669.6 0.939859 1.39433 0.00141322 1.18082 0.000598405
670.3 0.939858 1.39417 0.00140279 1.18075 0.000594025
671 0.939857 1.39401 0.00139248 1.18068 0.000589694
671.7 0.939856 1.39385 0.00138228 1.18061 0.00058541
672.4 0.939855 1.39368 0.0013722 1.18054 0.000581171
673.1 0.939854 1.39353 0.00136221 1.18048 0.000576975
673.8 0.939853 1.39337 0.00135233 1.18041 0.000572821
674.5 0.939852 1.39321 0.00134254 1.18034 0.000568706
675.2 0.93985 1.39305 0.00133284 1.18028 0.000564629
675.9 0.939849 1.39289 0.00132322 1.18021 0.000560589
676.6 0.939848 1.39273 0.00131369 1.18014 0.000556582
677.3 0.939847 1.39258 0.00130424 1.18008 0.000552609
678 0.939846 1.39242 0.00129487 1.18001 0.000548668
678.7 0.939845 1.39227 0.00128556 1.17994 0.000544756
679.4 0.939844 1.39211 0.00127633 1.17988 0.000540874
680.1 0.939842 1.39196 0.00126716 1.17981 0.000537018
680.8 0.939841 1.3918 0.00125805 1.17975 0.000533188
681.5 0.93984 1.39165 0.00124901 1.17968 0.000529382
682.2 0.939839 1.3915 0.00124001 1.17962 0.0005256
682.9 0.939838 1.39135 0.00123108 1.17955 0.00052184
683.6 0.939836 1.39119 0.00122219 1.17949 0.0005181
684.3 0.939835 1.39104 0.00121335 1.17942 0.00051438
685 0.939834 1.39089 0.00120455 1.17936 0.000510679
685.7 0.939833 1.39074 0.00119579 1.1793 0.000506995
686.4 0.939832 1.39059 0.00118708 1.17923 0.000503327
687.1 0.939831 1.39044 0.0011784 1.17917 0.000499674
687.8 0.939829 1.39029 0.00116976 1.17911 0.000496036
688.5 0.939828 1.39015 0.00116115 1.17904 0.000492411
689.2 0.939827 1.39 0.00115257 1.17898 0.000488798
689.9 0.939826 1.38985 0.00114402 1.17892 0.000485197
690.6 0.939825 1.38971 0.00113549 1.17886 0.000481606
691.3 0.939824 1.38956 0.00112699 1.1788 0.000478025
692 0.939822 1.38941 0.00111851 1.17873 0.000474453
692.7 0.939821 1.38927 0.00111005 1.17867 0.00047089
693.4 0.93982 1.38913 0.00110161 1.17861 0.000467333
694.1 0.939819 1.38898 0.00109318 1.17855 0.000463783
694.8 0.939818 1.38884 0.00108477 1.17849 0.000460239
695.5 0.939816 1.3887 0.00107638 1.17843 0.0004567
696.2 0.939815 1.38855 0.00106799 1.17837 0.000453166
696.9 0.939814 1.38841 0.00105962 1.17831 0.000449636
697.6 0.939813 1.38827 0.00105126 1.17825 0.000446109
698.3 0.939812 1.38813 0.0010429 1.17819 0.000442585
699 0.939811 1.38799 0.00103455 1.17813 0.000439063
699.7 0.93981 1.38785 0.0010262 1.17807 0.000435543
700.4 0.939808 1.38771 0.00101786 1.17801 0.000432023
701.1 0.939807 1.38757 0.00100952 1.17795 0.000428505
701.8 0.939806 1.38743 0.00100118 1.17789 0.000424986
702.5 0.939805 1.3873 0.000992837 1.17784 0.000421467
703.2 0.939804 1.38716 0.000984497 1.17778 0.000417947
703.9 0.939803 1.38702 0.000976155 1.17772 0.000414426
704.6 0.939801 1.38689 0.000967809 1.17766 0.000410903
705.3 0.9398 1.38675 0.000959462 1.1776 0.000407379
706 0.939799 1.38661 0.000951118 1.17755 0.000403856
706.7 0.939798 1.38648 0.000942781 1.17749 0.000400336
707.4 0.939797 1.38635 0.000934458 1.17743 0.00039682
708.1 0.939796 1.38621 0.000926152 1.17737 0.000393312
708.8 0.939795 1.38608 0.000917868 1.17732 0.000389813
709.5 0.939794 1.38595 0.000909611 1.17726 0.000386325
710.2 0.939792 1.38581 0.000901386 1.17721 0.00038285
710.9 0.939791 1.38568 0.000893196 1.17715 0.000379389
711.6 0.93979 1.38555 0.000885045 1.17709 0.000375945
712.3 0.939789 1.38542 0.000876938 1.17704 0.000372519
713 0.939788 1.38529 0.000868878 1.17698 0.000369112
713.7 0.939787 1.38516 0.000860869 1.17693 0.000365727
714.4 0.939786 1.38503 0.000852915 1.17687 0.000362365
715.1 0.939785 1.3849 0.000845018 1.17682 0.000359026
715.8 0.939784 1.38478 0.000837182 1.17676 0.000355714
716.5 0.939782 1.38465 0.000829411 1.17671 0.000352428
717.2 0.939781 1.38452 0.000821708 1.17666 0.00034917
717.9 0.93978 1.38439 0.000814074 1.1766 0.000345943
718.6 0.939779 1.38427 0.000806514 1.17655 0.000342745
719.3 0.939778 1.38414 0.000799029 1.1765 0.00033958
720 0.939777 1.38402 0.000791623 1.17644 0.000336448
720.7 0.939776 1.3839 0.000784299 1.17639 0.000333349
721.4 0.939775 1.38377 0.000777057 1.17634 0.000330286
722.1 0.939773 1.38365 0.000769901 1.17629 0.000327259
722.8 0.939772 1.38353 0.000762833 1.17623 0.000324269
723.5 0.939771 1.38341 0.000755856 1.17618 0.000321317
724.2 0.93977 1.38328 0.00074897 1.17613 0.000318404
724.9 0.939769 1.38316 0.000742178 1.17608 0.000315531
725.6 0.939768 1.38304 0.000735483 1.17603 0.000312698
726.3 0.939767 1.38292 0.000728885 1.17598 0.000309906
727 0.939766 1.3828 0.000722387 1.17593 0.000307156
727.7 0.939764 1.38269 0.000715989 1.17588 0.000304449
728.4 0.939763 1.38257 0.000709694 1.17583 0.000301785
729.1 0.939762 1.38245 0.000703504 1.17578 0.000299166
729.8 0.939761 1.38233 0.000697419 1.17573 0.00029659
730.5 0.93976 1.38222 0.00069144 1.17568 0.00029406
731.2 0.939759 1.3821 0.00068557 1.17563 0.000291576
731.9 0.939758 1.38199 0.000679809 1.17558 0.000289138
732.6 0.939756 1.38187 0.000674159 1.17553 0.000286746
733.3 0.939755 1.38176 0.00066862 1.17548 0.000284402
734 0.939754 1.38165 0.000663193 1.17543 0.000282106
734.7 0.939753 1.38153 0.00065788 1.17539 0.000279857
735.4 0.939752 1.38142 0.000652682 1.17534 0.000277657
736.1 0.939751 1.38131 0.000647599 1.17529 0.000275505
736.8 0.939749 1.3812 0.000642631 1.17524 0.000273403
737.5 0.939748 1.38109 0.000637781 1.1752 0.000271351
738.2 0.939747 1.38098 0.000633048 1.17515 0.000269348
738.9 0.939746 1.38087 0.000628433 1.1751 0.000267395
739.6 0.939745 1.38076 0.000623937 1.17506 0.000265492
740.3 0.939744 1.38065 0.00061956 1.17501 0.00026364
741 0.939742 1.38055 0.000615303 1.17497 0.000261839
741.7 0.939741 1.38044 0.000611166 1.17492 0.000260088
742.4 0.93974 1.38033 0.00060715 1.17488 0.000258389
743.1 0.939739 1.38023 0.000603255 1.17483 0.000256741
743.8 0.939738 1.38012 0.000599481 1.17479 0.000255145
744.5 0.939736 1.38002 0.000595829 1.17474 0.0002536
745.2 0.939735 1.37991 0.000592299 1.1747 0.000252107
745.9 0.939734 1.37981 0.000588891 1.17465 0.000250666
746.6 0.939733 1.3797 0.000585605 1.17461 0.000249277
747.3 0.939732 1.3796 0.000582442 1.17456 0.00024794
748 0.93973 1.3795 0.000579402 1.17452 0.000246655
748.7 0.939729 1.3794 0.000576485 1.17448 0.000245422
749.4 0.939728 1.3793 0.00057369 1.17443 0.000244241
750.1 0.939727 1.3792 0.000571019 1.17439 0.000243113
750.8 0.939726 1.3791 0.00056847 1.17435 0.000242036
751.5 0.939724 1.379 0.000566045 1.17431 0.000241012
752.2 0.939723 1.3789 0.000563742 1.17427 0.00024004
752.9 0.939722 1.3788 0.000561562 1.17422 0.000239121
753.6 0.939721 1.3787 0.000559506 1.17418 0.000238253
754.3 0.939719 1.37861 0.000557571 1.17414 0.000237438
755 0.939718 1.37851 0.00055576 1.1741 0.000236675
755.7 0.939717 1.37841 0.000554071 1.17406 0.000235964
756.4 0.939716 1.37832 0.000552504 1.17402 0.000235305
757.1 0.939715 1.37822 0.000551057 1.17398 0.000234697
757.8 0.939713 1.37813 0.000549724 1.17394 0.000234137
758.5 0.939712 1.37803 0.000548503 1.1739 0.000233625
759.2 0.939711 1.37794 0.000547388 1.17386 0.000233158
759.9 0.93971 1.37785 0.000546375 1.17382 0.000232735
760.6 0.939708 1.37775 0.000545461 1.17378 0.000232353
761.3 0.939707 1.37766 0.000544641 1.17374 0.000232011
762 0.939706 1.37757 0.000543911 1.1737 0.000231708
762.7 0.939705 1.37748 0.000543268 1.17366 0.000231442
763.4 0.939703 1.37739 0.000542708 1.17362 0.000231211
764.1 0.939702 1.3773 0.000542227 1.17358 0.000231013
764.8 0.939701 1.37721 0.000541821 1.17354 0.000230848
765.5 0.9397 1.37712 0.000541488 1.17351 0.000230714
766.2 0.939698 1.37703 0.000541223 1.17347 0.000230608
766.9 0.939697 1.37694 0.000541024 1.17343 0.000230531
767.6 0.939696 1.37685 0.000540887 1.17339 0.00023048
768.3 0.939695 1.37676 0.000540809 1.17335 0.000230454
769 0.939693 1.37667 0.000540787 1.17332 0.000230452
769.7 0.939692 1.37658 0.000540818 1.17328 0.000230473
770.4 0.939691 1.3765 0.000540898 1.17324 0.000230514
771.1 0.93969 1.37641 0.000541026 1.1732 0.000230576
771.8 0.939688 1.37632 0.000541198 1.17317 0.000230657
772.5 0.939687 1.37624 0.000541411 1.17313 0.000230755
773.2 0.939686 1.37615 0.000541663 1.17309 0.000230869
773.9 0.939685 1.37606 0.000541951 1.17306 0.000231
774.6 0.939683 1.37598 0.000542273 1.17302 0.000231144
775.3 0.939682 1.37589 0.000542626 1.17298 0.000231301
776 0.939681 1.37581 0.000543007 1.17295 0.000231471
776.7 0.93968 1.37572 0.000543414 1.17291 0.000231652
777.4 0.939678 1.37564 0.000543845 1.17288 0.000231843
778.1 0.939677 1.37555 0.000544298 1.17284 0.000232043
778.8 0.939676 1.37547 0.00054477 1.1728 0.000232251
779.5 0.939675 1.37539 0.000545258 1.17277 0.000232466
780.2 0.939674 1.3753 0.000545762 1.17273 0.000232688
780.9 0.939672 1.37522 0.000546279 1.1727 0.000232915
781.6 0.939671 1.37513 0.000546806 1.17266 0.000233147
782.3 0.93967 1.37505 0.000547342 1.17263 0.000233383
783 0.939669 1.37497 0.000547885 1.17259 0.000233622
783.7 0.939667 1.37489 0.000548433 1.17256 0.000233862
784.4 0.939666 1.3748 0.000548984 1.17252 0.000234104
785.1 0.939665 1.37472 0.000549536 1.17248 0.000234347
785.8 0.939664 1.37464 0.000550088 1.17245 0.000234589
786.5 0.939662 1.37456 0.000550638 1.17241 0.000234831
787.2 0.939661 1.37447 0.000551184 1.17238 0.000235071
787.9 0.93966 1.37439 0.000551725 1.17235 0.000235308
788.6 0.939659 1.37431 0.000552259 1.17231 0.000235543
789.3 0.939658 1.37423 0.000552784 1.17228 0.000235774
790 0.939656 1.37415 0.000553299 1.17224 0.000236001
790.7 0.939655 1.37407 0.000553802 1.17221 0.000236222
791.4 0.939654 1.37399 0.000554293 1.17217 0.000236439
792.1 0.939653 1.37391 0.00055477 1.17214 0.000236649
792.8 0.939652 1.37383 0.00055523 1.1721 0.000236852
793.5 0.93965 1.37374 0.000555674 1.17207 0.000237048
794.2 0.939649 1.37366 0.0005561 1.17203 0.000237237
794.9 0.939648 1.37358 0.000556506 1.172 0.000237417
795.6 0.939647 1.3735 0.000556891 1.17197 0.000237589
796.3 0.939646 1.37342 0.000557255 1.17193 0.000237751
797 0.939644 1.37334 0.000557596 1.1719 0.000237903
797.7 0.939643 1.37326 0.000557913 1.17186 0.000238045
798.4 0.939642 1.37318 0.000558204 1.17183 0.000238176
799.1 0.939641 1.3731 0.00055847 1.1718 0.000238297
799.8 0.93964 1.37302 0.000558708 1.17176 0.000238405
800.5 0.939638 1.37295 0.000558918 1.17173 0.000238502
801.2 0.939637 1.37287 0.0005591 1.17169 0.000238586
801.9 0.939636 1.37279 0.000559251 1.17166 0.000238658
802.6 0.939635 1.37271 0.000559372 1.17163 0.000238716
803.3 0.939634 1.37263 0.000559461 1.17159 0.000238761
804 0.939633 1.37255 0.000559518 1.17156 0.000238792
804.7 0.939631 1.37247 0.000559541 1.17152 0.000238809
805.4 0.93963 1.37239 0.00055953 1.17149 0.000238811
806.1 0.939629 1.37231 0.000559485 1.17146 0.000238799
806.8 0.939628 1.37223 0.000559405 1.17142 0.000238771
807.5 0.939627 1.37216 0.000559288 1.17139 0.000238728
808.2 0.939626 1.37208 0.000559134 1.17136 0.00023867
808.9 0.939625 1.372 0.000558944 1.17132 0.000238595
809.6 0.939623 1.37192 0.000558715 1.17129 0.000238504
810.3 0.939622 1.37184 0.000558448 1.17126 0.000238397
811 0.939621 1.37176 0.000558142 1.17122 0.000238273
811.7 0.93962 1.37169 0.000557796 1.17119 0.000238132
812.4 0.939619 1.37161 0.00055741 1.17116 0.000237974
813.1 0.939618 1.37153 0.000556984 1.17112 0.000237799
813.8 0.939617 1.37145 0.000556517 1.17109 0.000237606
814.5 0.939615 1.37137 0.000556008 1.17106 0.000237396
815.2 0.939614 1.3713 0.000555458 1.17102 0.000237168
815.9 0.939613 1.37122 0.000554866 1.17099 0.000236921
816.6 0.939612 1.37114 0.000554231 1.17096 0.000236657
817.3 0.939611 1.37106 0.000553553 1.17092 0.000236374
818 0.93961 1.37099 0.000552832 1.17089 0.000236073
818.7 0.939609 1.37091 0.000552067 1.17086 0.000235753
819.4 0.939608 1.37083 0.000551259 1.17082 0.000235415
820.1 0.939607 1.37075 0.000550407 1.17079 0.000235058
820.8 0.939605 1.37068 0.000549511 1.17076 0.000234682
821.5 0.939604 1.3706 0.00054857 1.17073 0.000234286
822.2 0.939603 1.37052 0.000547586 1.17069 0.000233873
822.9 0.939602 1.37044 0.00054656 1.17066 0.000233441
823.6 0.939601 1.37037 0.000545493 1.17063 0.000232992
824.3 0.9396 1.37029 0.000544388 1.17059 0.000232526
825 0.939599 1.37021 0.000543244 1.17056 0.000232044
825.7 0.939598 1.37014 0.000542065 1.17053 0.000231547
826.4 0.939597 1.37006 0.000540851 1.1705 0.000231035
827.1 0.939596 1.36998 0.000539604 1.17046 0.000230509
827.8 0.939595 1.36991 0.000538325 1.17043 0.000229969
828.5 0.939593 1.36983 0.000537016 1.1704 0.000229416
829.2 0.939592 1.36975 0.000535677 1.17036 0.00022885
829.9 0.939591 1.36968 0.00053431 1.17033 0.000228273
830.6 0.93959 1.3696 0.000532917 1.1703 0.000227684
831.3 0.939589 1.36953 0.000531498 1.17027 0.000227084
832 0.939588 1.36945 0.000530054 1.17023 0.000226474
832.7 0.939587 1.36937 0.000528588 1.1702 0.000225853
833.4 0.939586 1.3693 0.0005271 1.17017 0.000225224
834.1 0.939585 1.36922 0.000525591 1.17014 0.000224585
834.8 0.939584 1.36915 0.000524062 1.17011 0.000223938
835.5 0.939583 1.36907 0.000522514 1.17007 0.000223283
836.2 0.939582 1.369 0.000520949 1.17004 0.00022262
836.9 0.939581 1.36892 0.000519368 1.17001 0.00022195
837.6 0.93958 1.36885 0.000517771 1.16998 0.000221274
838.3 0.939579 1.36877 0.000516159 1.16995 0.000220591
839 0.939578 1.3687 0.000514534 1.16991 0.000219902
839.7 0.939577 1.36863 0.000512896 1.16988 0.000219208
840.4 0.939576 1.36855 0.000511246 1.16985 0.000218509
841.1 0.939575 1.36848 0.000509586 1.16982 0.000217805
841.8 0.939574 1.36841 0.000507916 1.16979 0.000217097
842.5 0.939573 1.36833 0.000506236 1.16976 0.000216385
843.2 0.939572 1.36826 0.000504549 1.16973 0.000215669
843.9 0.939571 1.36819 0.000502854 1.1697 0.000214951
844.6 0.93957 1.36812 0.000501152 1.16966 0.000214229
845.3 0.939569 1.36804 0.000499445 1.16963 0.000213505
846 0.939568 1.36797 0.000497732 1.1696 0.000212778
846.7 0.939567 1.3679 0.000496016 1.16957 0.00021205
847.4 0.939566 1.36783 0.000494295 1.16954 0.00021132
848.1 0.939565 1.36776 0.000492572 1.16951 0.000210589
848.8 0.939564 1.36768 0.000490847 1.16948 0.000209857
849.5 0.939563 1.36761 0.00048912 1.16945 0.000209124
850.2 0.939562 1.36754 0.000487392 1.16942 0.00020839
850.9 0.939561 1.36747 0.000485664 1.16939 0.000207657
851.6 0.93956 1.3674 0.000483936 1.16936 0.000206924
852.3 0.939559 1.36733 0.00048221 1.16933 0.000206191
853 0.939558 1.36726 0.000480485 1.1693 0.000205458
853.7 0.939557 1.36719 0.000478762 1.16927 0.000204727
854.4 0.939556 1.36712 0.000477042 1.16924 0.000203997
855.1 0.939555 1.36705 0.000475326 1.16921 0.000203268
855.8 0.939554 1.36699 0.000473613 1.16918 0.00020254
856.5 0.939553 1.36692 0.000471904 1.16915 0.000201815
857.2 0.939552 1.36685 0.0004702 1.16912 0.000201091
857.9 0.939551 1.36678 0.000468502 1.16909 0.00020037
858.6 0.93955 1.36671 0.000466809 1.16907 0.000199651
859.3 0.939549 1.36665 0.000465123 1.16904 0.000198934
860 0.939548 1.36658 0.000463443 1.16901 0.000198221
860.7 0.939547 1.36651 0.000461771 1.16898 0.00019751
861.4 0.939546 1.36644 0.000460106 1.16895 0.000196803
862.1 0.939545 1.36638 0.000458449 1.16892 0.000196099
862.8 0.939544 1.36631 0.000456801 1.16889 0.000195399
863.5 0.939543 1.36625 0.000455161 1.16887 0.000194702
864.2 0.939542 1.36618 0.00045353 1.16884 0.000194009
864.9 0.939541 1.36611 0.000451909 1.16881 0.00019332
865.6 0.93954 1.36605 0.000450298 1.16878 0.000192636
866.3 0.93954 1.36598 0.000448697 1.16875 0.000191955
867 0.939539 1.36592 0.000447106 1.16873 0.000191279
867.7 0.939538 1.36586 0.000445526 1.1687 0.000190608
868.4 0.939537 1.36579 0.000443958 1.16867 0.000189941
869.1 0.939536 1.36573 0.000442401 1.16864 0.00018928
869.8 0.939535 1.36566 0.000440855 1.16862 0.000188623
870.5 0.939534 1.3656 0.000439322 1.16859 0.000187971
871.2 0.939533 1.36554 0.000437801 1.16856 0.000187325
871.9 0.939532 1.36547 0.000436293 1.16854 0.000186684
872.6 0.939531 1.36541 0.000434797 1.16851 0.000186048
873.3 0.939531 1.36535 0.000433315 1.16848 0.000185418
874 0.93953 1.36529 0.000431846 1.16846 0.000184794
874.7 0.939529 1.36523 0.000430391 1.16843 0.000184175
875.4 0.939528 1.36516 0.000428949 1.1684 0.000183562
876.1 0.939527 1.3651 0.000427521 1.16838 0.000182955
876.8 0.939526 1.36504 0.000426108 1.16835 0.000182354
877.5 0.939525 1.36498 0.000424708 1.16832 0.00018176
878.2 0.939524 1.36492 0.000423324 1.1683 0.000181171
878.9 0.939523 1.36486 0.000421954 1.16827 0.000180589
879.6 0.939523 1.3648 0.000420599 1.16825 0.000180013
880.3 0.939522 1.36474 0.00041926 1.16822 0.000179444
881 0.939521 1.36468 0.000417935 1.1682 0.000178881
881.7 0.93952 1.36462 0.000416626 1.16817 0.000178324
882.4 0.939519 1.36456 0.000415333 1.16815 0.000177774
883.1 0.939518 1.36451 0.000414056 1.16812 0.000177231
883.8 0.939517 1.36445 0.000412794 1.1681 0.000176695
884.5 0.939517 1.36439 0.000411548 1.16807 0.000176166
885.2 0.939516 1.36433 0.000410319 1.16805 0.000175643
885.9 0.939515 1.36428 0.000409106 1.16802 0.000175128
886.6 0.939514 1.36422 0.000407909 1.168 0.000174619
887.3 0.939513 1.36416 0.000406729 1.16797 0.000174117
888 0.939512 1.3641 0.000405565 1.16795 0.000173623
888.7 0.939512 1.36405 0.000404418 1.16792 0.000173135
889.4 0.939511 1.36399 0.000403288 1.1679 0.000172655
890.1 0.93951 1.36394 0.000402175 1.16788 0.000172182
890.8 0.939509 1.36388 0.000401079 1.16785 0.000171716
891.5 0.939508 1.36383 0.000399999 1.16783 0.000171258
892.2 0.939507 1.36377 0.000398937 1.16781 0.000170806
892.9 0.939507 1.36372 0.000397892 1.16778 0.000170362
893.6 0.939506 1.36366 0.000396864 1.16776 0.000169925
894.3 0.939505 1.36361 0.000395851 1.16774 0.000169495
895 0.939504 1.36355 0.000394854 1.16771 0.000169072
895.7 0.939503 1.3635 0.000393872 1.16769 0.000168654
896.4 0.939503 1.36345 0.000392904 1.16767 0.000168243
897.1 0.939502 1.36339 0.000391949 1.16764 0.000167838
897.8 0.939501 1.36334 0.000391009 1.16762 0.000167438
898.5 0.9395 1.36329 0.00039008 1.1676 0.000167044
899.2 0.939499 1.36324 0.000389165 1.16758 0.000166655
899.9 0.939499 1.36318 0.000388261 1.16755 0.000166271
900.6 0.939498 1.36313 0.000387368 1.16753 0.000165892
901.3 0.939497 1.36308 0.000386487 1.16751 0.000165518
902 0.939496 1.36303 0.000385616 1.16749 0.000165148
902.7 0.939496 1.36298 0.000384755 1.16747 0.000164782
903.4 0.939495 1.36293 0.000383904 1.16744 0.000164421
904.1 0.939494 1.36288 0.000383062 1.16742 0.000164063
904.8 0.939493 1.36283 0.000382229 1.1674 0.00016371
905.5 0.939492 1.36277 0.000381405 1.16738 0.000163359
906.2 0.939492 1.36272 0.000380589 1.16736 0.000163013
906.9 0.939491 1.36267 0.00037978 1.16734 0.000162669
907.6 0.93949 1.36262 0.000378979 1.16732 0.000162329
908.3 0.939489 1.36258 0.000378184 1.16729 0.000161992
909 0.939489 1.36253 0.000377396 1.16727 0.000161657
909.7 0.939488 1.36248 0.000376615 1.16725 0.000161325
910.4 0.939487 1.36243 0.000375839 1.16723 0.000160996
911.1 0.939486 1.36238 0.000375069 1.16721 0.000160669
911.8 0.939486 1.36233 0.000374304 1.16719 0.000160344
912.5 0.939485 1.36228 0.000373545 1.16717 0.000160022
913.2 0.939484 1.36223 0.000372789 1.16715 0.000159701
913.9 0.939483 1.36219 0.000372038 1.16713 0.000159382
914.6 0.939483 1.36214 0.000371292 1.16711 0.000159065
915.3 0.939482 1.36209 0.000370548 1.16709 0.000158749
916 0.939481 1.36204 0.000369809 1.16707 0.000158435
916.7 0.939481 1.36199 0.000369072 1.16705 0.000158122
917.4 0.93948 1.36195 0.000368338 1.16703 0.000157811
918.1 0.939479 1.3619 0.000367607 1.167 0.0001575
918.8 0.939478 1.36185 0.000366878 1.16698 0.000157191
919.5 0.939478 1.36181 0.000366152 1.16696 0.000156882
920.2 0.939477 1.36176 0.000365427 1.16694 0.000156574
920.9 0.939476 1.36171 0.000364704 1.16693 0.000156267
921.6 0.939476 1.36167 0.000363982 1.16691 0.00015596
922.3 0.939475 1.36162 0.000363261 1.16689 0.000155654
923 0.939474 1.36158 0.000362541 1.16687 0.000155348
923.7 0.939473 1.36153 0.000361822 1.16685 0.000155043
924.4 0.939473 1.36148 0.000361103 1.16683 0.000154737
925.1 0.939472 1.36144 0.000360384 1.16681 0.000154432
925.8 0.939471 1.36139 0.000359665 1.16679 0.000154126
926.5 0.939471 1.36135 0.000358946 1.16677 0.000153821
927.2 0.93947 1.3613 0.000358227 1.16675 0.000153515
927.9 0.939469 1.36126 0.000357507 1.16673 0.000153209
928.6 0.939469 1.36121 0.000356787 1.16671 0.000152903
929.3 0.939468 1.36117 0.000356065 1.16669 0.000152596
930 0.939467 1.36113 0.000355342 1.16667 0.000152289
930.7 0.939466 1.36108 0.000354618 1.16665 0.000151981
931.4 0.939466 1.36104 0.000353892 1.16663 0.000151672
932.1 0.939465 1.36099 0.000353165 1.16662 0.000151363
932.8 0.939464 1.36095 0.000352436 1.1666 0.000151053
933.5 0.939464 1.36091 0.000351704 1.16658 0.000150742
934.2 0.939463 1.36086 0.000350971 1.16656 0.00015043
934.9 0.939462 1.36082 0.000350235 1.16654 0.000150117
935.6 0.939462 1.36077 0.000349497 1.16652 0.000149803
936.3 0.939461 1.36073 0.000348756 1.1665 0.000149488
937 0.93946 1.36069 0.000348013 1.16649 0.000149171
937.7 0.93946 1.36065 0.000347266 1.16647 0.000148854
938.4 0.939459 1.3606 0.000346517 1.16645 0.000148535
939.1 0.939458 1.36056 0.000345764 1.16643 0.000148215
939.8 0.939458 1.36052 0.000345008 1.16641 0.000147893
940.5 0.939457 1.36047 0.000344249 1.16639 0.00014757
941.2 0.939456 1.36043 0.000343486 1.16638 0.000147245
941.9 0.939456 1.36039 0.000342719 1.16636 0.000146919
942.6 0.939455 1.36035 0.000341949 1.16634 0.000146591
943.3 0.939455 1.36031 0.000341175 1.16632 0.000146261
944 0.939454 1.36026 0.000340397 1.1663 0.00014593
944.7 0.939453 1.36022 0.000339615 1.16629 0.000145597
945.4 0.939453 1.36018 0.000338828 1.16627 0.000145262
946.1 0.939452 1.36014 0.000338038 1.16625 0.000144925
946.8 0.939451 1.3601 0.000337242 1.16623 0.000144586
947.5 0.939451 1.36006 0.000336443 1.16621 0.000144246
948.2 0.93945 1.36001 0.000335639 1.1662 0.000143903
948.9 0.939449 1.35997 0.00033483 1.16618 0.000143559
949.6 0.939449 1.35993 0.000334017 1.16616 0.000143212
950.3 0.939448 1.35989 0.000333198 1.16614 0.000142863
951 0.939447 1.35985 0.000332375 1.16613 0.000142512
951.7 0.939447 1.35981 0.000331547 1.16611 0.00014216
952.4 0.939446 1.35977 0.000330714 1.16609 0.000141804
953.1 0.939446 1.35973 0.000329876 1.16607 0.000141447
953.8 0.939445 1.35969 0.000329032 1.16606 0.000141087
954.5 0.939444 1.35965 0.000328183 1.16604 0.000140726
955.2 0.939444 1.35961 0.000327329 1.16602 0.000140362
955.9 0.939443 1.35957 0.00032647 1.16601 0.000139995
956.6 0.939443 1.35953 0.000325605 1.16599 0.000139626
957.3 0.939442 1.35949 0.000324735 1.16597 0.000139255
958 0.939441 1.35945 0.000323859 1.16595 0.000138882
958.7 0.939441 1.35941 0.000322978 1.16594 0.000138506
959.4 0.93944 1.35937 0.000322091 1.16592 0.000138127
960.1 0.939439 1.35933 0.000321198 1.1659 0.000137746
960.8 0.939439 1.35929 0.0003203 1.16589 0.000137363
961.5 0.939438 1.35925 0.000319395 1.16587 0.000136977
962.2 0.939438 1.35921 0.000318485 1.16585 0.000136589
962.9 0.939437 1.35917 0.00031757 1.16583 0.000136198
963.6 0.939436 1.35913 0.000316648 1.16582 0.000135805
964.3 0.939436 1.35909 0.00031572 1.1658 0.000135409
965 0.939435 1.35905 0.000314787 1.16578 0.000135011
965.7 0.939435 1.35902 0.000313847 1.16577 0.00013461
966.4 0.939434 1.35898 0.000312901 1.16575 0.000134206
967.1 0.939433 1.35894 0.00031195 1.16573 0.0001338
967.8 0.939433 1.3589 0.000310992 1.16572 0.000133391
968.5 0.939432 1.35886 0.000310028 1.1657 0.000132979
969.2 0.939432 1.35882 0.000309059 1.16569 0.000132565
969.9 0.939431 1.35878 0.000308083 1.16567 0.000132148
970.6 0.93943 1.35875 0.000307101 1.16565 0.000131729
971.3 0.93943 1.35871 0.000306112 1.16564 0.000131307
972 0.939429 1.35867 0.000305118 1.16562 0.000130882
972.7 0.939429 1.35863 0.000304117 1.1656 0.000130455
973.4 0.939428 1.35859 0.00030311 1.16559 0.000130025
974.1 0.939428 1.35855 0.000302097 1.16557 0.000129592
974.8 0.939427 1.35852 0.000301078 1.16555 0.000129157
975.5 0.939426 1.35848 0.000300052 1.16554 0.000128718
976.2 0.939426 1.35844 0.000299021 1.16552 0.000128278
976.9 0.939425 1.3584 0.000297983 1.16551 0.000127834
977.6 0.939425 1.35837 0.000296939 1.16549 0.000127388
978.3 0.939424 1.35833 0.000295888 1.16547 0.000126939
979 0.939424 1.35829 0.000294831 1.16546 0.000126487
979.7 0.939423 1.35825 0.000293769 1.16544 0.000126033
980.4 0.939422 1.35822 0.000292699 1.16543 0.000125576
981.1 0.939422 1.35818 0.000291624 1.16541 0.000125116
981.8 0.939421 1.35814 0.000290542 1.16539 0.000124654
982.5 0.939421 1.35811 0.000289454 1.16538 0.000124189
983.2 0.93942 1.35807 0.00028836 1.16536 0.000123721
983.9 0.93942 1.35803 0.00028726 1.16535 0.000123251
984.6 0.939419 1.358 0.000286154 1.16533 0.000122778
985.3 0.939418 1.35796 0.000285041 1.16531 0.000122302
986 0.939418 1.35792 0.000283924 1.1653 0.000121825
986.7 0.939417 1.35789 0.000282802 1.16528 0.000121345
987.4 0.939417 1.35785 0.000281675 1.16527 0.000120863
988.1 0.939416 1.35781 0.000280545 1.16525 0.00012038
988.8 0.939416 1.35778 0.000279411 1.16524 0.000119895
989.5 0.939415 1.35774 0.000278275 1.16522 0.000119409
990.2 0.939415 1.3577 0.000277136 1.16521 0.000118921
990.9 0.939414 1.35767 0.000275995 1.16519 0.000118433
991.6 0.939413 1.35763 0.000274852 1.16517 0.000117945
992.3 0.939413 1.3576 0.000273709 1.16516 0.000117456
993 0.939412 1.35756 0.000272565 1.16514 0.000116966
993.7 0.939412 1.35752 0.00027142 1.16513 0.000116476
994.4 0.939411 1.35749 0.000270275 1.16511 0.000115987
995.1 0.939411 1.35745 0.000269131 1.1651 0.000115497
995.8 0.93941 1.35742 0.000267988 1.16508 0.000115008
996.5 0.93941 1.35738 0.000266846 1.16507 0.00011452
997.2 0.939409 1.35734 0.000265706 1.16505 0.000114032
997.9 0.939409 1.35731 0.000264568 1.16504 0.000113545
998.6 0.939408 1.35727 0.000263432 1.16502 0.000113059
999.3 0.939407 1.35724 0.000262298 1.16501 0.000112574
1000 0.939407 1.3572 0.000261168 1.16499 0.00011209
