300 0.874997 1.17038 0.236655 1.0873 0.108827
300.7 0.875448 1.16456 0.233706 1.08452 0.107747
301.4 0.875896 1.15833 0.230619 1.08152 0.106618
302.1 0.876347 1.15168 0.227364 1.07833 0.105424
302.8 0.876811 1.14467 0.22391 1.07495 0.104149
303.5 0.877298 1.13734 0.220229 1.0714 0.102776
304.2 0.877814 1.12975 0.216301 1.06771 0.101292
304.9 0.878367 1.12195 0.212112 1.0639 0.099686
305.6 0.878962 1.11399 0.207654 1.05999 0.0979506
306.3 0.879602 1.10593 0.202928 1.05601 0.0960824
307 0.880289 1.09783 0.197946 1.05199 0.0940821
307.7 0.881021 1.08974 0.192728 1.04795 0.091955
308.4 0.881797 1.08173 0.187304 1.04392 0.0897119
309.1 0.88261 1.07384 0.181716 1.03994 0.0873685
309.8 0.883452 1.06612 0.176013 1.03602 0.0849465
310.5 0.884314 1.05863 0.170256 1.0322 0.0824728
311.2 0.885181 1.05139 0.164516 1.02849 0.0799793
311.9 0.886037 1.04439 0.158855 1.02489 0.0774984
312.6 0.886862 1.03756 0.153327 1.02137 0.0750592
313.3 0.887638 1.03082 0.147977 1.01789 0.072688
314 0.888348 1.0241 0.142847 1.01443 0.0704077
314.7 0.888973 1.01731 0.137968 1.01092 0.0682386
315.4 0.889499 1.01035 0.133369 1.00734 0.0661987
316.1 0.889906 1.00313 0.129073 1.00363 0.0643034
316.8 0.890179 0.99555 0.1251 0.999732 0.0625668
317.5 0.890297 0.987494 0.121467 0.995598 0.0610021
318.2 0.890241 0.978842 0.118189 0.991159 0.0596217
318.9 0.889986 0.969461 0.115281 0.986345 0.0584387
319.6 0.889504 0.959205 0.112759 0.981075 0.0574672
320.3 0.88876 0.947906 0.11064 0.975256 0.0567235
321 0.887717 0.935396 0.108938 0.968792 0.0562238
321.7 0.886351 0.921607 0.107639 0.961634 0.0559669
322.4 0.884639 0.906509 0.106725 0.95375 0.0559501
323.1 0.882554 0.890074 0.106184 0.945108 0.0561757
323.8 0.880061 0.872276 0.106014 0.935674 0.0566512
324.5 0.877117 0.853098 0.106219 0.925414 0.0573901
325.2 0.873674 0.832533 0.106811 0.9143 0.0584115
325.9 0.869675 0.81059 0.10781 0.902307 0.0597411
326.6 0.865058 0.7873 0.109242 0.889422 0.0614116
327.3 0.859756 0.762722 0.111142 0.875642 0.0634631
328 0.853701 0.736955 0.113553 0.86099 0.0659433
328.7 0.846825 0.710141 0.116523 0.845511 0.0689071
329.4 0.839075 0.682482 0.120107 0.829292 0.0724152
330.1 0.830417 0.654246 0.124358 0.812467 0.0765309
330.8 0.820852 0.625779 0.129329 0.79523 0.0813151
331.5 0.810443 0.597515 0.135062 0.777851 0.0868174
332.2 0.799296 0.569891 0.141589 0.760627 0.0930738
332.9 0.787453 0.543041 0.148946 0.743686 0.10014
333.6 0.774938 0.516983 0.157162 0.727092 0.108076
334.3 0.761775 0.491705 0.166255 0.7109 0.116933
335 0.747988 0.467156 0.176233 0.695143 0.12676
335.7 0.733591 0.443247 0.187097 0.679839 0.137604
336.4 0.718589 0.419848 0.198847 0.664983 0.149513
337.1 0.702965 0.396789 0.211481 0.650545 0.162542
337.8 0.686677 0.373856 0.225008 0.636475 0.176761
338.5 0.669655 0.35079 0.239447 0.6227 0.192265
339.2 0.651792 0.327286 0.254835 0.609132 0.209179
339.9 0.632949 0.302987 0.271237 0.595669 0.227674
340.6 0.612953 0.277477 0.288746 0.58221 0.247974
341.3 0.591609 0.250277 0.3075 0.568663 0.270371
342 0.568709 0.220826 0.327685 0.554965 0.29523
342.7 0.544063 0.188466 0.349556 0.541106 0.323001
343.4 0.517689 0.152637 0.373423 0.527281 0.354102
344.1 0.490016 0.113074 0.399629 0.514 0.388744
344.8 0.461643 0.0695173 0.428567 0.50184 0.426996
345.5 0.433253 0.0216779 0.460701 0.49137 0.468792
346.2 0.40552 -0.0307631 0.496575 0.483096 0.513951
346.9 0.379019 -0.0881521 0.536839 0.477429 0.562219
347.6 0.354172 -0.150858 0.582267 0.474676 0.613331
348.3 0.331237 -0.219267 0.633791 0.475069 0.667051
349 0.310326 -0.293763 0.692531 0.478799 0.723196
349.7 0.291447 -0.374712 0.759847 0.486058 0.781642
350.4 0.274536 -0.46242 0.837382 0.49707 0.842318
351.1 0.259493 -0.557084 0.927132 0.512125 0.905183
351.8 0.246205 -0.658702 1.03151 0.531596 0.970204
352.5 0.234558 -0.766953 1.15343 0.555964 1.03733
353.2 0.224451 -0.88101 1.29637 0.585829 1.10644
353.9 0.215801 -0.999278 1.4644 0.621926 1.17731
354.6 0.208545 -1.11905 1.66224 0.665123 1.24957
355.3 0.202614 -1.23642 1.89554 0.716492 1.32279
356 0.197946 -1.34574 2.17115 0.777384 1.39645
356.7 0.194542 -1.43826 2.4966 0.849408 1.46961
357.4 0.192475 -1.50084 2.87934 0.934392 1.54076
358.1 0.191911 -1.51436 3.32513 1.03426 1.6075
358.8 0.193139 -1.45231 3.83488 1.15073 1.66628
359.5 0.196606 -1.28072 4.3994 1.28478 1.71213
360.2 0.202956 -0.961399 4.99223 1.43572 1.73859
360.9 0.213032 -0.461656 5.5627 1.60003 1.73831
361.6 0.227822 0.228427 6.03534 1.77032 1.70459
362.3 0.248273 1.07649 6.3241 1.9354 1.6338
363 0.274971 2.00113 6.36299 2.08223 1.52793
363.7 0.307792 2.89182 6.13796 2.19965 1.39522
364.4 0.345739 3.64904 5.69523 2.28178 1.24798
365.1 0.38711 4.21704 5.11823 2.32903 1.09879
365.8 0.429935 4.58953 4.49264 2.34648 0.957313
366.5 0.472417 4.79362 3.88275 2.3412 0.829222
367.2 0.5132 4.86927 3.32577 2.32012 0.716723
367.9 0.551427 4.85527 2.83707 2.28896 0.619729
368.6 0.586653 4.78307 2.41847 2.25198 0.536966
369.3 0.618699 4.67584 2.06521 2.21218 0.466783
370 0.647595 4.54979 1.76948 2.17158 0.407417
370.7 0.673502 4.4157 1.52272 2.1315 0.357196
371.4 0.696653 4.28048 1.31686 2.09272 0.31463
372.1 0.717306 4.14834 1.1448 2.05569 0.278447
372.8 0.735722 4.02171 1.00055 2.02065 0.247581
373.5 0.75215 3.90188 0.879139 1.98766 0.221149
374.2 0.766819 3.7894 0.776534 1.95672 0.198427
374.9 0.779933 3.68434 0.689442 1.92777 0.178818
375.6 0.791676 3.58653 0.615198 1.90072 0.161833
376.3 0.802209 3.49564 0.551639 1.87544 0.147069
377 0.811673 3.41125 0.497008 1.85183 0.134194
377.7 0.820192 3.33292 0.449872 1.82976 0.122932
378.4 0.827874 3.26018 0.409059 1.80913 0.113054
379.1 0.834813 3.19261 0.373606 1.78983 0.104369
379.8 0.84109 3.12978 0.342717 1.77176 0.0967165
380.5 0.846779 3.07131 0.315734 1.75482 0.0899617
381.2 0.851941 3.01684 0.292107 1.73894 0.0839901
381.9 0.856633 2.96604 0.271375 1.72402 0.0787044
382.6 0.860908 2.91857 0.253118 1.70999 0.0740117
383.3 0.864817 2.87411 0.23696 1.69676 0.0698272
384 0.868404 2.83236 0.222591 1.68426 0.0660797
384.7 0.871708 2.79306 0.209753 1.67242 0.0627094
385.4 0.874759 2.75599 0.198232 1.66119 0.0596658
386.1 0.877586 2.72093 0.187847 1.65051 0.056906
386.8 0.880214 2.68773 0.178447 1.64033 0.0543935
387.5 0.882663 2.6562 0.169901 1.63062 0.052097
388.2 0.884952 2.62621 0.1621 1.62133 0.0499898
388.9 0.887098 2.59763 0.15495 1.61243 0.0480486
389.6 0.889114 2.57034 0.148371 1.6039 0.0462534
390.3 0.891012 2.54425 0.142294 1.59569 0.0445868
391 0.892805 2.51926 0.136658 1.5878 0.0430338
391.7 0.894502 2.49528 0.131413 1.58019 0.0415812
392.4 0.896111 2.47225 0.126512 1.57285 0.0402174
393.1 0.89764 2.4501 0.121918 1.56576 0.0389324
393.8 0.899096 2.42876 0.117596 1.5589 0.0377174
394.5 0.900486 2.40817 0.113515 1.55226 0.0365646
395.2 0.901814 2.3883 0.109652 1.54582 0.0354672
395.9 0.903085 2.36909 0.105982 1.53957 0.0344192
396.6 0.904304 2.3505 0.102485 1.5335 0.0334154
397.3 0.905475 2.3325 0.0991447 1.5276 0.0324512
398 0.906601 2.31505 0.0959458 1.52185 0.0315227
398.7 0.907684 2.29814 0.0928791 1.51627 0.0306275
399.4 0.908725 2.28176 0.0899373 1.51084 0.029764
400.1 0.909725 2.2659 0.0871133 1.50557 0.0289304
400.8 0.910688 2.25055 0.0844007 1.50045 0.0281252
401.5 0.911613 2.23569 0.0817932 1.49547 0.0273469
402.2 0.912502 2.22133 0.079285 1.49065 0.0265941
402.9 0.913357 2.20743 0.0768704 1.48597 0.0258654
403.6 0.914179 2.194 0.0745442 1.48143 0.0251596
404.3 0.914969 2.18102 0.0723016 1.47703 0.0244753
405 0.915729 2.16846 0.0701378 1.47276 0.0238116
405.7 0.916461 2.15633 0.0680484 1.46863 0.0231673
406.4 0.917165 2.14461 0.0660294 1.46462 0.0225414
407.1 0.917842 2.13328 0.0640767 1.46074 0.021933
407.8 0.918494 2.12233 0.0621868 1.45698 0.021341
408.5 0.919122 2.11176 0.0603561 1.45334 0.0207647
409.2 0.919727 2.10154 0.0585814 1.44981 0.0202031
409.9 0.920311 2.09167 0.0568596 1.44639 0.0196556
410.6 0.920873 2.08213 0.0551876 1.44309 0.0191214
411.3 0.921415 2.07292 0.0535628 1.43988 0.0185997
412 0.921937 2.06401 0.0519825 1.43678 0.0180899
412.7 0.922442 2.05541 0.0504443 1.43378 0.0175914
413.4 0.922929 2.0471 0.0489457 1.43087 0.0171035
414.1 0.9234 2.03907 0.0474854 1.42806 0.0166259
414.8 0.923854 2.03131 0.0460637 1.42533 0.0161589
415.5 0.924293 2.0238 0.0446812 1.42269 0.0157031
416.2 0.924717 2.01653 0.0433382 1.42013 0.0152586
416.9 0.925126 2.00949 0.0420351 1.41764 0.0148257
417.6 0.925521 2.00266 0.0407718 1.41523 0.0144047
418.3 0.925903 1.99604 0.0395483 1.41288 0.0139956
419 0.926271 1.98962 0.0383646 1.4106 0.0135986
419.7 0.926626 1.98338 0.0372204 1.40839 0.0132138
420.4 0.926969 1.97732 0.0361155 1.40623 0.0128412
421.1 0.9273 1.97144 0.0350496 1.40413 0.0124808
421.8 0.92762 1.96572 0.0340222 1.40209 0.0121327
422.5 0.927928 1.96015 0.0330331 1.4001 0.0117966
423.2 0.928225 1.95473 0.0320816 1.39816 0.0114728
423.9 0.928512 1.94946 0.0311674 1.39628 0.0111609
424.6 0.928788 1.94432 0.03029 1.39443 0.010861
425.3 0.929054 1.93932 0.0294488 1.39263 0.010573
426 0.929311 1.93444 0.0286432 1.39088 0.0102968
426.7 0.929558 1.92969 0.0278729 1.38917 0.0100322
427.4 0.929796 1.92505 0.0271371 1.3875 0.00977916
428.1 0.930026 1.92052 0.0264353 1.38586 0.0095375
428.8 0.930247 1.9161 0.025767 1.38427 0.0093071
429.5 0.930459 1.91179 0.0251316 1.3827 0.00908782
430.2 0.930663 1.90758 0.0245284 1.38118 0.00887952
430.9 0.93086 1.90346 0.0239569 1.37969 0.00868203
431.6 0.931049 1.89943 0.023416 1.37823 0.00849496
432.3 0.931231 1.89549 0.0229038 1.37679 0.00831779
433 0.931406 1.89164 0.0224189 1.37539 0.00815001
433.7 0.931575 1.88785 0.0219599 1.37402 0.00799113
434.4 0.931738 1.88414 0.0215253 1.37266 0.00784072
435.1 0.931896 1.8805 0.021114 1.37133 0.00769836
435.8 0.932048 1.87692 0.0207248 1.37003 0.00756364
436.5 0.932195 1.87339 0.0203565 1.36874 0.00743622
437.2 0.932337 1.86993 0.0200081 1.36747 0.00731573
437.9 0.932475 1.86651 0.0196786 1.36622 0.00720185
438.6 0.932608 1.86315 0.0193672 1.36499 0.00709426
439.3 0.932737 1.85983 0.0190728 1.36377 0.00699267
440 0.932863 1.85655 0.0187948 1.36257 0.00689681
440.7 0.932984 1.85331 0.0185322 1.36138 0.00680639
441.4 0.933103 1.85012 0.0182844 1.36021 0.00672118
442.1 0.933217 1.84695 0.0180506 1.35904 0.00664092
442.8 0.933329 1.84383 0.0178302 1.35789 0.00656539
443.5 0.933437 1.84073 0.0176225 1.35675 0.00649437
444.2 0.933543 1.83767 0.0174269 1.35562 0.00642764
444.9 0.933646 1.83463 0.0172428 1.3545 0.006365
445.6 0.933746 1.83162 0.0170696 1.35339 0.00630626
446.3 0.933844 1.82864 0.0169069 1.35229 0.00625123
447 0.933939 1.82568 0.016754 1.35119 0.00619973
447.7 0.934032 1.82274 0.0166106 1.3501 0.00615158
448.4 0.934123 1.81983 0.016476 1.34902 0.00610663
449.1 0.934212 1.81693 0.0163499 1.34795 0.00606471
449.8 0.934299 1.81406 0.0162317 1.34688 0.00602566
450.5 0.934384 1.8112 0.0161212 1.34582 0.00598934
451.2 0.934467 1.80836 0.0160178 1.34477 0.0059556
451.9 0.934548 1.80555 0.015921 1.34372 0.00592422
452.6 0.934627 1.80275 0.0158299 1.34268 0.00589489
453.3 0.934705 1.79997 0.0157438 1.34164 0.00586736
454 0.934781 1.79722 0.015662 1.34062 0.00584135
454.7 0.934856 1.7945 0.0155839 1.3396 0.00581663
455.4 0.934929 1.7918 0.0155089 1.33859 0.00579297
456.1 0.935001 1.78913 0.0154363 1.33759 0.00577017
456.8 0.935072 1.78649 0.0153657 1.33661 0.00574803
457.5 0.935141 1.78388 0.0152966 1.33563 0.00572638
458.2 0.935209 1.7813 0.0152286 1.33467 0.00570504
458.9 0.935276 1.77875 0.0151613 1.33371 0.00568387
459.6 0.935342 1.77624 0.0150942 1.33277 0.00566273
460.3 0.935406 1.77376 0.0150271 1.33184 0.00564148
461 0.935469 1.77132 0.0149596 1.33092 0.00562002
461.7 0.935532 1.76891 0.0148915 1.33001 0.00559823
462.4 0.935593 1.76653 0.0148224 1.32912 0.00557602
463.1 0.935654 1.7642 0.0147522 1.32824 0.00555329
463.8 0.935713 1.76189 0.0146807 1.32737 0.00552997
464.5 0.935772 1.75963 0.0146076 1.32652 0.00550598
465.2 0.93583 1.75739 0.0145327 1.32568 0.00548125
465.9 0.935887 1.7552 0.014456 1.32485 0.00545572
466.6 0.935943 1.75304 0.0143773 1.32404 0.00542934
467.3 0.935998 1.75092 0.0142964 1.32323 0.00540206
468 0.936053 1.74883 0.0142132 1.32245 0.00537383
468.7 0.936107 1.74679 0.0141277 1.32167 0.00534462
469.4 0.93616 1.74477 0.0140396 1.32091 0.00531439
470.1 0.936213 1.7428 0.0139491 1.32016 0.0052831
470.8 0.936265 1.74085 0.0138559 1.31942 0.00525074
471.5 0.936316 1.73895 0.01376 1.3187 0.00521726
472.2 0.936367 1.73708 0.0136615 1.31799 0.00518269
472.9 0.936417 1.73524 0.0135605 1.3173 0.00514708
473.6 0.936467 1.73344 0.0134571 1.31661 0.00511052
474.3 0.936516 1.73167 0.0133518 1.31594 0.0050731
475 0.936565 1.72992 0.0132445 1.31528 0.00503488
475.7 0.936613 1.72821 0.0131356 1.31462 0.00499594
476.4 0.93666 1.72652 0.0130251 1.31398 0.00495634
477.1 0.936707 1.72486 0.0129132 1.31335 0.00491614
477.8 0.936753 1.72323 0.0128001 1.31273 0.0048754
478.5 0.936799 1.72162 0.012686 1.31211 0.00483418
479.2 0.936845 1.72003 0.0125709 1.31151 0.00479253
479.9 0.93689 1.71847 0.012455 1.31091 0.0047505
480.6 0.936934 1.71693 0.0123384 1.31032 0.00470815
481.3 0.936978 1.71541 0.0122212 1.30974 0.00466551
482 0.937021 1.71391 0.0121036 1.30917 0.00462263
482.7 0.937064 1.71242 0.0119856 1.3086 0.00457955
483.4 0.937106 1.71096 0.0118674 1.30804 0.00453631
484.1 0.937148 1.70951 0.011749 1.30749 0.00449294
484.8 0.93719 1.70809 0.0116305 1.30695 0.00444949
485.5 0.937231 1.70667 0.011512 1.3064 0.00440599
486.2 0.937272 1.70528 0.0113936 1.30587 0.00436246
486.9 0.937312 1.7039 0.0112754 1.30534 0.00431895
487.6 0.937351 1.70253 0.0111574 1.30482 0.00427547
488.3 0.937391 1.70118 0.0110398 1.3043 0.00423206
489 0.937429 1.69984 0.0109225 1.30379 0.00418874
489.7 0.937468 1.69852 0.0108056 1.30328 0.00414555
490.4 0.937506 1.69721 0.0106893 1.30278 0.00410249
491.1 0.937543 1.69591 0.0105735 1.30228 0.0040596
491.8 0.93758 1.69462 0.0104583 1.30178 0.0040169
492.5 0.937617 1.69335 0.0103437 1.30129 0.00397441
493.2 0.937653 1.69208 0.0102299 1.30081 0.00393214
493.9 0.937689 1.69083 0.0101169 1.30032 0.00389013
494.6 0.937724 1.68959 0.0100046 1.29985 0.00384837
495.3 0.93776 1.68835 0.00989317 1.29937 0.0038069
496 0.937794 1.68713 0.00978263 1.2989 0.00376573
496.7 0.937828 1.68592 0.00967303 1.29843 0.00372488
497.4 0.937862 1.68471 0.00956453 1.29797 0.00368442
498.1 0.937896 1.68352 0.00945728 1.29751 0.0036444
498.8 0.937928 1.68233 0.00935142 1.29705 0.00360488
499.5 0.937961 1.68115 0.0092471 1.2966 0.00356591
500.2 0.937993 1.67998 0.00914444 1.29615 0.00352755
500.9 0.938024 1.67882 0.00904356 1.2957 0.00348984
501.6 0.938056 1.67767 0.00894457 1.29525 0.00345283
502.3 0.938086 1.67653 0.00884758 1.29481 0.00341655
503 0.938116 1.67539 0.00875269 1.29437 0.00338105
503.7 0.938146 1.67426 0.00865997 1.29394 0.00334637
504.4 0.938175 1.67314 0.00856952 1.2935 0.00331253
505.1 0.938203 1.67202 0.00848141 1.29307 0.00327956
505.8 0.938231 1.67091 0.00839571 1.29264 0.0032475
506.5 0.938259 1.66981 0.00831249 1.29222 0.00321637
507.2 0.938286 1.66872 0.0082318 1.29179 0.00318619
507.9 0.938312 1.66763 0.0081537 1.29137 0.00315699
508.6 0.938338 1.66655 0.00807823 1.29095 0.00312878
509.3 0.938364 1.66548 0.00800543 1.29054 0.00310159
510 0.938389 1.66441 0.00793534 1.29012 0.00307542
510.7 0.938413 1.66335 0.007868 1.28971 0.0030503
511.4 0.938437 1.66229 0.00780343 1.2893 0.00302622
512.1 0.93846 1.66124 0.00774166 1.2889 0.00300321
512.8 0.938483 1.6602 0.0076827 1.28849 0.00298128
513.5 0.938506 1.65916 0.00762657 1.28809 0.00296042
514.2 0.938527 1.65813 0.00757328 1.28769 0.00294065
514.9 0.938549 1.65711 0.00752284 1.28729 0.00292197
515.6 0.938569 1.65609 0.00747526 1.28689 0.00290438
516.3 0.93859 1.65507 0.00743053 1.2865 0.00288789
517 0.938609 1.65406 0.00738866 1.28611 0.00287249
517.7 0.938629 1.65306 0.00734963 1.28572 0.00285818
518.4 0.938647 1.65206 0.00731345 1.28533 0.00284497
519.1 0.938666 1.65107 0.0072801 1.28494 0.00283285
519.8 0.938683 1.65009 0.00724957 1.28456 0.00282181
520.5 0.938701 1.6491 0.00722184 1.28418 0.00281185
521.2 0.938717 1.64813 0.00719689 1.2838 0.00280297
521.9 0.938734 1.64716 0.00717459 1.28342 0.00279511
522.6 0.93875 1.64619 0.00715466 1.28304 0.00278816
523.3 0.938765 1.64523 0.00713679 1.28267 0.00278201
524 0.93878 1.64428 0.00712073 1.2823 0.00277655
524.7 0.938795 1.64334 0.00710622 1.28193 0.00277169
525.4 0.938809 1.6424 0.00709301 1.28156 0.00276733
526.1 0.938824 1.64147 0.00708086 1.2812 0.00276337
526.8 0.938837 1.64054 0.00706957 1.28084 0.00275974
527.5 0.938851 1.63962 0.00705892 1.28048 0.00275635
528.2 0.938865 1.63871 0.00704871 1.28013 0.00275313
528.9 0.938878 1.63781 0.00703876 1.27977 0.00275
529.6 0.938891 1.63692 0.0070289 1.27942 0.0027469
530.3 0.938904 1.63603 0.00701895 1.27908 0.00274375
531 0.938917 1.63516 0.00700876 1.27874 0.00274051
531.7 0.938929 1.63429 0.00699819 1.2784 0.0027371
532.4 0.938942 1.63343 0.00698709 1.27806 0.00273348
533.1 0.938954 1.63258 0.00697534 1.27773 0.00272959
533.8 0.938967 1.63173 0.00696282 1.2774 0.00272539
534.5 0.938979 1.6309 0.0069494 1.27707 0.00272084
535.2 0.938991 1.63007 0.00693498 1.27675 0.00271588
535.9 0.939004 1.62926 0.00691946 1.27643 0.00271048
536.6 0.939016 1.62845 0.00690275 1.27611 0.0027046
537.3 0.939028 1.62765 0.00688475 1.2758 0.00269821
538 0.93904 1.62687 0.00686539 1.27549 0.00269128
538.7 0.939052 1.62609 0.00684458 1.27518 0.00268376
539.4 0.939065 1.62532 0.00682226 1.27488 0.00267564
540.1 0.939077 1.62456 0.00679835 1.27458 0.00266689
540.8 0.939089 1.62381 0.0067728 1.27429 0.00265748
541.5 0.939101 1.62306 0.00674554 1.274 0.00264739
542.2 0.939114 1.62233 0.00671652 1.27371 0.0026366
542.9 0.939126 1.62161 0.00668569 1.27343 0.00262508
543.6 0.939139 1.62089 0.00665301 1.27315 0.00261282
544.3 0.939151 1.62019 0.00661842 1.27287 0.0025998
545 0.939164 1.61949 0.00658189 1.2726 0.00258601
545.7 0.939177 1.61881 0.00654337 1.27233 0.00257142
546.4 0.939189 1.61813 0.00650284 1.27206 0.00255603
547.1 0.939202 1.61746 0.00646026 1.2718 0.00253982
547.8 0.939215 1.6168 0.0064156 1.27154 0.00252277
548.5 0.939228 1.61616 0.00636883 1.27128 0.00250488
549.2 0.939241 1.61552 0.00631995 1.27103 0.00248615
549.9 0.939254 1.61488 0.00626911 1.27078 0.00246663
550.6 0.939268 1.61426 0.00621648 1.27054 0.0024464
551.3 0.939281 1.61365 0.00616226 1.2703 0.00242552
552 0.939294 1.61304 0.00610662 1.27006 0.00240407
552.7 0.939308 1.61244 0.00604973 1.26982 0.00238212
553.4 0.939321 1.61185 0.00599176 1.26959 0.00235972
554.1 0.939335 1.61126 0.00593285 1.26936 0.00233695
554.8 0.939348 1.61068 0.00587315 1.26913 0.00231385
555.5 0.939361 1.61011 0.00581282 1.2689 0.00229049
556.2 0.939375 1.60955 0.00575197 1.26868 0.00226691
556.9 0.939388 1.60898 0.00569076 1.26846 0.00224318
557.6 0.939401 1.60843 0.00562929 1.26824 0.00221933
558.3 0.939414 1.60788 0.0055677 1.26802 0.00219542
559 0.939427 1.60733 0.00550609 1.26781 0.0021715
559.7 0.93944 1.60679 0.00544458 1.2676 0.0021476
560.4 0.939453 1.60626 0.00538328 1.26738 0.00212378
561.1 0.939465 1.60573 0.00532229 1.26718 0.00210006
561.8 0.939478 1.6052 0.0052617 1.26697 0.00207649
562.5 0.93949 1.60468 0.00520161 1.26676 0.00205311
563.2 0.939502 1.60416 0.00514211 1.26656 0.00202996
563.9 0.939515 1.60364 0.00508329 1.26635 0.00200706
564.6 0.939527 1.60313 0.00502522 1.26615 0.00198445
565.3 0.939538 1.60262 0.00496799 1.26595 0.00196216
566 0.93955 1.60212 0.00491167 1.26575 0.00194022
566.7 0.939561 1.60162 0.00485634 1.26555 0.00191867
567.4 0.939573 1.60112 0.00480206 1.26535 0.00189752
568.1 0.939584 1.60062 0.0047489 1.26516 0.0018768
568.8 0.939595 1.60012 0.00469692 1.26496 0.00185655
569.5 0.939605 1.59963 0.00464619 1.26477 0.00183678
570.2 0.939616 1.59914 0.00459675 1.26457 0.00181751
570.9 0.939626 1.59866 0.00454866 1.26438 0.00179877
571.6 0.939636 1.59817 0.00450198 1.26419 0.00178058
572.3 0.939646 1.59769 0.00445675 1.264 0.00176296
573 0.939656 1.59721 0.00441302 1.26381 0.00174592
573.7 0.939665 1.59673 0.00437082 1.26362 0.00172949
574.4 0.939675 1.59625 0.00433021 1.26343 0.00171367
575.1 0.939684 1.59577 0.00429122 1.26324 0.0016985
575.8 0.939692 1.5953 0.00425388 1.26305 0.00168397
576.5 0.939701 1.59483 0.00421823 1.26287 0.0016701
577.2 0.939709 1.59435 0.0041843 1.26268 0.00165692
577.9 0.939717 1.59388 0.00415212 1.26249 0.00164442
578.6 0.939725 1.59341 0.00412172 1.26231 0.00163261
579.3 0.939733 1.59295 0.00409311 1.26212 0.00162152
580 0.93974 1.59248 0.00406632 1.26194 0.00161114
580.7 0.939748 1.59201 0.00404138 1.26175 0.0016015
581.4 0.939755 1.59155 0.00401829 1.26157 0.00159258
582.1 0.939761 1.59108 0.00399708 1.26138 0.0015844
582.8 0.939768 1.59062 0.00397774 1.2612 0.00157697
583.5 0.939774 1.59016 0.00396016 1.26102 0.00157023
584.2 0.93978 1.5897 0.00394424 1.26083 0.00156414
584.9 0.939786 1.58924 0.00392986 1.26065 0.00155866
585.6 0.939792 1.58878 0.00391691 1.26047 0.00155375
586.3 0.939797 1.58832 0.00390529 1.26029 0.00154937
587 0.939803 1.58786 0.00389489 1.26011 0.00154546
587.7 0.939808 1.58741 0.00388563 1.25992 0.00154201
588.4 0.939813 1.58696 0.0038774 1.25975 0.00153896
589.1 0.939818 1.5865 0.00387011 1.25957 0.00153629
589.8 0.939822 1.58605 0.00386368 1.25939 0.00153395
590.5 0.939827 1.58561 0.00385802 1.25921 0.00153192
591.2 0.939832 1.58516 0.00385306 1.25903 0.00153017
591.9 0.939836 1.58472 0.0038487 1.25886 0.00152865
592.6 0.93984 1.58428 0.00384489 1.25868 0.00152735
593.3 0.939845 1.58384 0.00384154 1.25851 0.00152623
594 0.939849 1.5834 0.00383858 1.25833 0.00152527
594.7 0.939853 1.58296 0.00383596 1.25816 0.00152443
595.4 0.939857 1.58253 0.0038336 1.25799 0.0015237
596.1 0.939861 1.5821 0.00383144 1.25782 0.00152305
596.8 0.939865 1.58167 0.00382943 1.25765 0.00152246
597.5 0.939869 1.58125 0.0038275 1.25748 0.0015219
598.2 0.939873 1.58082 0.00382561 1.25731 0.00152135
598.9 0.939877 1.5804 0.0038237 1.25714 0.00152079
599.6 0.93988 1.57999 0.00382173 1.25698 0.00152021
600.3 0.939884 1.57957 0.00381963 1.25681 0.00151957
601 0.939888 1.57916 0.00381738 1.25665 0.00151888
601.7 0.939892 1.57875 0.00381492 1.25648 0.00151809
602.4 0.939896 1.57834 0.00381221 1.25632 0.00151721
603.1 0.939899 1.57794 0.00380922 1.25616 0.00151622
603.8 0.939903 1.57753 0.00380591 1.256 0.00151509
604.5 0.939907 1.57713 0.00380223 1.25584 0.00151382
605.2 0.93991 1.57674 0.00379816 1.25568 0.00151239
605.9 0.939914 1.57634 0.00379366 1.25553 0.00151079
606.6 0.939918 1.57595 0.00378871 1.25537 0.001509
607.3 0.939922 1.57557 0.00378326 1.25522 0.00150702
608 0.939926 1.57518 0.0037773 1.25506 0.00150483
608.7 0.939929 1.5748 0.0037708 1.25491 0.00150242
609.4 0.939933 1.57442 0.00376372 1.25476 0.00149978
610.1 0.939937 1.57404 0.00375605 1.25461 0.0014969
610.8 0.939941 1.57367 0.00374777 1.25446 0.00149378
611.5 0.939945 1.5733 0.00373885 1.25431 0.0014904
612.2 0.939949 1.57293 0.00372926 1.25417 0.00148675
612.9 0.939953 1.57257 0.003719 1.25402 0.00148283
613.6 0.939957 1.57221 0.00370805 1.25388 0.00147863
614.3 0.939961 1.57185 0.00369637 1.25373 0.00147415
615 0.939965 1.57149 0.00368397 1.25359 0.00146937
615.7 0.939969 1.57114 0.00367082 1.25345 0.00146428
616.4 0.939973 1.57079 0.0036569 1.25331 0.0014589
617.1 0.939978 1.57044 0.00364222 1.25317 0.0014532
617.8 0.939982 1.5701 0.00362676 1.25304 0.00144719
618.5 0.939986 1.56976 0.00361058 1.2529 0.00144089
619.2 0.93999 1.56942 0.0035937 1.25276 0.00143431
619.9 0.939995 1.56908 0.00357617 1.25263 0.00142747
620.6 0.939999 1.56875 0.00355803 1.2525 0.00142037
621.3 0.940004 1.56842 0.0035393 1.25237 0.00141305
622 0.940008 1.56809 0.00352003 1.25224 0.0014055
622.7 0.940013 1.56777 0.00350024 1.25211 0.00139774
623.4 0.940017 1.56744 0.00347996 1.25198 0.00138979
624.1 0.940022 1.56712 0.00345924 1.25185 0.00138165
624.8 0.940026 1.5668 0.00343809 1.25172 0.00137335
625.5 0.940031 1.56649 0.00341655 1.2516 0.00136488
626.2 0.940035 1.56617 0.00339464 1.25147 0.00135626
626.9 0.94004 1.56586 0.0033724 1.25135 0.00134751
627.6 0.940044 1.56555 0.00334984 1.25122 0.00133863
628.3 0.940049 1.56525 0.003327 1.2511 0.00132963
629 0.940054 1.56494 0.0033039 1.25098 0.00132053
629.7 0.940058 1.56464 0.00328056 1.25086 0.00131133
630.4 0.940063 1.56434 0.00325701 1.25073 0.00130204
631.1 0.940067 1.56404 0.00323326 1.25062 0.00129267
631.8 0.940072 1.56374 0.00320935 1.2505 0.00128323
632.5 0.940076 1.56344 0.00318529 1.25038 0.00127373
633.2 0.940081 1.56315 0.0031611 1.25026 0.00126418
633.9 0.940085 1.56286 0.0031368 1.25014 0.00125458
634.6 0.94009 1.56257 0.00311242 1.25003 0.00124494
635.3 0.940094 1.56228 0.00308796 1.24991 0.00123527
636 0.940099 1.56199 0.00306346 1.2498 0.00122558
636.7 0.940103 1.5617 0.00303892 1.24968 0.00121588
637.4 0.940108 1.56142 0.00301436 1.24957 0.00120616
638.1 0.940112 1.56114 0.0029898 1.24945 0.00119644
638.8 0.940117 1.56085 0.00296526 1.24934 0.00118673
639.5 0.940121 1.56057 0.00294075 1.24923 0.00117703
640.2 0.940125 1.56029 0.00291629 1.24912 0.00116734
640.9 0.94013 1.56002 0.00289188 1.24901 0.00115767
641.6 0.940134 1.55974 0.00286755 1.2489 0.00114803
642.3 0.940138 1.55947 0.00284331 1.24879 0.00113843
643 0.940142 1.55919 0.00281916 1.24868 0.00112886
643.7 0.940147 1.55892 0.00279513 1.24857 0.00111934
644.4 0.940151 1.55865 0.00277123 1.24846 0.00110986
645.1 0.940155 1.55838 0.00274746 1.24835 0.00110044
645.8 0.940159 1.55811 0.00272384 1.24824 0.00109107
646.5 0.940163 1.55785 0.00270038 1.24814 0.00108177
647.2 0.940167 1.55758 0.00267709 1.24803 0.00107253
647.9 0.940171 1.55732 0.00265398 1.24792 0.00106336
648.6 0.940175 1.55705 0.00263106 1.24782 0.00105426
649.3 0.940179 1.55679 0.00260834 1.24771 0.00104525
650 0.940183 1.55653 0.00258583 1.24761 0.00103631
650.7 0.940187 1.55627 0.00256353 1.2475 0.00102746
651.4 0.94019 1.55601 0.00254146 1.2474 0.0010187
652.1 0.940194 1.55575 0.00251962 1.2473 0.00101003
652.8 0.940198 1.55549 0.00249803 1.24719 0.00100146
653.5 0.940202 1.55523 0.00247668 1.24709 0.000992983
654.2 0.940205 1.55498 0.00245559 1.24699 0.000984608
654.9 0.940209 1.55472 0.00243476 1.24689 0.000976336
655.6 0.940212 1.55447 0.0024142 1.24678 0.00096817
656.3 0.940216 1.55422 0.00239391 1.24668 0.000960113
657 0.940219 1.55397 0.00237391 1.24658 0.000952168
657.7 0.940223 1.55371 0.00235419 1.24648 0.000944336
658.4 0.940226 1.55346 0.00233477 1.24638 0.00093662
659.1 0.94023 1.55322 0.00231564 1.24628 0.000929021
659.8 0.940233 1.55297 0.00229682 1.24618 0.000921543
660.5 0.940236 1.55272 0.0022783 1.24608 0.000914184
661.2 0.940239 1.55247 0.00226006 1.24598 0.000906939
661.9 0.940243 1.55223 0.00224211 1.24588 0.000899806
662.6 0.940246 1.55198 0.00222443 1.24579 0.00089278
663.3 0.940249 1.55174 0.002207 1.24569 0.000885858
664 0.940252 1.55149 0.00218984 1.24559 0.000879036
664.7 0.940255 1.55125 0.00217291 1.24549 0.00087231
665.4 0.940258 1.55101 0.00215622 1.2454 0.000865676
666.1 0.940261 1.55077 0.00213975 1.2453 0.000859132
666.8 0.940264 1.55053 0.0021235 1.2452 0.000852674
667.5 0.940267 1.55029 0.00210746 1.24511 0.000846299
668.2 0.94027 1.55005 0.00209163 1.24501 0.000840004
668.9 0.940272 1.54981 0.00207598 1.24491 0.000833786
669.6 0.940275 1.54957 0.00206053 1.24482 0.000827641
670.3 0.940278 1.54934 0.00204525 1.24472 0.000821567
671 0.940281 1.5491 0.00203014 1.24463 0.000815561
671.7 0.940283 1.54887 0.0020152 1.24454 0.00080962
672.4 0.940286 1.54863 0.00200042 1.24444 0.000803742
673.1 0.940289 1.5484 0.00198579 1.24435 0.000797924
673.8 0.940291 1.54817 0.00197131 1.24425 0.000792164
674.5 0.940294 1.54794 0.00195696 1.24416 0.000786458
675.2 0.940297 1.54771 0.00194275 1.24407 0.000780805
675.9 0.940299 1.54748 0.00192867 1.24398 0.000775203
676.6 0.940302 1.54725 0.00191471 1.24388 0.000769649
677.3 0.940304 1.54702 0.00190087 1.24379 0.00076414
678 0.940307 1.54679 0.00188713 1.2437 0.000758676
678.7 0.940309 1.54657 0.00187351 1.24361 0.000753253
679.4 0.940312 1.54634 0.00185998 1.24352 0.00074787
680.1 0.940314 1.54612 0.00184656 1.24343 0.000742525
680.8 0.940317 1.54589 0.00183322 1.24334 0.000737216
681.5 0.940319 1.54567 0.00181997 1.24325 0.000731941
682.2 0.940321 1.54545 0.0018068 1.24316 0.000726698
682.9 0.940324 1.54522 0.00179372 1.24307 0.000721486
683.6 0.940326 1.545 0.0017807 1.24298 0.000716303
684.3 0.940328 1.54478 0.00176776 1.24289 0.000711147
685 0.940331 1.54456 0.00175488 1.24281 0.000706016
685.7 0.940333 1.54435 0.00174207 1.24272 0.00070091
686.4 0.940335 1.54413 0.00172931 1.24263 0.000695827
687.1 0.940338 1.54391 0.00171661 1.24254 0.000690765
687.8 0.94034 1.54369 0.00170396 1.24246 0.000685723
688.5 0.940342 1.54348 0.00169136 1.24237 0.0006807
689.2 0.940344 1.54326 0.0016788 1.24228 0.000675694
689.9 0.940346 1.54305 0.00166629 1.2422 0.000670704
690.6 0.940349 1.54284 0.00165382 1.24211 0.000665729
691.3 0.940351 1.54262 0.00164138 1.24202 0.000660767
692 0.940353 1.54241 0.00162897 1.24194 0.000655818
692.7 0.940355 1.5422 0.0016166 1.24185 0.000650881
693.4 0.940357 1.54199 0.00160425 1.24177 0.000645954
694.1 0.940359 1.54178 0.00159193 1.24169 0.000641036
694.8 0.940362 1.54157 0.00157963 1.2416 0.000636127
695.5 0.940364 1.54137 0.00156735 1.24152 0.000631225
696.2 0.940366 1.54116 0.00155509 1.24143 0.000626329
696.9 0.940368 1.54095 0.00154285 1.24135 0.00062144
697.6 0.94037 1.54075 0.00153062 1.24127 0.000616555
698.3 0.940372 1.54054 0.0015184 1.24119 0.000611674
699 0.940374 1.54034 0.00150619 1.2411 0.000606796
699.7 0.940376 1.54013 0.00149399 1.24102 0.000601921
700.4 0.940378 1.53993 0.0014818 1.24094 0.000597047
701.1 0.94038 1.53973 0.00146961 1.24086 0.000592174
701.8 0.940382 1.53953 0.00145742 1.24078 0.000587302
702.5 0.940384 1.53933 0.00144524 1.2407 0.000582429
703.2 0.940386 1.53913 0.00143305 1.24062 0.000577556
703.9 0.940388 1.53893 0.00142086 1.24054 0.000572681
704.6 0.94039 1.53873 0.00140867 1.24046 0.000567803
705.3 0.940392 1.53853 0.00139648 1.24038 0.000562925
706 0.940394 1.53834 0.00138429 1.2403 0.000558047
706.7 0.940396 1.53814 0.00137211 1.24022 0.000553174
707.4 0.940398 1.53794 0.00135996 1.24014 0.000548308
708.1 0.9404 1.53775 0.00134783 1.24006 0.000543452
708.8 0.940402 1.53756 0.00133573 1.23998 0.000538608
709.5 0.940404 1.53736 0.00132367 1.2399 0.00053378
710.2 0.940406 1.53717 0.00131166 1.23983 0.00052897
710.9 0.940407 1.53698 0.0012997 1.23975 0.00052418
711.6 0.940409 1.53679 0.00128781 1.23967 0.000519414
712.3 0.940411 1.5366 0.00127597 1.2396 0.000514672
713 0.940413 1.53641 0.00126421 1.23952 0.000509958
713.7 0.940415 1.53622 0.00125251 1.23944 0.000505273
714.4 0.940417 1.53603 0.0012409 1.23937 0.00050062
715.1 0.940418 1.53585 0.00122938 1.23929 0.000496
715.8 0.94042 1.53566 0.00121794 1.23922 0.000491416
716.5 0.940422 1.53547 0.0012066 1.23914 0.00048687
717.2 0.940424 1.53529 0.00119536 1.23907 0.000482362
717.9 0.940425 1.53511 0.00118422 1.23899 0.000477896
718.6 0.940427 1.53492 0.00117319 1.23892 0.000473472
719.3 0.940429 1.53474 0.00116227 1.23885 0.000469092
720 0.94043 1.53456 0.00115146 1.23877 0.000464759
720.7 0.940432 1.53438 0.00114077 1.2387 0.000460472
721.4 0.940434 1.5342 0.00113021 1.23863 0.000456234
722.1 0.940435 1.53402 0.00111977 1.23856 0.000452046
722.8 0.940437 1.53384 0.00110946 1.23848 0.000447909
723.5 0.940438 1.53367 0.00109928 1.23841 0.000443825
724.2 0.94044 1.53349 0.00108923 1.23834 0.000439795
724.9 0.940442 1.53331 0.00107933 1.23827 0.00043582
725.6 0.940443 1.53314 0.00106956 1.2382 0.000431901
726.3 0.940445 1.53297 0.00105994 1.23813 0.000428039
727 0.940446 1.53279 0.00105046 1.23806 0.000424235
727.7 0.940447 1.53262 0.00104113 1.23799 0.00042049
728.4 0.940449 1.53245 0.00103194 1.23792 0.000416805
729.1 0.94045 1.53228 0.00102291 1.23785 0.000413181
729.8 0.940452 1.53211 0.00101404 1.23778 0.000409618
730.5 0.940453 1.53194 0.00100532 1.23772 0.000406119
731.2 0.940454 1.53177 0.000996758 1.23765 0.000402682
731.9 0.940456 1.53161 0.000988355 1.23758 0.000399309
732.6 0.940457 1.53144 0.000980114 1.23751 0.000396001
733.3 0.940458 1.53127 0.000972036 1.23745 0.000392759
734 0.94046 1.53111 0.000964122 1.23738 0.000389582
734.7 0.940461 1.53095 0.000956373 1.23731 0.000386471
735.4 0.940462 1.53078 0.000948791 1.23725 0.000383428
736.1 0.940463 1.53062 0.000941377 1.23718 0.000380452
736.8 0.940465 1.53046 0.000934133 1.23712 0.000377544
737.5 0.940466 1.5303 0.000927058 1.23705 0.000374704
738.2 0.940467 1.53014 0.000920155 1.23699 0.000371934
738.9 0.940468 1.52998 0.000913424 1.23692 0.000369232
739.6 0.940469 1.52982 0.000906866 1.23686 0.0003666
740.3 0.94047 1.52967 0.000900482 1.2368 0.000364038
741 0.940471 1.52951 0.000894272 1.23673 0.000361546
741.7 0.940472 1.52935 0.000888238 1.23667 0.000359125
742.4 0.940473 1.5292 0.000882379 1.23661 0.000356774
743.1 0.940474 1.52904 0.000876696 1.23655 0.000354494
743.8 0.940475 1.52889 0.000871191 1.23648 0.000352286
744.5 0.940476 1.52874 0.000865862 1.23642 0.000350148
745.2 0.940477 1.52859 0.000860712 1.23636 0.000348083
745.9 0.940478 1.52844 0.000855739 1.2363 0.000346089
746.6 0.940479 1.52829 0.000850944 1.23624 0.000344166
747.3 0.94048 1.52814 0.000846328 1.23618 0.000342316
748 0.940481 1.52799 0.00084189 1.23612 0.000340538
748.7 0.940482 1.52784 0.000837632 1.23606 0.000338832
749.4 0.940482 1.5277 0.000833552 1.236 0.000337197
750.1 0.940483 1.52755 0.000829651 1.23594 0.000335635
750.8 0.940484 1.5274 0.000825929 1.23588 0.000334146
751.5 0.940485 1.52726 0.000822386 1.23582 0.000332728
752.2 0.940485 1.52712 0.000819022 1.23577 0.000331382
752.9 0.940486 1.52697 0.000815836 1.23571 0.000330109
753.6 0.940487 1.52683 0.00081283 1.23565 0.000328908
754.3 0.940487 1.52669 0.000810002 1.23559 0.000327779
755 0.940488 1.52655 0.000807352 1.23554 0.000326721
755.7 0.940489 1.52641 0.00080488 1.23548 0.000325736
756.4 0.940489 1.52627 0.000802586 1.23542 0.000324822
757.1 0.94049 1.52613 0.000800466 1.23537 0.000323979
757.8 0.940491 1.52599 0.000798513 1.23531 0.000323203
758.5 0.940491 1.52586 0.000796722 1.23526 0.000322492
759.2 0.940492 1.52572 0.000795085 1.2352 0.000321844
759.9 0.940492 1.52559 0.000793597 1.23515 0.000321256
760.6 0.940493 1.52545 0.000792252 1.23509 0.000320726
761.3 0.940493 1.52532 0.000791044 1.23504 0.000320251
762 0.940494 1.52518 0.000789967 1.23498 0.000319829
762.7 0.940494 1.52505 0.000789016 1.23493 0.000319458
763.4 0.940495 1.52492 0.000788186 1.23488 0.000319136
764.1 0.940495 1.52479 0.000787471 1.23482 0.00031886
764.8 0.940495 1.52466 0.000786865 1.23477 0.000318628
765.5 0.940496 1.52453 0.000786365 1.23472 0.000318439
766.2 0.940496 1.5244 0.000785964 1.23466 0.000318291
766.9 0.940497 1.52427 0.000785659 1.23461 0.00031818
767.6 0.940497 1.52414 0.000785443 1.23456 0.000318107
768.3 0.940497 1.52401 0.000785314 1.23451 0.000318068
769 0.940498 1.52388 0.000785266 1.23446 0.000318062
769.7 0.940498 1.52375 0.000785295 1.2344 0.000318086
770.4 0.940499 1.52363 0.000785396 1.23435 0.000318141
771.1 0.940499 1.5235 0.000785566 1.2343 0.000318223
771.8 0.940499 1.52337 0.0007858 1.23425 0.000318331
772.5 0.9405 1.52325 0.000786094 1.2342 0.000318463
773.2 0.9405 1.52312 0.000786444 1.23415 0.000318618
773.9 0.9405 1.523 0.000786847 1.2341 0.000318794
774.6 0.9405 1.52287 0.000787298 1.23405 0.00031899
775.3 0.940501 1.52275 0.000787794 1.234 0.000319204
776 0.940501 1.52263 0.000788332 1.23395 0.000319435
776.7 0.940501 1.5225 0.000788908 1.2339 0.000319681
777.4 0.940502 1.52238 0.000789518 1.23385 0.000319941
778.1 0.940502 1.52226 0.00079016 1.2338 0.000320214
778.8 0.940502 1.52214 0.000790829 1.23375 0.000320498
779.5 0.940502 1.52201 0.000791523 1.2337 0.000320793
780.2 0.940503 1.52189 0.000792239 1.23365 0.000321096
780.9 0.940503 1.52177 0.000792973 1.2336 0.000321406
781.6 0.940503 1.52165 0.000793724 1.23355 0.000321723
782.3 0.940503 1.52153 0.000794486 1.2335 0.000322045
783 0.940504 1.52141 0.000795259 1.23345 0.000322371
783.7 0.940504 1.52129 0.000796039 1.23341 0.0003227
784.4 0.940504 1.52117 0.000796824 1.23336 0.000323031
785.1 0.940504 1.52105 0.000797611 1.23331 0.000323362
785.8 0.940505 1.52093 0.000798397 1.23326 0.000323694
786.5 0.940505 1.52081 0.000799179 1.23321 0.000324024
787.2 0.940505 1.52069 0.000799957 1.23316 0.000324351
787.9 0.940505 1.52057 0.000800726 1.23312 0.000324676
788.6 0.940506 1.52046 0.000801486 1.23307 0.000324997
789.3 0.940506 1.52034 0.000802233 1.23302 0.000325312
790 0.940506 1.52022 0.000802965 1.23297 0.000325622
790.7 0.940506 1.5201 0.000803681 1.23292 0.000325925
791.4 0.940507 1.51998 0.000804378 1.23288 0.00032622
792.1 0.940507 1.51987 0.000805054 1.23283 0.000326507
792.8 0.940507 1.51975 0.000805708 1.23278 0.000326785
793.5 0.940507 1.51963 0.000806337 1.23273 0.000327052
794.2 0.940507 1.51952 0.000806939 1.23269 0.000327309
794.9 0.940508 1.5194 0.000807513 1.23264 0.000327555
795.6 0.940508 1.51928 0.000808058 1.23259 0.000327788
796.3 0.940508 1.51917 0.00080857 1.23254 0.000328009
797 0.940508 1.51905 0.00080905 1.2325 0.000328216
797.7 0.940509 1.51893 0.000809495 1.23245 0.000328408
798.4 0.940509 1.51882 0.000809903 1.2324 0.000328587
799.1 0.940509 1.5187 0.000810273 1.23236 0.000328749
799.8 0.940509 1.51859 0.000810604 1.23231 0.000328896
800.5 0.94051 1.51847 0.000810894 1.23226 0.000329026
801.2 0.94051 1.51836 0.000811142 1.23222 0.00032914
801.9 0.94051 1.51824 0.000811347 1.23217 0.000329235
802.6 0.94051 1.51813 0.000811507 1.23212 0.000329313
803.3 0.940511 1.51801 0.000811622 1.23208 0.000329371
804 0.940511 1.5179 0.000811689 1.23203 0.000329411
804.7 0.940511 1.51778 0.000811708 1.23198 0.000329431
805.4 0.940511 1.51767 0.000811678 1.23194 0.000329432
806.1 0.940512 1.51756 0.000811598 1.23189 0.000329411
806.8 0.940512 1.51744 0.000811466 1.23184 0.00032937
807.5 0.940512 1.51733 0.000811282 1.2318 0.000329308
808.2 0.940512 1.51721 0.000811045 1.23175 0.000329224
808.9 0.940513 1.5171 0.000810753 1.23171 0.000329118
809.6 0.940513 1.51699 0.000810407 1.23166 0.00032899
810.3 0.940513 1.51687 0.000810005 1.23161 0.000328839
811 0.940513 1.51676 0.000809546 1.23157 0.000328665
811.7 0.940514 1.51665 0.00080903 1.23152 0.000328468
812.4 0.940514 1.51653 0.000808456 1.23148 0.000328247
813.1 0.940514 1.51642 0.000807823 1.23143 0.000328002
813.8 0.940515 1.51631 0.000807131 1.23138 0.000327733
814.5 0.940515 1.51619 0.000806379 1.23134 0.00032744
815.2 0.940515 1.51608 0.000805566 1.23129 0.000327122
815.9 0.940516 1.51597 0.000804692 1.23125 0.00032678
816.6 0.940516 1.51586 0.000803757 1.2312 0.000326412
817.3 0.940516 1.51574 0.000802759 1.23115 0.000326019
818 0.940516 1.51563 0.000801699 1.23111 0.0003256
818.7 0.940517 1.51552 0.000800577 1.23106 0.000325156
819.4 0.940517 1.51541 0.00079939 1.23102 0.000324687
820.1 0.940517 1.51529 0.00079814 1.23097 0.000324191
820.8 0.940518 1.51518 0.000796826 1.23093 0.000323669
821.5 0.940518 1.51507 0.000795448 1.23088 0.000323121
822.2 0.940518 1.51496 0.000794007 1.23084 0.000322548
822.9 0.940519 1.51484 0.000792505 1.23079 0.00032195
823.6 0.940519 1.51473 0.000790944 1.23074 0.000321327
824.3 0.940519 1.51462 0.000789327 1.2307 0.000320682
825 0.94052 1.51451 0.000787655 1.23065 0.000320015
825.7 0.94052 1.5144 0.000785932 1.23061 0.000319326
826.4 0.94052 1.51429 0.000784158 1.23056 0.000318617
827.1 0.940521 1.51418 0.000782336 1.23052 0.000317889
827.8 0.940521 1.51407 0.000780468 1.23047 0.000317141
828.5 0.940521 1.51395 0.000778555 1.23043 0.000316376
829.2 0.940522 1.51384 0.0007766 1.23038 0.000315593
829.9 0.940522 1.51373 0.000774605 1.23034 0.000314794
830.6 0.940522 1.51362 0.000772572 1.23029 0.000313978
831.3 0.940523 1.51351 0.000770501 1.23025 0.000313148
832 0.940523 1.5134 0.000768395 1.2302 0.000312304
832.7 0.940524 1.51329 0.000766256 1.23016 0.000311446
833.4 0.940524 1.51318 0.000764085 1.23012 0.000310575
834.1 0.940524 1.51308 0.000761884 1.23007 0.000309691
834.8 0.940525 1.51297 0.000759655 1.23003 0.000308796
835.5 0.940525 1.51286 0.000757399 1.22998 0.00030789
836.2 0.940525 1.51275 0.000755117 1.22994 0.000306973
836.9 0.940526 1.51264 0.000752811 1.22989 0.000306047
837.6 0.940526 1.51253 0.000750483 1.22985 0.000305112
838.3 0.940526 1.51243 0.000748135 1.22981 0.000304167
839 0.940527 1.51232 0.000745766 1.22976 0.000303215
839.7 0.940527 1.51221 0.000743379 1.22972 0.000302256
840.4 0.940527 1.5121 0.000740976 1.22968 0.000301289
841.1 0.940528 1.512 0.000738557 1.22963 0.000300316
841.8 0.940528 1.51189 0.000736124 1.22959 0.000299337
842.5 0.940529 1.51178 0.000733677 1.22955 0.000298353
843.2 0.940529 1.51168 0.000731219 1.2295 0.000297364
843.9 0.940529 1.51157 0.00072875 1.22946 0.00029637
844.6 0.94053 1.51147 0.000726272 1.22942 0.000295372
845.3 0.94053 1.51136 0.000723786 1.22938 0.000294371
846 0.94053 1.51126 0.000721292 1.22933 0.000293367
846.7 0.940531 1.51116 0.000718792 1.22929 0.000292361
847.4 0.940531 1.51105 0.000716287 1.22925 0.000291352
848.1 0.940531 1.51095 0.000713779 1.22921 0.000290341
848.8 0.940532 1.51085 0.000711267 1.22916 0.000289329
849.5 0.940532 1.51074 0.000708753 1.22912 0.000288316
850.2 0.940532 1.51064 0.000706237 1.22908 0.000287303
850.9 0.940533 1.51054 0.000703722 1.22904 0.00028629
851.6 0.940533 1.51044 0.000701208 1.229 0.000285276
852.3 0.940533 1.51033 0.000698695 1.22896 0.000284263
853 0.940534 1.51023 0.000696184 1.22892 0.000283251
853.7 0.940534 1.51013 0.000693677 1.22887 0.000282241
854.4 0.940534 1.51003 0.000691174 1.22883 0.000281232
855.1 0.940535 1.50993 0.000688675 1.22879 0.000280224
855.8 0.940535 1.50983 0.000686183 1.22875 0.000279219
856.5 0.940535 1.50973 0.000683696 1.22871 0.000278217
857.2 0.940536 1.50963 0.000681217 1.22867 0.000277217
857.9 0.940536 1.50954 0.000678746 1.22863 0.00027622
858.6 0.940536 1.50944 0.000676283 1.22859 0.000275227
859.3 0.940537 1.50934 0.000673829 1.22855 0.000274237
860 0.940537 1.50924 0.000671386 1.22851 0.000273252
860.7 0.940537 1.50914 0.000668952 1.22847 0.00027227
861.4 0.940538 1.50905 0.00066653 1.22843 0.000271293
862.1 0.940538 1.50895 0.00066412 1.22839 0.00027032
862.8 0.940538 1.50886 0.000661721 1.22835 0.000269353
863.5 0.940538 1.50876 0.000659336 1.22832 0.00026839
864.2 0.940539 1.50867 0.000656964 1.22828 0.000267433
864.9 0.940539 1.50857 0.000654606 1.22824 0.000266481
865.6 0.940539 1.50848 0.000652262 1.2282 0.000265536
866.3 0.94054 1.50838 0.000649933 1.22816 0.000264596
867 0.94054 1.50829 0.000647619 1.22812 0.000263662
867.7 0.94054 1.50819 0.000645321 1.22809 0.000262735
868.4 0.94054 1.5081 0.00064304 1.22805 0.000261814
869.1 0.940541 1.50801 0.000640775 1.22801 0.0002609
869.8 0.940541 1.50792 0.000638528 1.22797 0.000259993
870.5 0.940541 1.50783 0.000636298 1.22794 0.000259092
871.2 0.940542 1.50773 0.000634085 1.2279 0.0002582
871.9 0.940542 1.50764 0.000631892 1.22786 0.000257314
872.6 0.940542 1.50755 0.000629717 1.22782 0.000256436
873.3 0.940542 1.50746 0.000627561 1.22779 0.000255566
874 0.940543 1.50737 0.000625424 1.22775 0.000254703
874.7 0.940543 1.50728 0.000623307 1.22771 0.000253849
875.4 0.940543 1.50719 0.00062121 1.22768 0.000253002
876.1 0.940543 1.50711 0.000619134 1.22764 0.000252164
876.8 0.940544 1.50702 0.000617078 1.22761 0.000251334
877.5 0.940544 1.50693 0.000615043 1.22757 0.000250512
878.2 0.940544 1.50684 0.00061303 1.22754 0.0002497
878.9 0.940544 1.50676 0.000611038 1.2275 0.000248895
879.6 0.940545 1.50667 0.000609067 1.22746 0.0002481
880.3 0.940545 1.50658 0.000607119 1.22743 0.000247313
881 0.940545 1.5065 0.000605193 1.22739 0.000246536
881.7 0.940545 1.50641 0.000603289 1.22736 0.000245767
882.4 0.940545 1.50633 0.000601409 1.22732 0.000245008
883.1 0.940546 1.50624 0.000599551 1.22729 0.000244258
883.8 0.940546 1.50616 0.000597716 1.22726 0.000243517
884.5 0.940546 1.50607 0.000595904 1.22722 0.000242786
885.2 0.940546 1.50599 0.000594116 1.22719 0.000242064
885.9 0.940546 1.50591 0.000592351 1.22715 0.000241352
886.6 0.940547 1.50582 0.000590611 1.22712 0.000240649
887.3 0.940547 1.50574 0.000588894 1.22709 0.000239956
888 0.940547 1.50566 0.000587202 1.22705 0.000239273
888.7 0.940547 1.50558 0.000585533 1.22702 0.0002386
889.4 0.940547 1.5055 0.00058389 1.22699 0.000237936
890.1 0.940548 1.50542 0.00058227 1.22695 0.000237283
890.8 0.940548 1.50534 0.000580676 1.22692 0.000236639
891.5 0.940548 1.50526 0.000579106 1.22689 0.000236006
892.2 0.940548 1.50518 0.000577561 1.22686 0.000235383
892.9 0.940548 1.5051 0.000576041 1.22682 0.000234769
893.6 0.940549 1.50502 0.000574545 1.22679 0.000234166
894.3 0.940549 1.50494 0.000573072 1.22676 0.000233571
895 0.940549 1.50486 0.000571621 1.22673 0.000232986
895.7 0.940549 1.50479 0.000570192 1.2267 0.000232409
896.4 0.940549 1.50471 0.000568783 1.22667 0.000231841
897.1 0.940549 1.50463 0.000567395 1.22663 0.000231281
897.8 0.94055 1.50455 0.000566026 1.2266 0.000230729
898.5 0.94055 1.50448 0.000564676 1.22657 0.000230184
899.2 0.94055 1.5044 0.000563343 1.22654 0.000229647
899.9 0.94055 1.50433 0.000562028 1.22651 0.000229117
900.6 0.94055 1.50425 0.000560729 1.22648 0.000228593
901.3 0.94055 1.50418 0.000559447 1.22645 0.000228076
902 0.940551 1.5041 0.000558179 1.22642 0.000227565
902.7 0.940551 1.50403 0.000556927 1.22639 0.00022706
903.4 0.940551 1.50395 0.000555688 1.22636 0.00022656
904.1 0.940551 1.50388 0.000554463 1.22633 0.000226066
904.8 0.940551 1.50381 0.000553251 1.2263 0.000225578
905.5 0.940551 1.50373 0.000552051 1.22627 0.000225094
906.2 0.940551 1.50366 0.000550863 1.22624 0.000224615
906.9 0.940552 1.50359 0.000549686 1.22621 0.000224141
907.6 0.940552 1.50352 0.00054852 1.22618 0.00022367
908.3 0.940552 1.50345 0.000547364 1.22615 0.000223204
909 0.940552 1.50337 0.000546218 1.22612 0.000222742
909.7 0.940552 1.5033 0.00054508 1.22609 0.000222284
910.4 0.940552 1.50323 0.000543952 1.22606 0.000221828
911.1 0.940552 1.50316 0.000542831 1.22603 0.000221377
911.8 0.940552 1.50309 0.000541718 1.22601 0.000220928
912.5 0.940553 1.50302 0.000540612 1.22598 0.000220482
913.2 0.940553 1.50295 0.000539513 1.22595 0.000220039
913.9 0.940553 1.50288 0.000538421 1.22592 0.000219598
914.6 0.940553 1.50281 0.000537334 1.22589 0.00021916
915.3 0.940553 1.50274 0.000536252 1.22586 0.000218724
916 0.940553 1.50267 0.000535176 1.22584 0.00021829
916.7 0.940553 1.50261 0.000534104 1.22581 0.000217858
917.4 0.940553 1.50254 0.000533036 1.22578 0.000217427
918.1 0.940554 1.50247 0.000531973 1.22575 0.000216998
918.8 0.940554 1.5024 0.000530912 1.22572 0.000216571
919.5 0.940554 1.50233 0.000529855 1.2257 0.000216144
920.2 0.940554 1.50227 0.0005288 1.22567 0.000215719
920.9 0.940554 1.5022 0.000527748 1.22564 0.000215294
921.6 0.940554 1.50213 0.000526698 1.22562 0.000214871
922.3 0.940554 1.50207 0.000525649 1.22559 0.000214448
923 0.940554 1.502 0.000524602 1.22556 0.000214025
923.7 0.940554 1.50193 0.000523555 1.22553 0.000213603
924.4 0.940555 1.50187 0.000522509 1.22551 0.000213181
925.1 0.940555 1.5018 0.000521464 1.22548 0.000212759
925.8 0.940555 1.50174 0.000520419 1.22545 0.000212337
926.5 0.940555 1.50167 0.000519373 1.22543 0.000211915
927.2 0.940555 1.50161 0.000518327 1.2254 0.000211493
927.9 0.940555 1.50154 0.00051728 1.22537 0.00021107
928.6 0.940555 1.50148 0.000516232 1.22535 0.000210647
929.3 0.940555 1.50141 0.000515182 1.22532 0.000210223
930 0.940555 1.50135 0.000514131 1.22529 0.000209799
930.7 0.940555 1.50128 0.000513078 1.22527 0.000209374
931.4 0.940556 1.50122 0.000512023 1.22524 0.000208948
932.1 0.940556 1.50116 0.000510965 1.22522 0.00020852
932.8 0.940556 1.50109 0.000509905 1.22519 0.000208092
933.5 0.940556 1.50103 0.000508842 1.22516 0.000207663
934.2 0.940556 1.50097 0.000507776 1.22514 0.000207232
934.9 0.940556 1.5009 0.000506706 1.22511 0.0002068
935.6 0.940556 1.50084 0.000505633 1.22509 0.000206366
936.3 0.940556 1.50078 0.000504557 1.22506 0.000205931
937 0.940556 1.50072 0.000503476 1.22504 0.000205494
937.7 0.940557 1.50065 0.000502391 1.22501 0.000205056
938.4 0.940557 1.50059 0.000501302 1.22499 0.000204615
939.1 0.940557 1.50053 0.000500208 1.22496 0.000204173
939.8 0.940557 1.50047 0.000499109 1.22494 0.000203729
940.5 0.940557 1.50041 0.000498006 1.22491 0.000203283
941.2 0.940557 1.50035 0.000496897 1.22489 0.000202834
941.9 0.940557 1.50028 0.000495784 1.22486 0.000202384
942.6 0.940557 1.50022 0.000494665 1.22484 0.000201931
943.3 0.940557 1.50016 0.00049354 1.22481 0.000201476
944 0.940557 1.5001 0.000492409 1.22479 0.000201019
944.7 0.940558 1.50004 0.000491273 1.22476 0.000200559
945.4 0.940558 1.49998 0.000490131 1.22474 0.000200096
946.1 0.940558 1.49992 0.000488982 1.22471 0.000199632
946.8 0.940558 1.49986 0.000487828 1.22469 0.000199164
947.5 0.940558 1.4998 0.000486666 1.22466 0.000198694
948.2 0.940558 1.49974 0.000485499 1.22464 0.000198221
948.9 0.940558 1.49968 0.000484324 1.22461 0.000197746
949.6 0.940558 1.49962 0.000483143 1.22459 0.000197267
950.3 0.940558 1.49956 0.000481955 1.22457 0.000196786
951 0.940558 1.4995 0.000480759 1.22454 0.000196302
951.7 0.940558 1.49944 0.000479557 1.22452 0.000195815
952.4 0.940559 1.49939 0.000478347 1.22449 0.000195325
953.1 0.940559 1.49933 0.00047713 1.22447 0.000194831
953.8 0.940559 1.49927 0.000475906 1.22445 0.000194335
954.5 0.940559 1.49921 0.000474674 1.22442 0.000193836
955.2 0.940559 1.49915 0.000473434 1.2244 0.000193333
955.9 0.940559 1.49909 0.000472187 1.22438 0.000192828
956.6 0.940559 1.49904 0.000470932 1.22435 0.000192319
957.3 0.940559 1.49898 0.000469669 1.22433 0.000191807
958 0.940559 1.49892 0.000468398 1.2243 0.000191291
958.7 0.940559 1.49886 0.000467119 1.22428 0.000190773
959.4 0.94056 1.49881 0.000465832 1.22426 0.000190251
960.1 0.94056 1.49875 0.000464536 1.22423 0.000189725
960.8 0.94056 1.49869 0.000463233 1.22421 0.000189197
961.5 0.94056 1.49863 0.000461921 1.22419 0.000188664
962.2 0.94056 1.49858 0.000460601 1.22416 0.000188129
962.9 0.94056 1.49852 0.000459272 1.22414 0.000187589
963.6 0.94056 1.49846 0.000457935 1.22412 0.000187047
964.3 0.94056 1.49841 0.000456589 1.22409 0.000186501
965 0.94056 1.49835 0.000455235 1.22407 0.000185951
965.7 0.94056 1.4983 0.000453872 1.22405 0.000185398
966.4 0.940561 1.49824 0.000452501 1.22403 0.000184841
967.1 0.940561 1.49818 0.00045112 1.224 0.000184281
967.8 0.940561 1.49813 0.000449731 1.22398 0.000183717
968.5 0.940561 1.49807 0.000448334 1.22396 0.000183149
969.2 0.940561 1.49802 0.000446927 1.22393 0.000182578
969.9 0.940561 1.49796 0.000445512 1.22391 0.000182003
970.6 0.940561 1.4979 0.000444088 1.22389 0.000181425
971.3 0.940561 1.49785 0.000442655 1.22387 0.000180843
972 0.940561 1.49779 0.000441213 1.22384 0.000180257
972.7 0.940561 1.49774 0.000439762 1.22382 0.000179668
973.4 0.940562 1.49768 0.000438302 1.2238 0.000179074
974.1 0.940562 1.49763 0.000436833 1.22378 0.000178478
974.8 0.940562 1.49757 0.000435356 1.22375 0.000177877
975.5 0.940562 1.49752 0.000433869 1.22373 0.000177273
976.2 0.940562 1.49747 0.000432374 1.22371 0.000176665
976.9 0.940562 1.49741 0.000430869 1.22369 0.000176053
977.6 0.940562 1.49736 0.000429355 1.22367 0.000175438
978.3 0.940562 1.4973 0.000427833 1.22364 0.000174819
979 0.940562 1.49725 0.000426301 1.22362 0.000174197
979.7 0.940563 1.4972 0.000424761 1.2236 0.00017357
980.4 0.940563 1.49714 0.000423211 1.22358 0.00017294
981.1 0.940563 1.49709 0.000421652 1.22356 0.000172306
981.8 0.940563 1.49703 0.000420085 1.22353 0.000171669
982.5 0.940563 1.49698 0.000418508 1.22351 0.000171028
983.2 0.940563 1.49693 0.000416923 1.22349 0.000170383
983.9 0.940563 1.49687 0.000415329 1.22347 0.000169734
984.6 0.940563 1.49682 0.000413725 1.22345 0.000169082
985.3 0.940563 1.49677 0.000412114 1.22342 0.000168426
986 0.940563 1.49671 0.000410495 1.2234 0.000167768
986.7 0.940564 1.49666 0.000408869 1.22338 0.000167106
987.4 0.940564 1.49661 0.000407237 1.22336 0.000166442
988.1 0.940564 1.49656 0.000405599 1.22334 0.000165776
988.8 0.940564 1.4965 0.000403957 1.22332 0.000165107
989.5 0.940564 1.49645 0.00040231 1.2233 0.000164437
990.2 0.940564 1.4964 0.00040066 1.22327 0.000163766
990.9 0.940564 1.49635 0.000399008 1.22325 0.000163093
991.6 0.940564 1.49629 0.000397353 1.22323 0.000162419
992.3 0.940564 1.49624 0.000395696 1.22321 0.000161745
993 0.940564 1.49619 0.000394038 1.22319 0.00016107
993.7 0.940565 1.49614 0.00039238 1.22317 0.000160395
994.4 0.940565 1.49609 0.000390722 1.22315 0.00015972
995.1 0.940565 1.49603 0.000389065 1.22312 0.000159046
995.8 0.940565 1.49598 0.000387409 1.2231 0.000158371
996.5 0.940565 1.49593 0.000385756 1.22308 0.000157698
997.2 0.940565 1.49588 0.000384104 1.22306 0.000157026
997.9 0.940565 1.49583 0.000382455 1.22304 0.000156354
998.6 0.940565 1.49578 0.00038081 1.22302 0.000155684
999.3 0.940565 1.49573 0.000379169 1.223 0.000155016
1000 0.940565 1.49567 0.000377532 1.22298 0.000154349
