300 0.844517 1.20979 0.304244 1.10843 0.137241
300.7 0.845375 1.20247 0.30016 1.10495 0.135825
301.4 0.84624 1.19463 0.295887 1.10121 0.134346
302.1 0.847123 1.18627 0.291387 1.09722 0.132784
302.8 0.848037 1.17746 0.286625 1.093 0.131118
303.5 0.848995 1.16827 0.281569 1.08858 0.129329
304.2 0.850007 1.15876 0.276197 1.08397 0.1274
304.9 0.851082 1.149 0.270495 1.07922 0.12532
305.6 0.852226 1.13907 0.264459 1.07434 0.123079
306.3 0.853442 1.12902 0.258095 1.06939 0.120674
307 0.854732 1.11895 0.25142 1.06438 0.118107
307.7 0.856092 1.10891 0.244464 1.05935 0.115384
308.4 0.857517 1.09897 0.237268 1.05434 0.11252
309.1 0.858996 1.08921 0.229888 1.04938 0.109535
309.8 0.860516 1.07967 0.222388 1.04451 0.106456
310.5 0.86206 1.07043 0.214849 1.03976 0.103317
311.2 0.863606 1.06151 0.207356 1.03515 0.100157
311.9 0.865127 1.05289 0.19999 1.03068 0.0970183
312.6 0.866597 1.04448 0.192812 1.0263 0.0939351
313.3 0.867989 1.03618 0.185878 1.02198 0.0909399
314 0.869279 1.0279 0.179234 1.01767 0.0880609
314.7 0.870443 1.01952 0.172918 1.01331 0.0853231
315.4 0.871457 1.01094 0.166962 1.00885 0.0827481
316.1 0.872299 1.00203 0.161391 1.00423 0.0803552
316.8 0.872943 0.992663 0.156227 0.999386 0.0781614
317.5 0.873365 0.982704 0.151487 0.994237 0.0761827
318.2 0.873536 0.972005 0.147188 0.988709 0.0744346
318.9 0.873422 0.960405 0.143344 0.982713 0.0729329
319.6 0.872985 0.947724 0.13997 0.976148 0.071695
320.3 0.872177 0.933763 0.137082 0.9689 0.0707413
321 0.870944 0.91832 0.134695 0.96085 0.0700915
321.7 0.869254 0.901322 0.132786 0.951938 0.0697449
322.4 0.867072 0.882743 0.131329 0.942126 0.0696985
323.1 0.864357 0.862561 0.13031 0.931372 0.0699559
323.8 0.861055 0.840758 0.12972 0.919637 0.0705279
324.5 0.857101 0.817328 0.129561 0.906879 0.0714324
325.2 0.85242 0.792277 0.129843 0.893063 0.0726956
325.9 0.846923 0.765633 0.130586 0.878158 0.0743521
326.6 0.840511 0.73745 0.131816 0.862145 0.0764467
327.3 0.833074 0.707817 0.133571 0.845023 0.0790341
328 0.8245 0.676866 0.135896 0.826813 0.0821805
328.7 0.814676 0.644786 0.138843 0.807574 0.0859629
329.4 0.803503 0.611827 0.14247 0.787408 0.0904676
330.1 0.790912 0.578317 0.146838 0.76648 0.0957871
330.8 0.776893 0.544669 0.152005 0.745034 0.102012
331.5 0.761526 0.51139 0.15802 0.723408 0.109219
332.2 0.744972 0.47898 0.16492 0.701982 0.117467
332.9 0.727309 0.447582 0.17274 0.680933 0.12684
333.6 0.708601 0.417201 0.181506 0.660369 0.137427
334.3 0.688929 0.387805 0.191229 0.640389 0.149307
335 0.668392 0.359322 0.201909 0.621082 0.162546
335.7 0.647098 0.331633 0.213536 0.602523 0.177201
336.4 0.625161 0.30458 0.226096 0.584768 0.193321
337.1 0.602684 0.277956 0.239576 0.567852 0.210949
337.8 0.579757 0.251511 0.253966 0.551789 0.23013
338.5 0.556449 0.224945 0.269268 0.536567 0.250917
339.2 0.532799 0.19791 0.285499 0.522157 0.273384
339.9 0.508821 0.170003 0.302697 0.508513 0.297629
340.6 0.484503 0.140762 0.320928 0.495582 0.323789
341.3 0.45982 0.109656 0.340293 0.483312 0.352043
342 0.434746 0.0760727 0.360936 0.471666 0.382618
342.7 0.409266 0.0393007 0.383051 0.460631 0.415789
343.4 0.383567 -0.00125568 0.406886 0.450351 0.451743
344.1 0.358143 -0.0458594 0.432722 0.441184 0.49041
344.8 0.333465 -0.0947645 0.460875 0.433447 0.531639
345.5 0.30991 -0.148255 0.491708 0.427386 0.575251
346.2 0.287744 -0.206646 0.525641 0.423176 0.621067
346.9 0.267121 -0.270282 0.563163 0.420941 0.668934
347.6 0.248104 -0.339538 0.604844 0.420768 0.718738
348.3 0.230687 -0.414816 0.651353 0.422735 0.770403
349 0.214819 -0.496538 0.70348 0.426924 0.823894
349.7 0.20042 -0.58514 0.76216 0.433436 0.879208
350.4 0.187397 -0.681053 0.8285 0.442404 0.936362
351.1 0.175653 -0.784689 0.903814 0.453999 0.995391
351.8 0.165094 -0.896397 0.989661 0.468442 1.05633
352.5 0.155629 -1.01642 1.08789 0.486007 1.11921
353.2 0.147179 -1.14484 1.20067 0.50703 1.18403
353.9 0.139671 -1.28144 1.33057 0.531911 1.25075
354.6 0.133044 -1.42562 1.48056 0.561126 1.31927
355.3 0.127215 -1.57668 1.65435 0.595256 1.38961
356 0.122095 -1.73373 1.8567 0.635048 1.46185
356.7 0.117614 -1.89509 2.09345 0.681438 1.53605
357.4 0.113728 -2.05779 2.37168 0.735587 1.6121
358.1 0.110417 -2.21686 2.6999 0.798922 1.68972
358.8 0.107689 -2.36438 3.08804 0.873176 1.76828
359.5 0.10559 -2.4879 3.54713 0.960402 1.84669
360.2 0.104215 -2.5685 4.08833 1.06295 1.92311
360.9 0.103728 -2.57828 4.72048 1.18331 1.99462
361.6 0.104395 -2.47804 5.44547 1.32377 2.0568
362.3 0.106622 -2.21674 6.25008 1.48573 2.10337
363 0.111007 -1.7364 7.09449 1.66846 2.12606
363.7 0.118385 -0.987235 7.90071 1.86747 2.11535
364.4 0.129829 0.0440142 8.55153 2.07312 2.06248
365.1 0.146545 1.30212 8.91422 2.27057 1.963
365.8 0.169584 2.65376 8.89222 2.4427 1.82016
366.5 0.199431 3.92441 8.47665 2.57541 1.64569
367.2 0.235653 4.96653 7.75401 2.66221 1.45631
367.9 0.27688 5.70927 6.86172 2.70514 1.26827
368.6 0.321149 6.15929 5.93029 2.71196 1.09336
369.3 0.366361 6.36915 5.05091 2.69239 0.937996
370 0.410729 6.40527 4.2707 2.65554 0.804112
370.7 0.452984 6.32751 3.60401 2.60858 0.690798
371.4 0.49237 6.18156 3.04646 2.55666 0.595788
372.1 0.528539 5.99917 2.58534 2.50317 0.516413
372.8 0.561423 5.80102 2.20566 2.45023 0.450093
373.5 0.591132 5.59993 1.8931 2.39908 0.394548
374.2 0.617871 5.40345 1.6352 2.35042 0.347854
374.9 0.641889 5.21579 1.42157 2.30454 0.308428
375.6 0.663447 5.03903 1.24378 2.26156 0.274982
376.3 0.682801 4.87397 1.09505 2.22142 0.246474
377 0.70019 4.72063 0.969981 2.18402 0.222063
377.7 0.715829 4.57862 0.864277 2.1492 0.20107
378.4 0.729914 4.44731 0.774494 2.11679 0.182941
379.1 0.742619 4.32597 0.69788 2.08661 0.167228
379.8 0.754097 4.21381 0.632218 2.05849 0.153563
380.5 0.764481 4.1101 0.575719 2.03228 0.141643
381.2 0.773892 4.01411 0.526927 2.00782 0.131219
381.9 0.782434 3.92517 0.484649 1.98496 0.12208
382.6 0.790208 3.8426 0.447845 1.96357 0.114039
383.3 0.797309 3.76574 0.415619 1.94349 0.106926
384 0.80382 3.69401 0.387245 1.92461 0.100603
384.7 0.80981 3.62691 0.36213 1.90681 0.0949569
385.4 0.815339 3.56397 0.339785 1.88999 0.0898907
386.1 0.820459 3.50481 0.319807 1.87406 0.0853248
386.8 0.825216 3.44905 0.301861 1.85894 0.0811917
387.5 0.829649 3.3964 0.285665 1.84456 0.0774345
388.2 0.833791 3.34656 0.270983 1.83086 0.0740044
388.9 0.837672 3.2993 0.257616 1.81778 0.0708602
389.6 0.841319 3.25439 0.245395 1.80527 0.0679662
390.3 0.844754 3.21164 0.234175 1.79329 0.065292
391 0.847998 3.17087 0.223834 1.7818 0.0628111
391.7 0.851068 3.13192 0.214264 1.77076 0.0605007
392.4 0.853981 3.09466 0.205376 1.76013 0.0583411
393.1 0.85675 3.05895 0.19709 1.74989 0.0563148
393.8 0.859388 3.02469 0.189338 1.74001 0.054407
394.5 0.861906 2.99176 0.182061 1.73047 0.0526045
395.2 0.864314 2.96009 0.175208 1.72124 0.0508959
395.9 0.86662 2.92957 0.168734 1.71231 0.049271
396.6 0.868832 2.90014 0.1626 1.70365 0.047721
397.3 0.870958 2.87173 0.156771 1.69525 0.0462383
398 0.873003 2.84428 0.151219 1.6871 0.0448163
398.7 0.874971 2.81776 0.145924 1.67918 0.043451
399.4 0.876865 2.79215 0.140872 1.6715 0.0421392
400.1 0.878686 2.76742 0.136046 1.66406 0.0408779
400.8 0.880438 2.74355 0.131435 1.65684 0.0396642
401.5 0.882124 2.72052 0.127024 1.64985 0.0384956
402.2 0.883746 2.6983 0.122801 1.64307 0.0373693
402.9 0.885306 2.67686 0.118755 1.63651 0.0362831
403.6 0.886807 2.65619 0.114876 1.63016 0.0352346
404.3 0.888251 2.63625 0.111153 1.62401 0.0342218
405 0.889641 2.61702 0.107578 1.61806 0.0332427
405.7 0.89098 2.59848 0.10414 1.6123 0.0322954
406.4 0.892268 2.58059 0.100832 1.60673 0.0313781
407.1 0.893509 2.56335 0.097647 1.60134 0.0304892
407.8 0.894705 2.54672 0.0945766 1.59612 0.029627
408.5 0.895857 2.53068 0.0916145 1.59107 0.0287902
409.2 0.896968 2.51522 0.0887543 1.58619 0.0279772
409.9 0.898039 2.5003 0.0859899 1.58147 0.0271867
410.6 0.899071 2.48592 0.0833159 1.5769 0.0264176
411.3 0.900068 2.47204 0.0807269 1.57248 0.0256686
412 0.90103 2.45866 0.0782179 1.56821 0.0249386
412.7 0.901958 2.44575 0.0757842 1.56408 0.0242265
413.4 0.902855 2.4333 0.0734215 1.56008 0.0235313
414.1 0.903722 2.42128 0.0711267 1.55621 0.0228525
414.8 0.904559 2.40968 0.0688997 1.55247 0.0221903
415.5 0.905368 2.39847 0.0667406 1.54885 0.0215452
416.2 0.90615 2.38764 0.0646491 1.54534 0.0209174
416.9 0.906905 2.37715 0.0626249 1.54194 0.0203072
417.6 0.907635 2.367 0.0606675 1.53863 0.0197147
418.3 0.90834 2.35717 0.0587763 1.53543 0.0191401
419 0.909021 2.34764 0.0569507 1.53232 0.0185832
419.7 0.909679 2.3384 0.0551898 1.52929 0.0180442
420.4 0.910315 2.32944 0.0534927 1.52635 0.0175231
421.1 0.910929 2.32074 0.0518585 1.52349 0.0170196
421.8 0.911522 2.31228 0.0502863 1.52071 0.0165338
422.5 0.912095 2.30407 0.0487751 1.518 0.0160656
423.2 0.912648 2.29608 0.0473239 1.51536 0.0156147
423.9 0.913183 2.28832 0.0459315 1.51279 0.015181
424.6 0.913698 2.28076 0.044597 1.51029 0.0147644
425.3 0.914196 2.2734 0.0433193 1.50785 0.0143646
426 0.914677 2.26624 0.0420973 1.50547 0.0139815
426.7 0.915141 2.25926 0.0409299 1.50314 0.0136148
427.4 0.915588 2.25245 0.0398161 1.50088 0.0132643
428.1 0.91602 2.24582 0.0387548 1.49866 0.0129298
428.8 0.916436 2.23935 0.037745 1.4965 0.0126111
429.5 0.916838 2.23304 0.0367855 1.49439 0.0123079
430.2 0.917225 2.22687 0.0358754 1.49232 0.01202
430.9 0.917598 2.22086 0.0350136 1.4903 0.0117472
431.6 0.917958 2.21498 0.0341982 1.48833 0.0114888
432.3 0.918305 2.20923 0.0334265 1.48639 0.0112442
433 0.91864 2.20361 0.0326961 1.4845 0.0110125
433.7 0.918965 2.1981 0.0320049 1.48264 0.0107932
434.4 0.919278 2.19269 0.0313506 1.48081 0.0105856
435.1 0.919581 2.18739 0.0307315 1.47902 0.0103891
435.8 0.919875 2.18218 0.0301455 1.47725 0.0102032
436.5 0.92016 2.17706 0.0295911 1.47552 0.0100273
437.2 0.920437 2.17202 0.0290666 1.47381 0.00986102
437.9 0.920705 2.16706 0.0285704 1.47213 0.00970379
438.6 0.920966 2.16218 0.0281012 1.47047 0.00955521
439.3 0.92122 2.15737 0.0276577 1.46883 0.00941488
440 0.921467 2.15262 0.0272384 1.46721 0.00928239
440.7 0.921707 2.14793 0.0268423 1.46561 0.00915739
441.4 0.921941 2.1433 0.0264682 1.46403 0.0090395
442.1 0.922169 2.13873 0.026115 1.46247 0.00892841
442.8 0.922392 2.13421 0.0257817 1.46092 0.00882378
443.5 0.922609 2.12973 0.0254672 1.45939 0.00872532
444.2 0.922822 2.12531 0.0251707 1.45787 0.00863272
444.9 0.923029 2.12092 0.0248913 1.45636 0.0085457
445.6 0.923232 2.11658 0.0246281 1.45487 0.008464
446.3 0.92343 2.11228 0.0243802 1.45339 0.00838736
447 0.923625 2.10801 0.024147 1.45192 0.00831553
447.7 0.923815 2.10378 0.0239277 1.45046 0.00824827
448.4 0.924001 2.09958 0.0237214 1.44902 0.00818536
449.1 0.924184 2.09542 0.0235277 1.44758 0.00812656
449.8 0.924364 2.09128 0.0233457 1.44615 0.00807168
450.5 0.92454 2.08718 0.0231749 1.44473 0.0080205
451.2 0.924713 2.0831 0.0230146 1.44332 0.00797282
451.9 0.924883 2.07905 0.0228639 1.44191 0.00792834
452.6 0.92505 2.07503 0.0227218 1.44052 0.00788667
453.3 0.925214 2.07105 0.022587 1.43914 0.00784743
454 0.925375 2.0671 0.0224587 1.43776 0.00781029
454.7 0.925533 2.0632 0.0223358 1.4364 0.00777491
455.4 0.925689 2.05933 0.0222176 1.43506 0.007741
456.1 0.925842 2.05551 0.0221031 1.43372 0.00770828
456.8 0.925993 2.05173 0.0219917 1.43241 0.00767648
457.5 0.926141 2.04799 0.0218826 1.4311 0.00764538
458.2 0.926287 2.04431 0.0217753 1.42981 0.00761475
458.9 0.926431 2.04067 0.0216692 1.42854 0.00758439
459.6 0.926572 2.03708 0.0215637 1.42728 0.00755411
460.3 0.926711 2.03354 0.0214583 1.42604 0.00752374
461 0.926848 2.03005 0.0213527 1.42482 0.00749312
461.7 0.926983 2.02661 0.0212463 1.42361 0.00746212
462.4 0.927116 2.02322 0.0211388 1.42242 0.00743059
463.1 0.927247 2.01989 0.02103 1.42125 0.00739843
463.8 0.927376 2.01661 0.0209194 1.42009 0.00736552
464.5 0.927503 2.01338 0.0208069 1.41895 0.00733176
465.2 0.927629 2.0102 0.0206921 1.41783 0.00729707
465.9 0.927752 2.00708 0.0205748 1.41673 0.00726136
466.6 0.927874 2.00401 0.0204549 1.41565 0.00722457
467.3 0.927994 2.00099 0.0203321 1.41458 0.00718662
468 0.928113 1.99802 0.0202064 1.41353 0.00714746
468.7 0.92823 1.99511 0.0200774 1.4125 0.00710704
469.4 0.928345 1.99225 0.0199452 1.41149 0.00706531
470.1 0.928459 1.98944 0.0198096 1.41049 0.00702222
470.8 0.928571 1.98669 0.0196705 1.40952 0.00697775
471.5 0.928682 1.98398 0.0195278 1.40856 0.00693184
472.2 0.928792 1.98133 0.0193815 1.40761 0.00688452
472.9 0.9289 1.97873 0.0192319 1.40669 0.00683588
473.6 0.929007 1.97617 0.0190793 1.40578 0.00678602
474.3 0.929112 1.97366 0.0189239 1.40489 0.00673504
475 0.929216 1.97119 0.0187661 1.40401 0.00668306
475.7 0.929319 1.96876 0.0186061 1.40314 0.00663015
476.4 0.929421 1.96637 0.0184441 1.40229 0.00657641
477.1 0.929521 1.96402 0.0182803 1.40145 0.00652191
477.8 0.929621 1.96171 0.018115 1.40063 0.00646674
478.5 0.929719 1.95943 0.0179483 1.39981 0.00641097
479.2 0.929816 1.95719 0.0177805 1.39901 0.00635466
479.9 0.929912 1.95498 0.0176117 1.39822 0.00629789
480.6 0.930007 1.9528 0.017442 1.39744 0.00624071
481.3 0.9301 1.95065 0.0172717 1.39667 0.00618319
482 0.930193 1.94853 0.017101 1.39591 0.00612538
482.7 0.930285 1.94643 0.0169298 1.39516 0.00606734
483.4 0.930375 1.94437 0.0167585 1.39442 0.00600912
484.1 0.930465 1.94233 0.016587 1.39369 0.00595076
484.8 0.930554 1.94031 0.0164156 1.39296 0.00589232
485.5 0.930641 1.93832 0.0162443 1.39225 0.00583384
486.2 0.930728 1.93635 0.0160733 1.39154 0.00577535
486.9 0.930814 1.9344 0.0159026 1.39084 0.00571691
487.6 0.930899 1.93248 0.0157324 1.39015 0.00565854
488.3 0.930983 1.93057 0.0155628 1.38946 0.00560029
489 0.931066 1.92869 0.0153938 1.38878 0.00554218
489.7 0.931148 1.92682 0.0152255 1.38811 0.00548426
490.4 0.931229 1.92498 0.0150581 1.38745 0.00542655
491.1 0.93131 1.92315 0.0148915 1.38679 0.00536908
491.8 0.93139 1.92133 0.014726 1.38613 0.00531189
492.5 0.931468 1.91954 0.0145614 1.38548 0.00525499
493.2 0.931546 1.91776 0.014398 1.38484 0.00519841
493.9 0.931624 1.916 0.0142357 1.3842 0.00514219
494.6 0.9317 1.91425 0.0140746 1.38357 0.00508633
495.3 0.931776 1.91251 0.0139148 1.38295 0.00503087
496 0.93185 1.91079 0.0137564 1.38232 0.00497582
496.7 0.931924 1.90909 0.0135994 1.38171 0.00492122
497.4 0.931998 1.9074 0.013444 1.38109 0.00486714
498.1 0.93207 1.90572 0.0132904 1.38049 0.00481367
498.8 0.932142 1.90405 0.0131389 1.37988 0.00476088
499.5 0.932212 1.9024 0.0129896 1.37928 0.00470883
500.2 0.932282 1.90075 0.0128428 1.37869 0.00465761
500.9 0.932351 1.89912 0.0126985 1.37809 0.00460726
501.6 0.932419 1.8975 0.0125569 1.37751 0.00455784
502.3 0.932486 1.8959 0.0124182 1.37692 0.00450942
503 0.932553 1.8943 0.0122826 1.37634 0.00446204
503.7 0.932618 1.89272 0.0121501 1.37577 0.00441574
504.4 0.932683 1.89114 0.0120208 1.37519 0.00437057
505.1 0.932746 1.88958 0.0118948 1.37463 0.00432657
505.8 0.932809 1.88802 0.0117724 1.37406 0.00428378
506.5 0.93287 1.88648 0.0116534 1.3735 0.00424223
507.2 0.932931 1.88495 0.011538 1.37294 0.00420195
507.9 0.932991 1.88342 0.0114264 1.37238 0.00416297
508.6 0.93305 1.88191 0.0113185 1.37183 0.00412531
509.3 0.933108 1.8804 0.0112143 1.37128 0.00408899
510 0.933165 1.87891 0.0111141 1.37074 0.00405404
510.7 0.933221 1.87742 0.0110177 1.3702 0.00402048
511.4 0.933276 1.87594 0.0109252 1.36966 0.00398831
512.1 0.93333 1.87448 0.0108367 1.36912 0.00395756
512.8 0.933383 1.87302 0.0107522 1.36859 0.00392822
513.5 0.933436 1.87157 0.0106717 1.36806 0.00390032
514.2 0.933487 1.87012 0.0105952 1.36753 0.00387386
514.9 0.933538 1.86869 0.0105228 1.36701 0.00384884
515.6 0.933587 1.86726 0.0104543 1.36648 0.00382527
516.3 0.933636 1.86585 0.0103899 1.36596 0.00380315
517 0.933684 1.86444 0.0103295 1.36545 0.00378247
517.7 0.93373 1.86303 0.0102732 1.36494 0.00376325
518.4 0.933776 1.86164 0.0102208 1.36442 0.00374546
519.1 0.933822 1.86025 0.0101724 1.36392 0.00372912
519.8 0.933866 1.85888 0.010128 1.36341 0.00371421
520.5 0.933909 1.85751 0.0100875 1.36291 0.00370073
521.2 0.933952 1.85614 0.0100509 1.36241 0.00368867
521.9 0.933993 1.85479 0.0100181 1.36191 0.00367795
522.6 0.934034 1.85344 0.00998855 1.36142 0.00366844
523.3 0.934075 1.8521 0.00996193 1.36092 0.00365999
524 0.934114 1.85077 0.00993785 1.36044 0.00365245
524.7 0.934153 1.84945 0.00991594 1.35995 0.0036457
525.4 0.934191 1.84814 0.00989587 1.35947 0.00363961
526.1 0.934229 1.84684 0.00987731 1.35899 0.00363406
526.8 0.934266 1.84555 0.00985995 1.35852 0.00362894
527.5 0.934303 1.84427 0.0098435 1.35805 0.00362414
528.2 0.934339 1.84301 0.0098277 1.35758 0.00361957
528.9 0.934375 1.84175 0.00981227 1.35712 0.00361512
529.6 0.93441 1.8405 0.00979698 1.35666 0.00361071
530.3 0.934445 1.83927 0.00978159 1.3562 0.00360625
531 0.93448 1.83805 0.00976589 1.35575 0.00360165
531.7 0.934514 1.83684 0.00974967 1.3553 0.00359686
532.4 0.934548 1.83564 0.00973274 1.35486 0.00359178
533.1 0.934582 1.83445 0.00971491 1.35442 0.00358636
533.8 0.934616 1.83328 0.00969603 1.35399 0.00358054
534.5 0.934649 1.83212 0.00967593 1.35356 0.00357425
535.2 0.934682 1.83097 0.00965445 1.35314 0.00356743
535.9 0.934715 1.82983 0.00963147 1.35272 0.00356004
536.6 0.934748 1.82871 0.00960684 1.3523 0.00355203
537.3 0.93478 1.8276 0.00958045 1.35189 0.00354335
538 0.934813 1.8265 0.00955218 1.35149 0.00353395
538.7 0.934845 1.82542 0.00952193 1.35109 0.00352381
539.4 0.934877 1.82435 0.00948959 1.35069 0.00351287
540.1 0.934909 1.82329 0.00945507 1.3503 0.00350111
540.8 0.934941 1.82225 0.00941829 1.34991 0.00348849
541.5 0.934973 1.82122 0.00937916 1.34953 0.00347498
542.2 0.935005 1.8202 0.00933762 1.34915 0.00346055
542.9 0.935037 1.81919 0.00929358 1.34878 0.00344518
543.6 0.935069 1.8182 0.00924698 1.34841 0.00342884
544.3 0.935101 1.81722 0.00919777 1.34805 0.00341151
545 0.935132 1.81625 0.00914588 1.34769 0.00339317
545.7 0.935164 1.8153 0.00909127 1.34734 0.0033738
546.4 0.935196 1.81436 0.00903388 1.34699 0.00335337
547.1 0.935227 1.81343 0.00897368 1.34664 0.00333187
547.8 0.935259 1.81252 0.00891061 1.3463 0.00330929
548.5 0.935291 1.81162 0.00884465 1.34597 0.00328561
549.2 0.935323 1.81073 0.00877578 1.34564 0.00326083
549.9 0.935354 1.80985 0.00870421 1.34531 0.00323502
550.6 0.935386 1.80899 0.00863019 1.34499 0.00320827
551.3 0.935418 1.80813 0.008554 1.34467 0.0031807
552 0.935449 1.80729 0.00847586 1.34436 0.00315238
552.7 0.935481 1.80646 0.00839602 1.34405 0.0031234
553.4 0.935512 1.80564 0.00831469 1.34374 0.00309385
554.1 0.935544 1.80483 0.0082321 1.34344 0.00306381
554.8 0.935575 1.80402 0.00814844 1.34314 0.00303335
555.5 0.935606 1.80323 0.00806392 1.34285 0.00300255
556.2 0.935637 1.80244 0.00797873 1.34255 0.00297147
556.9 0.935667 1.80167 0.00789303 1.34226 0.00294019
557.6 0.935698 1.8009 0.00780702 1.34198 0.00290877
558.3 0.935728 1.80013 0.00772086 1.34169 0.00287728
559 0.935758 1.79938 0.0076347 1.34141 0.00284577
559.7 0.935788 1.79863 0.00754869 1.34113 0.0028143
560.4 0.935818 1.79789 0.007463 1.34086 0.00278292
561.1 0.935847 1.79715 0.00737776 1.34058 0.0027517
561.8 0.935876 1.79642 0.00729309 1.34031 0.00272068
562.5 0.935905 1.7957 0.00720914 1.34004 0.0026899
563.2 0.935933 1.79498 0.00712603 1.33977 0.00265942
563.9 0.935961 1.79426 0.00704387 1.3395 0.00262929
564.6 0.935989 1.79355 0.00696279 1.33924 0.00259953
565.3 0.936017 1.79285 0.00688288 1.33898 0.0025702
566 0.936044 1.79215 0.00680425 1.33871 0.00254134
566.7 0.936071 1.79145 0.006727 1.33845 0.00251298
567.4 0.936097 1.79076 0.00665123 1.3382 0.00248515
568.1 0.936124 1.79007 0.00657703 1.33794 0.0024579
568.8 0.936149 1.78939 0.00650448 1.33768 0.00243125
569.5 0.936175 1.78871 0.00643366 1.33743 0.00240524
570.2 0.9362 1.78803 0.00636466 1.33717 0.00237989
570.9 0.936225 1.78735 0.00629754 1.33692 0.00235524
571.6 0.936249 1.78668 0.00623238 1.33667 0.00233131
572.3 0.936273 1.78601 0.00616924 1.33642 0.00230812
573 0.936297 1.78535 0.00610819 1.33617 0.00228571
573.7 0.93632 1.78468 0.00604928 1.33592 0.00226408
574.4 0.936343 1.78402 0.00599257 1.33568 0.00224327
575.1 0.936366 1.78336 0.00593812 1.33543 0.0022233
575.8 0.936388 1.78271 0.00588596 1.33518 0.00220418
576.5 0.93641 1.78205 0.00583615 1.33494 0.00218593
577.2 0.936431 1.7814 0.00578873 1.33469 0.00216856
577.9 0.936452 1.78075 0.00574373 1.33445 0.0021521
578.6 0.936473 1.7801 0.0057012 1.33421 0.00213655
579.3 0.936493 1.77945 0.00566117 1.33396 0.00212193
580 0.936513 1.77881 0.00562366 1.33372 0.00210826
580.7 0.936533 1.77816 0.0055887 1.33348 0.00209553
581.4 0.936552 1.77752 0.00555632 1.33324 0.00208377
582.1 0.93657 1.77688 0.00552655 1.333 0.00207298
582.8 0.936588 1.77624 0.00549936 1.33276 0.00206315
583.5 0.936606 1.7756 0.00547461 1.33252 0.00205424
584.2 0.936624 1.77496 0.00545216 1.33228 0.00204618
584.9 0.936641 1.77432 0.00543184 1.33204 0.00203892
585.6 0.936658 1.77369 0.00541351 1.3318 0.0020324
586.3 0.936675 1.77306 0.00539702 1.33156 0.00202657
587 0.936691 1.77243 0.00538222 1.33133 0.00202138
587.7 0.936707 1.7718 0.00536899 1.33109 0.00201676
588.4 0.936723 1.77117 0.00535719 1.33086 0.00201269
589.1 0.936738 1.77055 0.0053467 1.33062 0.0020091
589.8 0.936753 1.76993 0.0053374 1.33039 0.00200596
590.5 0.936768 1.76931 0.00532917 1.33016 0.00200321
591.2 0.936783 1.76869 0.00532189 1.32992 0.00200083
591.9 0.936798 1.76808 0.00531547 1.32969 0.00199876
592.6 0.936813 1.76747 0.00530978 1.32946 0.00199696
593.3 0.936827 1.76686 0.00530475 1.32924 0.00199541
594 0.936841 1.76626 0.00530026 1.32901 0.00199407
594.7 0.936855 1.76566 0.00529624 1.32878 0.00199289
595.4 0.936869 1.76506 0.00529258 1.32856 0.00199185
596.1 0.936883 1.76447 0.0052892 1.32833 0.00199091
596.8 0.936896 1.76388 0.00528603 1.32811 0.00199005
597.5 0.93691 1.76329 0.00528298 1.32789 0.00198924
598.2 0.936923 1.76271 0.00527998 1.32767 0.00198844
598.9 0.936936 1.76213 0.00527695 1.32745 0.00198762
599.6 0.93695 1.76155 0.00527384 1.32724 0.00198678
600.3 0.936963 1.76098 0.00527057 1.32702 0.00198587
601 0.936976 1.76041 0.00526707 1.3268 0.00198487
601.7 0.936989 1.75984 0.0052633 1.32659 0.00198377
602.4 0.937002 1.75928 0.0052592 1.32638 0.00198254
603.1 0.937015 1.75872 0.0052547 1.32617 0.00198116
603.8 0.937028 1.75817 0.00524975 1.32596 0.0019796
604.5 0.93704 1.75761 0.00524432 1.32575 0.00197786
605.2 0.937053 1.75707 0.00523834 1.32555 0.00197592
605.9 0.937066 1.75653 0.00523178 1.32534 0.00197375
606.6 0.937079 1.75599 0.00522458 1.32514 0.00197134
607.3 0.937091 1.75545 0.00521672 1.32494 0.00196867
608 0.937104 1.75492 0.00520815 1.32474 0.00196573
608.7 0.937117 1.75439 0.00519883 1.32454 0.00196251
609.4 0.937129 1.75387 0.00518874 1.32434 0.00195899
610.1 0.937142 1.75335 0.00517782 1.32414 0.00195516
610.8 0.937155 1.75284 0.00516607 1.32395 0.00195101
611.5 0.937167 1.75233 0.00515343 1.32376 0.00194652
612.2 0.93718 1.75182 0.0051399 1.32356 0.00194169
612.9 0.937193 1.75132 0.00512543 1.32337 0.0019365
613.6 0.937205 1.75082 0.00511 1.32319 0.00193095
614.3 0.937218 1.75032 0.0050936 1.323 0.00192502
615 0.937231 1.74983 0.00507619 1.32281 0.00191871
615.7 0.937243 1.74935 0.00505775 1.32263 0.00191201
616.4 0.937256 1.74887 0.00503828 1.32245 0.0019049
617.1 0.937269 1.74839 0.00501773 1.32227 0.0018974
617.8 0.937282 1.74791 0.00499614 1.32209 0.00188949
618.5 0.937295 1.74744 0.00497355 1.32191 0.0018812
619.2 0.937307 1.74698 0.00495001 1.32173 0.00187254
619.9 0.93732 1.74652 0.00492558 1.32156 0.00186355
620.6 0.937333 1.74606 0.0049003 1.32139 0.00185423
621.3 0.937346 1.7456 0.00487423 1.32121 0.0018446
622 0.937359 1.74515 0.00484741 1.32104 0.00183469
622.7 0.937372 1.7447 0.00481988 1.32087 0.0018245
623.4 0.937385 1.74426 0.00479169 1.32071 0.00181407
624.1 0.937397 1.74382 0.00476289 1.32054 0.00180339
624.8 0.93741 1.74338 0.00473351 1.32037 0.00179249
625.5 0.937423 1.74295 0.00470359 1.32021 0.00178138
626.2 0.937436 1.74251 0.00467318 1.32004 0.00177008
626.9 0.937449 1.74208 0.0046423 1.31988 0.00175861
627.6 0.937461 1.74166 0.004611 1.31972 0.00174696
628.3 0.937474 1.74124 0.00457932 1.31956 0.00173517
629 0.937487 1.74082 0.00454727 1.3194 0.00172323
629.7 0.937499 1.7404 0.00451491 1.31924 0.00171118
630.4 0.937512 1.73998 0.00448226 1.31909 0.001699
631.1 0.937524 1.73957 0.00444935 1.31893 0.00168673
631.8 0.937537 1.73916 0.00441621 1.31877 0.00167436
632.5 0.937549 1.73875 0.00438288 1.31862 0.00166192
633.2 0.937562 1.73835 0.00434937 1.31847 0.00164941
633.9 0.937574 1.73795 0.00431572 1.31831 0.00163683
634.6 0.937586 1.73755 0.00428195 1.31816 0.00162421
635.3 0.937599 1.73715 0.00424809 1.31801 0.00161156
636 0.937611 1.73675 0.00421417 1.31786 0.00159887
636.7 0.937623 1.73636 0.0041802 1.31771 0.00158616
637.4 0.937635 1.73597 0.00414622 1.31756 0.00157344
638.1 0.937647 1.73558 0.00411224 1.31741 0.00156072
638.8 0.937659 1.73519 0.00407828 1.31727 0.00154801
639.5 0.937671 1.73481 0.00404437 1.31712 0.00153531
640.2 0.937683 1.73442 0.00401053 1.31698 0.00152263
640.9 0.937695 1.73404 0.00397678 1.31683 0.00150998
641.6 0.937706 1.73366 0.00394313 1.31669 0.00149737
642.3 0.937718 1.73329 0.0039096 1.31654 0.0014848
643 0.93773 1.73291 0.00387622 1.3164 0.00147228
643.7 0.937741 1.73254 0.003843 1.31626 0.00145982
644.4 0.937753 1.73216 0.00380995 1.31612 0.00144742
645.1 0.937764 1.73179 0.0037771 1.31598 0.00143509
645.8 0.937775 1.73142 0.00374445 1.31584 0.00142284
646.5 0.937787 1.73106 0.00371203 1.3157 0.00141067
647.2 0.937798 1.73069 0.00367984 1.31556 0.00139859
647.9 0.937809 1.73033 0.00364791 1.31542 0.00138659
648.6 0.93782 1.72996 0.00361624 1.31528 0.0013747
649.3 0.937831 1.7296 0.00358484 1.31514 0.00136291
650 0.937841 1.72924 0.00355374 1.31501 0.00135122
650.7 0.937852 1.72889 0.00352294 1.31487 0.00133965
651.4 0.937863 1.72853 0.00349245 1.31474 0.00132819
652.1 0.937873 1.72817 0.00346228 1.3146 0.00131686
652.8 0.937884 1.72782 0.00343245 1.31447 0.00130565
653.5 0.937894 1.72747 0.00340297 1.31433 0.00129456
654.2 0.937905 1.72712 0.00337384 1.3142 0.00128361
654.9 0.937915 1.72677 0.00334507 1.31407 0.00127279
655.6 0.937925 1.72642 0.00331668 1.31393 0.00126212
656.3 0.937935 1.72607 0.00328866 1.3138 0.00125158
657 0.937945 1.72572 0.00326104 1.31367 0.0012412
657.7 0.937955 1.72538 0.00323381 1.31354 0.00123096
658.4 0.937965 1.72504 0.00320699 1.31341 0.00122087
659.1 0.937975 1.72469 0.00318058 1.31328 0.00121093
659.8 0.937985 1.72435 0.00315459 1.31315 0.00120116
660.5 0.937994 1.72401 0.00312901 1.31302 0.00119153
661.2 0.938004 1.72367 0.00310384 1.31289 0.00118206
661.9 0.938013 1.72334 0.00307905 1.31276 0.00117274
662.6 0.938023 1.723 0.00305463 1.31263 0.00116355
663.3 0.938032 1.72266 0.00303058 1.3125 0.0011545
664 0.938041 1.72233 0.00300688 1.31238 0.00114559
664.7 0.93805 1.722 0.00298351 1.31225 0.00113679
665.4 0.938059 1.72166 0.00296047 1.31212 0.00112812
666.1 0.938068 1.72133 0.00293774 1.312 0.00111957
666.8 0.938077 1.721 0.0029153 1.31187 0.00111113
667.5 0.938086 1.72067 0.00289316 1.31175 0.00110279
668.2 0.938095 1.72035 0.0028713 1.31162 0.00109456
668.9 0.938104 1.72002 0.00284971 1.3115 0.00108643
669.6 0.938112 1.71969 0.00282837 1.31137 0.0010784
670.3 0.938121 1.71937 0.00280729 1.31125 0.00107046
671 0.93813 1.71905 0.00278644 1.31112 0.00106261
671.7 0.938138 1.71873 0.00276582 1.311 0.00105485
672.4 0.938147 1.7184 0.00274542 1.31088 0.00104717
673.1 0.938155 1.71809 0.00272523 1.31076 0.00103956
673.8 0.938163 1.71777 0.00270524 1.31064 0.00103203
674.5 0.938172 1.71745 0.00268545 1.31052 0.00102458
675.2 0.93818 1.71713 0.00266584 1.31039 0.00101719
675.9 0.938188 1.71682 0.00264641 1.31027 0.00100987
676.6 0.938196 1.7165 0.00262715 1.31015 0.00100261
677.3 0.938204 1.71619 0.00260805 1.31003 0.000995414
678 0.938212 1.71588 0.00258911 1.30992 0.000988273
678.7 0.93822 1.71557 0.00257031 1.3098 0.000981188
679.4 0.938228 1.71526 0.00255166 1.30968 0.000974155
680.1 0.938236 1.71495 0.00253314 1.30956 0.000967171
680.8 0.938244 1.71464 0.00251475 1.30944 0.000960234
681.5 0.938252 1.71434 0.00249647 1.30933 0.000953342
682.2 0.93826 1.71403 0.00247832 1.30921 0.000946493
682.9 0.938267 1.71373 0.00246027 1.30909 0.000939684
683.6 0.938275 1.71342 0.00244233 1.30898 0.000932913
684.3 0.938283 1.71312 0.00242448 1.30886 0.000926178
685 0.93829 1.71282 0.00240673 1.30875 0.000919477
685.7 0.938298 1.71252 0.00238906 1.30863 0.000912808
686.4 0.938305 1.71222 0.00237148 1.30852 0.000906168
687.1 0.938313 1.71192 0.00235397 1.30841 0.000899557
687.8 0.93832 1.71163 0.00233654 1.30829 0.000892972
688.5 0.938328 1.71133 0.00231917 1.30818 0.000886412
689.2 0.938335 1.71104 0.00230187 1.30807 0.000879875
689.9 0.938342 1.71074 0.00228463 1.30795 0.000873358
690.6 0.93835 1.71045 0.00226744 1.30784 0.000866862
691.3 0.938357 1.71016 0.0022503 1.30773 0.000860384
692 0.938364 1.70987 0.00223321 1.30762 0.000853922
692.7 0.938371 1.70958 0.00221617 1.30751 0.000847476
693.4 0.938378 1.70929 0.00219916 1.3074 0.000841043
694.1 0.938386 1.70901 0.00218219 1.30729 0.000834623
694.8 0.938393 1.70872 0.00216525 1.30718 0.000828214
695.5 0.9384 1.70843 0.00214834 1.30707 0.000821815
696.2 0.938407 1.70815 0.00213146 1.30696 0.000815425
696.9 0.938414 1.70787 0.0021146 1.30685 0.000809043
697.6 0.938421 1.70759 0.00209777 1.30675 0.000802667
698.3 0.938428 1.70731 0.00208095 1.30664 0.000796297
699 0.938435 1.70703 0.00206414 1.30653 0.000789931
699.7 0.938442 1.70675 0.00204735 1.30643 0.000783569
700.4 0.938449 1.70647 0.00203057 1.30632 0.000777209
701.1 0.938455 1.70619 0.00201379 1.30621 0.000770851
701.8 0.938462 1.70592 0.00199702 1.30611 0.000764494
702.5 0.938469 1.70564 0.00198025 1.306 0.000758136
703.2 0.938476 1.70537 0.00196349 1.3059 0.000751777
703.9 0.938482 1.7051 0.00194672 1.30579 0.000745417
704.6 0.938489 1.70482 0.00192995 1.30569 0.000739055
705.3 0.938496 1.70455 0.00191318 1.30559 0.00073269
706 0.938503 1.70428 0.00189642 1.30548 0.000726328
706.7 0.938509 1.70401 0.00187967 1.30538 0.000719971
707.4 0.938516 1.70375 0.00186295 1.30528 0.000713624
708.1 0.938522 1.70348 0.00184628 1.30517 0.000707291
708.8 0.938529 1.70321 0.00182964 1.30507 0.000700974
709.5 0.938535 1.70295 0.00181307 1.30497 0.000694677
710.2 0.938542 1.70269 0.00179656 1.30487 0.000688404
710.9 0.938548 1.70242 0.00178012 1.30477 0.000682158
711.6 0.938555 1.70216 0.00176376 1.30467 0.000675942
712.3 0.938561 1.7019 0.0017475 1.30457 0.000669759
713 0.938567 1.70164 0.00173133 1.30447 0.000663612
713.7 0.938574 1.70139 0.00171526 1.30437 0.000657504
714.4 0.93858 1.70113 0.0016993 1.30427 0.000651437
715.1 0.938586 1.70087 0.00168347 1.30418 0.000645414
715.8 0.938592 1.70062 0.00166775 1.30408 0.000639437
716.5 0.938598 1.70036 0.00165217 1.30398 0.00063351
717.2 0.938605 1.70011 0.00163672 1.30388 0.000627634
717.9 0.938611 1.69986 0.00162142 1.30379 0.000621811
718.6 0.938617 1.69961 0.00160626 1.30369 0.000616044
719.3 0.938623 1.69936 0.00159126 1.3036 0.000610335
720 0.938628 1.69911 0.00157642 1.3035 0.000604685
720.7 0.938634 1.69887 0.00156173 1.30341 0.000599098
721.4 0.93864 1.69862 0.00154722 1.30331 0.000593574
722.1 0.938646 1.69838 0.00153288 1.30322 0.000588115
722.8 0.938652 1.69813 0.00151872 1.30312 0.000582723
723.5 0.938657 1.69789 0.00150474 1.30303 0.0005774
724.2 0.938663 1.69765 0.00149094 1.30294 0.000572147
724.9 0.938669 1.69741 0.00147734 1.30285 0.000566966
725.6 0.938674 1.69717 0.00146392 1.30275 0.000561857
726.3 0.93868 1.69693 0.00145071 1.30266 0.000556824
727 0.938685 1.69669 0.00143769 1.30257 0.000551866
727.7 0.938691 1.69646 0.00142488 1.30248 0.000546985
728.4 0.938696 1.69622 0.00141227 1.30239 0.000542183
729.1 0.938701 1.69599 0.00139987 1.3023 0.00053746
729.8 0.938707 1.69576 0.00138768 1.30221 0.000532817
730.5 0.938712 1.69553 0.00137571 1.30212 0.000528256
731.2 0.938717 1.6953 0.00136395 1.30204 0.000523777
731.9 0.938722 1.69507 0.00135242 1.30195 0.000519382
732.6 0.938727 1.69484 0.0013411 1.30186 0.000515071
733.3 0.938732 1.69462 0.00133001 1.30177 0.000510845
734 0.938737 1.69439 0.00131914 1.30169 0.000506705
734.7 0.938742 1.69417 0.0013085 1.3016 0.000502651
735.4 0.938747 1.69394 0.00129809 1.30152 0.000498685
736.1 0.938752 1.69372 0.00128791 1.30143 0.000494807
736.8 0.938757 1.6935 0.00127797 1.30135 0.000491017
737.5 0.938762 1.69328 0.00126825 1.30126 0.000487317
738.2 0.938766 1.69306 0.00125877 1.30118 0.000483706
738.9 0.938771 1.69285 0.00124953 1.30109 0.000480185
739.6 0.938776 1.69263 0.00124053 1.30101 0.000476755
740.3 0.93878 1.69241 0.00123176 1.30093 0.000473415
741 0.938785 1.6922 0.00122323 1.30085 0.000470168
741.7 0.938789 1.69199 0.00121494 1.30076 0.000467012
742.4 0.938794 1.69178 0.0012069 1.30068 0.000463948
743.1 0.938798 1.69157 0.00119909 1.3006 0.000460976
743.8 0.938802 1.69136 0.00119153 1.30052 0.000458098
744.5 0.938807 1.69115 0.00118421 1.30044 0.000455312
745.2 0.938811 1.69094 0.00117714 1.30036 0.000452619
745.9 0.938815 1.69073 0.00117031 1.30028 0.00045002
746.6 0.938819 1.69053 0.00116372 1.3002 0.000447514
747.3 0.938823 1.69033 0.00115737 1.30013 0.000445101
748 0.938827 1.69012 0.00115128 1.30005 0.000442783
748.7 0.938831 1.68992 0.00114542 1.29997 0.000440558
749.4 0.938835 1.68972 0.00113981 1.29989 0.000438427
750.1 0.938839 1.68952 0.00113445 1.29982 0.00043639
750.8 0.938843 1.68932 0.00112933 1.29974 0.000434446
751.5 0.938847 1.68912 0.00112446 1.29966 0.000432597
752.2 0.93885 1.68893 0.00111983 1.29959 0.000430842
752.9 0.938854 1.68873 0.00111545 1.29951 0.00042918
753.6 0.938858 1.68854 0.00111131 1.29944 0.000427613
754.3 0.938861 1.68835 0.00110742 1.29936 0.000426139
755 0.938865 1.68815 0.00110377 1.29929 0.000424758
755.7 0.938869 1.68796 0.00110036 1.29922 0.000423472
756.4 0.938872 1.68777 0.0010972 1.29914 0.000422278
757.1 0.938876 1.68758 0.00109428 1.29907 0.000421176
757.8 0.938879 1.6874 0.00109158 1.299 0.000420162
758.5 0.938882 1.68721 0.0010891 1.29893 0.000419233
759.2 0.938886 1.68702 0.00108684 1.29885 0.000418385
759.9 0.938889 1.68684 0.00108478 1.29878 0.000417615
760.6 0.938892 1.68665 0.00108292 1.29871 0.00041692
761.3 0.938895 1.68647 0.00108124 1.29864 0.000416297
762 0.938899 1.68629 0.00107974 1.29857 0.000415743
762.7 0.938902 1.68611 0.00107842 1.2985 0.000415255
763.4 0.938905 1.68593 0.00107726 1.29843 0.000414831
764.1 0.938908 1.68575 0.00107626 1.29836 0.000414467
764.8 0.938911 1.68557 0.00107541 1.29829 0.000414161
765.5 0.938914 1.68539 0.0010747 1.29823 0.00041391
766.2 0.938917 1.68521 0.00107413 1.29816 0.000413712
766.9 0.93892 1.68503 0.00107368 1.29809 0.000413563
767.6 0.938923 1.68486 0.00107337 1.29802 0.000413462
768.3 0.938926 1.68468 0.00107316 1.29795 0.000413407
769 0.938929 1.68451 0.00107308 1.29789 0.000413394
769.7 0.938931 1.68433 0.00107309 1.29782 0.000413421
770.4 0.938934 1.68416 0.00107321 1.29775 0.000413486
771.1 0.938937 1.68399 0.00107341 1.29769 0.000413588
771.8 0.93894 1.68381 0.00107371 1.29762 0.000413723
772.5 0.938943 1.68364 0.00107409 1.29755 0.00041389
773.2 0.938946 1.68347 0.00107454 1.29749 0.000414086
773.9 0.938948 1.6833 0.00107507 1.29742 0.00041431
774.6 0.938951 1.68313 0.00107566 1.29736 0.00041456
775.3 0.938954 1.68296 0.00107632 1.29729 0.000414833
776 0.938956 1.68279 0.00107703 1.29723 0.000415128
776.7 0.938959 1.68262 0.00107779 1.29716 0.000415443
777.4 0.938962 1.68246 0.0010786 1.2971 0.000415777
778.1 0.938964 1.68229 0.00107946 1.29703 0.000416126
778.8 0.938967 1.68212 0.00108035 1.29697 0.000416491
779.5 0.93897 1.68196 0.00108127 1.2969 0.000416868
780.2 0.938972 1.68179 0.00108223 1.29684 0.000417257
780.9 0.938975 1.68162 0.00108321 1.29677 0.000417655
781.6 0.938977 1.68146 0.00108421 1.29671 0.000418062
782.3 0.93898 1.68129 0.00108523 1.29665 0.000418476
783 0.938983 1.68113 0.00108626 1.29658 0.000418894
783.7 0.938985 1.68096 0.00108731 1.29652 0.000419317
784.4 0.938988 1.6808 0.00108836 1.29646 0.000419742
785.1 0.93899 1.68064 0.00108941 1.29639 0.000420168
785.8 0.938993 1.68047 0.00109046 1.29633 0.000420594
786.5 0.938995 1.68031 0.0010915 1.29627 0.000421018
787.2 0.938998 1.68015 0.00109254 1.29621 0.000421439
787.9 0.939 1.67999 0.00109357 1.29614 0.000421856
788.6 0.939003 1.67983 0.00109459 1.29608 0.000422268
789.3 0.939005 1.67966 0.00109558 1.29602 0.000422673
790 0.939008 1.6795 0.00109656 1.29596 0.00042307
790.7 0.93901 1.67934 0.00109752 1.29589 0.000423459
791.4 0.939013 1.67918 0.00109845 1.29583 0.000423838
792.1 0.939015 1.67902 0.00109935 1.29577 0.000424206
792.8 0.939018 1.67886 0.00110022 1.29571 0.000424562
793.5 0.93902 1.6787 0.00110105 1.29565 0.000424905
794.2 0.939023 1.67854 0.00110185 1.29559 0.000425234
794.9 0.939025 1.67838 0.00110262 1.29552 0.000425548
795.6 0.939028 1.67823 0.00110334 1.29546 0.000425846
796.3 0.93903 1.67807 0.00110401 1.2954 0.000426128
797 0.939033 1.67791 0.00110465 1.29534 0.000426392
797.7 0.939035 1.67775 0.00110523 1.29528 0.000426638
798.4 0.939038 1.67759 0.00110577 1.29522 0.000426865
799.1 0.93904 1.67743 0.00110625 1.29516 0.000427071
799.8 0.939043 1.67728 0.00110668 1.2951 0.000427257
800.5 0.939045 1.67712 0.00110705 1.29504 0.000427422
801.2 0.939048 1.67696 0.00110737 1.29498 0.000427564
801.9 0.93905 1.67681 0.00110763 1.29492 0.000427683
802.6 0.939053 1.67665 0.00110782 1.29485 0.000427779
803.3 0.939055 1.67649 0.00110796 1.29479 0.000427851
804 0.939058 1.67634 0.00110803 1.29473 0.000427898
804.7 0.93906 1.67618 0.00110803 1.29467 0.000427919
805.4 0.939063 1.67602 0.00110797 1.29461 0.000427915
806.1 0.939065 1.67587 0.00110784 1.29455 0.000427884
806.8 0.939068 1.67571 0.00110763 1.29449 0.000427826
807.5 0.93907 1.67556 0.00110736 1.29443 0.00042774
808.2 0.939073 1.6754 0.00110702 1.29437 0.000427626
808.9 0.939075 1.67524 0.0011066 1.29431 0.000427484
809.6 0.939078 1.67509 0.0011061 1.29425 0.000427313
810.3 0.93908 1.67493 0.00110553 1.29419 0.000427112
811 0.939083 1.67478 0.00110488 1.29413 0.000426881
811.7 0.939085 1.67463 0.00110416 1.29407 0.000426621
812.4 0.939088 1.67447 0.00110335 1.29401 0.000426329
813.1 0.93909 1.67432 0.00110247 1.29395 0.000426007
813.8 0.939093 1.67416 0.0011015 1.29389 0.000425653
814.5 0.939095 1.67401 0.00110045 1.29383 0.000425268
815.2 0.939098 1.67385 0.00109932 1.29378 0.00042485
815.9 0.9391 1.6737 0.00109811 1.29372 0.000424401
816.6 0.939103 1.67355 0.00109681 1.29366 0.000423918
817.3 0.939105 1.67339 0.00109543 1.2936 0.000423403
818 0.939108 1.67324 0.00109396 1.29354 0.000422856
818.7 0.93911 1.67309 0.00109241 1.29348 0.000422274
819.4 0.939113 1.67293 0.00109077 1.29342 0.00042166
820.1 0.939116 1.67278 0.00108904 1.29336 0.000421011
820.8 0.939118 1.67263 0.00108722 1.2933 0.000420329
821.5 0.939121 1.67247 0.00108532 1.29324 0.000419613
822.2 0.939123 1.67232 0.00108334 1.29318 0.000418864
822.9 0.939126 1.67217 0.00108126 1.29312 0.000418083
823.6 0.939128 1.67202 0.00107911 1.29306 0.00041727
824.3 0.939131 1.67186 0.00107689 1.29301 0.000416428
825 0.939134 1.67171 0.00107459 1.29295 0.000415557
825.7 0.939136 1.67156 0.00107221 1.29289 0.000414658
826.4 0.939139 1.67141 0.00106977 1.29283 0.000413733
827.1 0.939141 1.67126 0.00106727 1.29277 0.000412782
827.8 0.939144 1.6711 0.0010647 1.29271 0.000411807
828.5 0.939146 1.67095 0.00106207 1.29265 0.000410809
829.2 0.939149 1.6708 0.00105938 1.2926 0.000409788
829.9 0.939152 1.67065 0.00105664 1.29254 0.000408746
830.6 0.939154 1.6705 0.00105384 1.29248 0.000407683
831.3 0.939157 1.67035 0.001051 1.29242 0.000406601
832 0.939159 1.6702 0.00104811 1.29236 0.0004055
832.7 0.939162 1.67005 0.00104517 1.2923 0.000404382
833.4 0.939164 1.6699 0.00104219 1.29225 0.000403247
834.1 0.939167 1.66975 0.00103917 1.29219 0.000402095
834.8 0.93917 1.66961 0.00103611 1.29213 0.000400929
835.5 0.939172 1.66946 0.00103301 1.29207 0.000399748
836.2 0.939175 1.66931 0.00102988 1.29202 0.000398554
836.9 0.939177 1.66916 0.00102671 1.29196 0.000397348
837.6 0.93918 1.66901 0.00102352 1.2919 0.000396129
838.3 0.939182 1.66887 0.0010203 1.29185 0.000394899
839 0.939185 1.66872 0.00101705 1.29179 0.000393659
839.7 0.939187 1.66857 0.00101377 1.29173 0.000392409
840.4 0.93919 1.66843 0.00101048 1.29168 0.00039115
841.1 0.939192 1.66828 0.00100716 1.29162 0.000389883
841.8 0.939195 1.66814 0.00100382 1.29156 0.000388608
842.5 0.939197 1.66799 0.00100047 1.29151 0.000387326
843.2 0.9392 1.66785 0.000997099 1.29145 0.000386038
843.9 0.939202 1.66771 0.000993715 1.2914 0.000384744
844.6 0.939205 1.66756 0.000990317 1.29134 0.000383445
845.3 0.939207 1.66742 0.000986909 1.29129 0.000382142
846 0.93921 1.66728 0.000983491 1.29123 0.000380835
846.7 0.939212 1.66714 0.000980065 1.29118 0.000379524
847.4 0.939215 1.66699 0.000976632 1.29112 0.000378211
848.1 0.939217 1.66685 0.000973193 1.29107 0.000376895
848.8 0.93922 1.66671 0.000969751 1.29101 0.000375578
849.5 0.939222 1.66657 0.000966306 1.29096 0.000374259
850.2 0.939225 1.66643 0.00096286 1.2909 0.00037294
850.9 0.939227 1.66629 0.000959414 1.29085 0.000371621
851.6 0.939229 1.66615 0.000955968 1.2908 0.000370302
852.3 0.939232 1.66602 0.000952526 1.29074 0.000368984
853 0.939234 1.66588 0.000949086 1.29069 0.000367666
853.7 0.939237 1.66574 0.000945652 1.29064 0.000366351
854.4 0.939239 1.6656 0.000942223 1.29058 0.000365038
855.1 0.939241 1.66547 0.000938801 1.29053 0.000363727
855.8 0.939244 1.66533 0.000935386 1.29048 0.000362419
856.5 0.939246 1.6652 0.000931981 1.29043 0.000361114
857.2 0.939248 1.66506 0.000928586 1.29037 0.000359813
857.9 0.939251 1.66493 0.000925201 1.29032 0.000358516
858.6 0.939253 1.66479 0.000921828 1.29027 0.000357223
859.3 0.939255 1.66466 0.000918468 1.29022 0.000355935
860 0.939257 1.66453 0.000915122 1.29017 0.000354653
860.7 0.93926 1.6644 0.00091179 1.29011 0.000353375
861.4 0.939262 1.66426 0.000908473 1.29006 0.000352104
862.1 0.939264 1.66413 0.000905172 1.29001 0.000350839
862.8 0.939267 1.664 0.000901888 1.28996 0.000349579
863.5 0.939269 1.66387 0.000898622 1.28991 0.000348327
864.2 0.939271 1.66374 0.000895374 1.28986 0.000347082
864.9 0.939273 1.66361 0.000892145 1.28981 0.000345844
865.6 0.939275 1.66348 0.000888937 1.28976 0.000344613
866.3 0.939278 1.66335 0.000885748 1.28971 0.00034339
867 0.93928 1.66323 0.000882581 1.28966 0.000342175
867.7 0.939282 1.6631 0.000879435 1.28961 0.000340969
868.4 0.939284 1.66297 0.000876312 1.28956 0.000339771
869.1 0.939286 1.66285 0.000873211 1.28951 0.000338581
869.8 0.939288 1.66272 0.000870134 1.28947 0.000337401
870.5 0.93929 1.6626 0.000867082 1.28942 0.00033623
871.2 0.939293 1.66247 0.000864054 1.28937 0.000335068
871.9 0.939295 1.66235 0.000861051 1.28932 0.000333916
872.6 0.939297 1.66223 0.000858073 1.28927 0.000332774
873.3 0.939299 1.6621 0.000855122 1.28923 0.000331642
874 0.939301 1.66198 0.000852197 1.28918 0.00033052
874.7 0.939303 1.66186 0.0008493 1.28913 0.000329408
875.4 0.939305 1.66174 0.000846429 1.28908 0.000328307
876.1 0.939307 1.66162 0.000843587 1.28904 0.000327216
876.8 0.939309 1.6615 0.000840773 1.28899 0.000326136
877.5 0.939311 1.66138 0.000837988 1.28894 0.000325068
878.2 0.939313 1.66126 0.000835232 1.2889 0.00032401
878.9 0.939315 1.66114 0.000832505 1.28885 0.000322964
879.6 0.939317 1.66102 0.000829808 1.28881 0.000321929
880.3 0.939319 1.6609 0.000827141 1.28876 0.000320906
881 0.939321 1.66079 0.000824505 1.28872 0.000319894
881.7 0.939323 1.66067 0.000821899 1.28867 0.000318894
882.4 0.939325 1.66055 0.000819325 1.28862 0.000317907
883.1 0.939327 1.66044 0.000816782 1.28858 0.000316931
883.8 0.939329 1.66032 0.00081427 1.28854 0.000315967
884.5 0.93933 1.66021 0.00081179 1.28849 0.000315016
885.2 0.939332 1.6601 0.000809342 1.28845 0.000314077
885.9 0.939334 1.65998 0.000806927 1.2884 0.00031315
886.6 0.939336 1.65987 0.000804544 1.28836 0.000312236
887.3 0.939338 1.65976 0.000802194 1.28832 0.000311334
888 0.93934 1.65965 0.000799877 1.28827 0.000310446
888.7 0.939341 1.65954 0.000797594 1.28823 0.00030957
889.4 0.939343 1.65943 0.000795343 1.28819 0.000308707
890.1 0.939345 1.65932 0.000793127 1.28814 0.000307856
890.8 0.939347 1.65921 0.000790944 1.2881 0.000307019
891.5 0.939349 1.6591 0.000788794 1.28806 0.000306195
892.2 0.93935 1.65899 0.000786679 1.28802 0.000305384
892.9 0.939352 1.65888 0.000784598 1.28798 0.000304586
893.6 0.939354 1.65877 0.000782549 1.28793 0.0003038
894.3 0.939356 1.65867 0.000780532 1.28789 0.000303027
895 0.939357 1.65856 0.000778546 1.28785 0.000302265
895.7 0.939359 1.65845 0.000776589 1.28781 0.000301515
896.4 0.939361 1.65835 0.00077466 1.28777 0.000300776
897.1 0.939362 1.65824 0.000772759 1.28773 0.000300047
897.8 0.939364 1.65814 0.000770884 1.28769 0.000299329
898.5 0.939366 1.65804 0.000769035 1.28765 0.00029862
899.2 0.939367 1.65793 0.00076721 1.28761 0.000297921
899.9 0.939369 1.65783 0.000765409 1.28757 0.00029723
900.6 0.939371 1.65773 0.00076363 1.28753 0.000296549
901.3 0.939372 1.65763 0.000761874 1.28749 0.000295876
902 0.939374 1.65752 0.000760138 1.28745 0.000295211
902.7 0.939375 1.65742 0.000758422 1.28741 0.000294554
903.4 0.939377 1.65732 0.000756726 1.28737 0.000293904
904.1 0.939379 1.65722 0.000755048 1.28733 0.000293261
904.8 0.93938 1.65712 0.000753388 1.28729 0.000292625
905.5 0.939382 1.65702 0.000751744 1.28725 0.000291995
906.2 0.939383 1.65692 0.000750117 1.28722 0.000291372
906.9 0.939385 1.65683 0.000748505 1.28718 0.000290754
907.6 0.939386 1.65673 0.000746908 1.28714 0.000290143
908.3 0.939388 1.65663 0.000745324 1.2871 0.000289536
909 0.939389 1.65653 0.000743754 1.28706 0.000288934
909.7 0.939391 1.65644 0.000742196 1.28703 0.000288338
910.4 0.939393 1.65634 0.00074065 1.28699 0.000287745
911.1 0.939394 1.65624 0.000739115 1.28695 0.000287157
911.8 0.939396 1.65615 0.000737591 1.28691 0.000286573
912.5 0.939397 1.65605 0.000736076 1.28688 0.000285993
913.2 0.939399 1.65596 0.000734571 1.28684 0.000285417
913.9 0.9394 1.65586 0.000733074 1.2868 0.000284843
914.6 0.939401 1.65577 0.000731586 1.28677 0.000284273
915.3 0.939403 1.65567 0.000730105 1.28673 0.000283705
916 0.939404 1.65558 0.00072863 1.28669 0.000283141
916.7 0.939406 1.65549 0.000727163 1.28666 0.000282578
917.4 0.939407 1.65539 0.0007257 1.28662 0.000282018
918.1 0.939409 1.6553 0.000724243 1.28659 0.00028146
918.8 0.93941 1.65521 0.000722791 1.28655 0.000280903
919.5 0.939412 1.65512 0.000721343 1.28651 0.000280348
920.2 0.939413 1.65503 0.000719899 1.28648 0.000279795
920.9 0.939414 1.65493 0.000718458 1.28644 0.000279242
921.6 0.939416 1.65484 0.00071702 1.28641 0.000278691
922.3 0.939417 1.65475 0.000715584 1.28637 0.00027814
923 0.939419 1.65466 0.00071415 1.28634 0.000277591
923.7 0.93942 1.65457 0.000712717 1.2863 0.000277041
924.4 0.939422 1.65448 0.000711286 1.28627 0.000276492
925.1 0.939423 1.65439 0.000709854 1.28623 0.000275943
925.8 0.939424 1.6543 0.000708423 1.2862 0.000275394
926.5 0.939426 1.65421 0.000706992 1.28616 0.000274845
927.2 0.939427 1.65413 0.00070556 1.28613 0.000274296
927.9 0.939428 1.65404 0.000704127 1.28609 0.000273746
928.6 0.93943 1.65395 0.000702692 1.28606 0.000273196
929.3 0.939431 1.65386 0.000701256 1.28603 0.000272645
930 0.939432 1.65377 0.000699817 1.28599 0.000272092
930.7 0.939434 1.65369 0.000698376 1.28596 0.000271539
931.4 0.939435 1.6536 0.000696932 1.28592 0.000270985
932.1 0.939437 1.65351 0.000695485 1.28589 0.000270429
932.8 0.939438 1.65343 0.000694034 1.28586 0.000269872
933.5 0.939439 1.65334 0.000692579 1.28582 0.000269314
934.2 0.939441 1.65326 0.000691121 1.28579 0.000268753
934.9 0.939442 1.65317 0.000689657 1.28576 0.000268191
935.6 0.939443 1.65308 0.000688189 1.28572 0.000267627
936.3 0.939445 1.653 0.000686716 1.28569 0.000267061
937 0.939446 1.65291 0.000685238 1.28566 0.000266493
937.7 0.939447 1.65283 0.000683754 1.28562 0.000265923
938.4 0.939448 1.65275 0.000682264 1.28559 0.00026535
939.1 0.93945 1.65266 0.000680768 1.28556 0.000264775
939.8 0.939451 1.65258 0.000679266 1.28553 0.000264198
940.5 0.939452 1.65249 0.000677757 1.28549 0.000263617
941.2 0.939454 1.65241 0.000676241 1.28546 0.000263035
941.9 0.939455 1.65233 0.000674718 1.28543 0.000262449
942.6 0.939456 1.65224 0.000673188 1.2854 0.00026186
943.3 0.939458 1.65216 0.000671651 1.28536 0.000261269
944 0.939459 1.65208 0.000670105 1.28533 0.000260674
944.7 0.93946 1.652 0.000668552 1.2853 0.000260076
945.4 0.939461 1.65191 0.00066699 1.28527 0.000259475
946.1 0.939463 1.65183 0.00066542 1.28524 0.000258871
946.8 0.939464 1.65175 0.000663842 1.2852 0.000258263
947.5 0.939465 1.65167 0.000662255 1.28517 0.000257652
948.2 0.939466 1.65159 0.000660659 1.28514 0.000257037
948.9 0.939468 1.65151 0.000659054 1.28511 0.000256419
949.6 0.939469 1.65143 0.00065744 1.28508 0.000255798
950.3 0.93947 1.65135 0.000655816 1.28505 0.000255172
951 0.939471 1.65126 0.000654183 1.28502 0.000254543
951.7 0.939473 1.65118 0.00065254 1.28498 0.00025391
952.4 0.939474 1.6511 0.000650888 1.28495 0.000253273
953.1 0.939475 1.65103 0.000649225 1.28492 0.000252632
953.8 0.939476 1.65095 0.000647552 1.28489 0.000251987
954.5 0.939478 1.65087 0.000645869 1.28486 0.000251338
955.2 0.939479 1.65079 0.000644176 1.28483 0.000250686
955.9 0.93948 1.65071 0.000642473 1.2848 0.000250028
956.6 0.939481 1.65063 0.000640758 1.28477 0.000249367
957.3 0.939483 1.65055 0.000639033 1.28474 0.000248702
958 0.939484 1.65047 0.000637298 1.28471 0.000248032
958.7 0.939485 1.65039 0.000635551 1.28468 0.000247358
959.4 0.939486 1.65032 0.000633793 1.28465 0.00024668
960.1 0.939488 1.65024 0.000632025 1.28462 0.000245998
960.8 0.939489 1.65016 0.000630245 1.28459 0.000245311
961.5 0.93949 1.65008 0.000628454 1.28456 0.000244619
962.2 0.939491 1.65 0.000626651 1.28453 0.000243923
962.9 0.939492 1.64993 0.000624838 1.2845 0.000243223
963.6 0.939494 1.64985 0.000623012 1.28447 0.000242518
964.3 0.939495 1.64977 0.000621175 1.28444 0.000241809
965 0.939496 1.6497 0.000619327 1.28441 0.000241095
965.7 0.939497 1.64962 0.000617467 1.28438 0.000240376
966.4 0.939498 1.64954 0.000615595 1.28435 0.000239653
967.1 0.9395 1.64947 0.000613711 1.28432 0.000238925
967.8 0.939501 1.64939 0.000611816 1.28429 0.000238193
968.5 0.939502 1.64932 0.000609909 1.28426 0.000237456
969.2 0.939503 1.64924 0.000607989 1.28423 0.000236714
969.9 0.939504 1.64917 0.000606058 1.2842 0.000235968
970.6 0.939506 1.64909 0.000604115 1.28417 0.000235216
971.3 0.939507 1.64901 0.00060216 1.28414 0.00023446
972 0.939508 1.64894 0.000600192 1.28411 0.0002337
972.7 0.939509 1.64886 0.000598213 1.28408 0.000232934
973.4 0.93951 1.64879 0.000596222 1.28405 0.000232164
974.1 0.939512 1.64872 0.000594218 1.28402 0.000231389
974.8 0.939513 1.64864 0.000592202 1.28399 0.000230609
975.5 0.939514 1.64857 0.000590175 1.28397 0.000229825
976.2 0.939515 1.64849 0.000588135 1.28394 0.000229036
976.9 0.939516 1.64842 0.000586082 1.28391 0.000228242
977.6 0.939517 1.64834 0.000584018 1.28388 0.000227443
978.3 0.939519 1.64827 0.000581942 1.28385 0.000226639
979 0.93952 1.6482 0.000579853 1.28382 0.000225831
979.7 0.939521 1.64812 0.000577752 1.28379 0.000225018
980.4 0.939522 1.64805 0.000575639 1.28376 0.0002242
981.1 0.939523 1.64798 0.000573514 1.28374 0.000223377
981.8 0.939524 1.6479 0.000571376 1.28371 0.000222549
982.5 0.939526 1.64783 0.000569227 1.28368 0.000221717
983.2 0.939527 1.64776 0.000567065 1.28365 0.00022088
983.9 0.939528 1.64769 0.000564891 1.28362 0.000220038
984.6 0.939529 1.64761 0.000562706 1.28359 0.000219191
985.3 0.93953 1.64754 0.000560509 1.28357 0.00021834
986 0.939531 1.64747 0.000558301 1.28354 0.000217485
986.7 0.939532 1.6474 0.000556085 1.28351 0.000216627
987.4 0.939534 1.64733 0.00055386 1.28348 0.000215765
988.1 0.939535 1.64726 0.000551628 1.28345 0.0002149
988.8 0.939536 1.64718 0.000549389 1.28343 0.000214032
989.5 0.939537 1.64711 0.000547145 1.2834 0.000213162
990.2 0.939538 1.64704 0.000544896 1.28337 0.000212291
990.9 0.939539 1.64697 0.000542643 1.28334 0.000211418
991.6 0.93954 1.6469 0.000540387 1.28332 0.000210543
992.3 0.939542 1.64683 0.00053813 1.28329 0.000209668
993 0.939543 1.64676 0.00053587 1.28326 0.000208793
993.7 0.939544 1.64669 0.000533611 1.28323 0.000207917
994.4 0.939545 1.64662 0.000531351 1.28321 0.000207041
995.1 0.939546 1.64655 0.000529093 1.28318 0.000206165
995.8 0.939547 1.64648 0.000526837 1.28315 0.00020529
996.5 0.939548 1.64641 0.000524583 1.28312 0.000204416
997.2 0.93955 1.64634 0.000522332 1.2831 0.000203544
997.9 0.939551 1.64627 0.000520085 1.28307 0.000202672
998.6 0.939552 1.6462 0.000517843 1.28304 0.000201803
999.3 0.939553 1.64613 0.000515607 1.28301 0.000200936
1000 0.939554 1.64606 0.000513376 1.28299 0.000200071
