300 0.807499 1.24746 0.375328 1.12919 0.166193
300.7 0.808864 1.23865 0.369929 1.12502 0.164409
301.4 0.810252 1.2292 0.36428 1.12055 0.162546
302.1 0.811676 1.21915 0.358341 1.11577 0.16058
302.8 0.813155 1.20856 0.35207 1.11071 0.158488
303.5 0.814705 1.19753 0.345436 1.10541 0.156247
304.2 0.816338 1.18612 0.338416 1.0999 0.153839
304.9 0.818065 1.17444 0.331 1.09422 0.151249
305.6 0.819893 1.16256 0.323186 1.0884 0.148469
306.3 0.821826 1.15058 0.314988 1.08247 0.145495
307 0.823863 1.13857 0.306431 1.07649 0.142329
307.7 0.825999 1.12663 0.297556 1.07049 0.138982
308.4 0.828224 1.11483 0.288418 1.06451 0.13547
309.1 0.830523 1.10326 0.279085 1.0586 0.131818
309.8 0.832875 1.09197 0.269641 1.05279 0.12806
310.5 0.835255 1.08104 0.260181 1.04713 0.124235
311.2 0.837631 1.07051 0.250811 1.04164 0.120393
311.9 0.839967 1.06033 0.241625 1.0363 0.11658
312.6 0.842228 1.05041 0.232694 1.03109 0.112839
313.3 0.844378 1.04062 0.22408 1.02593 0.109208
314 0.846385 1.03083 0.215834 1.02079 0.105719
314.7 0.848217 1.02094 0.207998 1.01559 0.102403
315.4 0.849843 1.01078 0.200605 1.01027 0.0992833
316.1 0.851234 1.00023 0.193683 1.00475 0.0963839
316.8 0.852358 0.989133 0.187254 0.998958 0.0937246
317.5 0.853181 0.977323 0.181334 0.992805 0.0913239
318.2 0.853666 0.964629 0.175938 0.986198 0.0892002
318.9 0.853771 0.950865 0.17108 0.97903 0.0873721
319.6 0.853444 0.935822 0.166772 0.971182 0.0858604
320.3 0.852622 0.919269 0.16303 0.962518 0.0846894
321 0.851235 0.900975 0.159863 0.952896 0.0838828
321.7 0.849235 0.880867 0.157243 0.942247 0.0834406
322.4 0.846579 0.858926 0.155137 0.930524 0.0833602
323.1 0.843205 0.835141 0.153523 0.917681 0.0836475
323.8 0.839037 0.809508 0.15239 0.903669 0.0843172
324.5 0.833982 0.782032 0.151734 0.888439 0.0853935
325.2 0.827932 0.752742 0.151564 0.871949 0.0869112
325.9 0.820756 0.721685 0.151898 0.854161 0.0889167
326.6 0.812309 0.688943 0.152764 0.83505 0.0914699
327.3 0.802426 0.654637 0.154199 0.814613 0.0946453
328 0.790936 0.618937 0.156249 0.792872 0.0985337
328.7 0.777663 0.582074 0.158971 0.769892 0.103242
329.4 0.762451 0.544349 0.162426 0.745793 0.108895
330.1 0.745186 0.506142 0.166678 0.720771 0.115625
330.8 0.725838 0.467925 0.171793 0.695122 0.12357
331.5 0.70452 0.430265 0.177823 0.669264 0.13285
332.2 0.681484 0.393717 0.184812 0.643682 0.143559
332.9 0.656894 0.358421 0.192793 0.618629 0.155823
333.6 0.63093 0.324366 0.201786 0.594296 0.169769
334.3 0.603839 0.291499 0.211793 0.570884 0.185496
335 0.575939 0.259724 0.222804 0.548598 0.203067
335.7 0.547599 0.228895 0.234798 0.527638 0.2225
336.4 0.519217 0.198825 0.247748 0.508178 0.243761
337.1 0.491179 0.169278 0.261625 0.490352 0.266772
337.8 0.46382 0.13997 0.276402 0.474232 0.291421
338.5 0.437384 0.11057 0.292061 0.459816 0.317585
339.2 0.412004 0.0806986 0.308596 0.44703 0.345163
339.9 0.387698 0.049919 0.326021 0.43574 0.3741
340.6 0.364392 0.0177374 0.344369 0.425772 0.404406
341.3 0.34195 -0.0164083 0.363704 0.416933 0.436166
342 0.320204 -0.0531604 0.384121 0.409037 0.469544
342.7 0.298986 -0.0932552 0.405756 0.40192 0.504772
343.4 0.278301 -0.137296 0.428794 0.395564 0.542003
344.1 0.258397 -0.185526 0.453454 0.390137 0.581147
344.8 0.23948 -0.23817 0.479982 0.385781 0.622091
345.5 0.221682 -0.295482 0.508654 0.382602 0.66473
346.2 0.205073 -0.357741 0.539781 0.380674 0.708981
346.9 0.189678 -0.425252 0.573716 0.380055 0.75478
347.6 0.175482 -0.498344 0.610863 0.380795 0.80209
348.3 0.162445 -0.577371 0.651686 0.382943 0.850892
349 0.150514 -0.662707 0.696719 0.386557 0.901185
349.7 0.139626 -0.754742 0.746578 0.391706 0.952983
350.4 0.129713 -0.853873 0.801977 0.398475 1.00631
351.1 0.120709 -0.960492 0.863743 0.40697 1.06119
351.8 0.112547 -1.07497 0.932833 0.417321 1.11764
352.5 0.105166 -1.19764 1.01035 0.429681 1.1757
353.2 0.0985089 -1.32876 1.09757 0.444234 1.23536
353.9 0.0925224 -1.46846 1.19596 0.461193 1.2966
354.6 0.0871579 -1.61672 1.30718 0.480802 1.35937
355.3 0.0823495 -1.77372 1.4333 0.503351 1.42376
356 0.0780209 -1.93997 1.57698 0.529197 1.48997
356.7 0.0741085 -2.11587 1.74147 0.558793 1.55824
357.4 0.0705602 -2.30166 1.93077 0.592702 1.62879
358.1 0.067334 -2.49725 2.14982 0.631623 1.70182
358.8 0.0643972 -2.70202 2.40472 0.676426 1.77752
359.5 0.0617266 -2.91446 2.70304 0.728191 1.856
360.2 0.0593086 -3.13162 3.05414 0.788263 1.93726
360.9 0.0571411 -3.34827 3.46951 0.85831 2.02113
361.6 0.0552369 -3.5556 3.963 0.940387 2.10711
362.3 0.0536282 -3.73924 4.55081 1.037 2.19422
363 0.0523763 -3.87634 5.25065 1.15112 2.28066
363.7 0.0515845 -3.9317 6.07933 1.28612 2.36343
364.4 0.0514213 -3.85317 7.04721 1.44545 2.43772
365.1 0.0521547 -3.56819 8.14721 1.63189 2.49625
365.8 0.054205 -2.98648 9.33689 1.84613 2.52877
366.5 0.0582152 -2.01783 10.5158 2.08444 2.52244
367.2 0.0651273 -0.614634 11.5123 2.33603 2.46408
367.9 0.0762105 1.16729 12.1092 2.58192 2.345
368.6 0.09293 3.1323 12.1266 2.79794 2.16706
369.3 0.116526 4.99104 11.5271 2.96245 1.94553
370 0.147419 6.4894 10.4494 3.06512 1.70457
370.7 0.184834 7.51204 9.12802 3.10916 1.46793
371.4 0.226962 8.08401 7.7786 3.10666 1.25192
372.1 0.271544 8.30548 6.53814 3.0721 1.06411
372.8 0.316474 8.28889 5.4661 3.0181 0.905554
373.5 0.360134 8.12698 4.57145 2.95394 0.77379
374.2 0.401472 7.88552 3.8383 2.88579 0.665034
374.9 0.43991 7.60716 3.24217 2.81748 0.575366
375.6 0.475223 7.31794 2.75817 2.75122 0.501264
376.3 0.507411 7.03289 2.36433 2.68817 0.439764
377 0.536606 6.76017 2.04242 2.62889 0.388457
377.7 0.563014 6.50376 1.77785 2.57353 0.345411
378.4 0.586867 6.26518 1.55909 2.52205 0.309092
379.1 0.608405 6.04453 1.37709 2.47426 0.278283
379.8 0.627858 5.84116 1.22476 2.42995 0.252014
380.5 0.645441 5.65402 1.09653 2.38887 0.229509
381.2 0.661349 5.48188 0.988011 2.35075 0.210148
381.9 0.675759 5.3235 0.895699 2.31536 0.193425
382.6 0.688846 5.17754 0.81669 2.28244 0.178907
383.3 0.700774 5.04272 0.748588 2.25174 0.166224
384 0.711685 4.91787 0.689495 2.22304 0.155079
384.7 0.721701 4.80195 0.637892 2.19614 0.14523
385.4 0.730926 4.69403 0.592559 2.17087 0.13648
386.1 0.739451 4.59331 0.552504 2.14706 0.128665
386.8 0.747355 4.49906 0.51692 2.12458 0.121652
387.5 0.754706 4.41065 0.48514 2.10332 0.115327
388.2 0.761563 4.32752 0.456617 2.08315 0.109598
388.9 0.767977 4.24918 0.430892 2.06399 0.104383
389.6 0.773994 4.17519 0.407582 2.04575 0.0996165
390.3 0.779654 4.10517 0.386366 2.02836 0.0952411
391 0.784991 4.03876 0.366973 2.01174 0.0912081
391.7 0.790036 3.97567 0.349172 1.99583 0.0874755
392.4 0.794816 3.91562 0.332766 1.98058 0.0840075
393.1 0.799355 3.85837 0.317589 1.96593 0.0807731
393.8 0.803675 3.8037 0.303495 1.95186 0.0777453
394.5 0.807793 3.75141 0.290362 1.9383 0.0749011
395.2 0.811728 3.70133 0.278082 1.92524 0.0722201
395.9 0.815494 3.6533 0.266562 1.91263 0.0696847
396.6 0.819103 3.60717 0.255722 1.90045 0.0672795
397.3 0.822569 3.56282 0.245493 1.88866 0.0649912
398 0.825902 3.52014 0.235814 1.87725 0.0628083
398.7 0.829106 3.47906 0.226646 1.86621 0.0607236
399.4 0.832187 3.43953 0.217953 1.85553 0.0587308
400.1 0.83515 3.40151 0.209704 1.84519 0.0568244
400.8 0.837998 3.36493 0.201869 1.8352 0.0549991
401.5 0.840737 3.32976 0.194419 1.82554 0.0532498
402.2 0.843371 3.29593 0.187331 1.8162 0.051572
402.9 0.845904 3.26341 0.180578 1.80718 0.0499613
403.6 0.84834 3.23212 0.17414 1.79846 0.0484136
404.3 0.850683 3.20204 0.167995 1.79004 0.046925
405 0.852938 3.17311 0.162125 1.7819 0.0454921
405.7 0.855109 3.14529 0.156511 1.77405 0.0441114
406.4 0.857198 3.11853 0.151138 1.76645 0.0427799
407.1 0.85921 3.09279 0.145988 1.75912 0.0414947
407.8 0.861147 3.06803 0.141049 1.75204 0.0402529
408.5 0.863014 3.0442 0.136307 1.7452 0.039052
409.2 0.864813 3.02128 0.13175 1.73859 0.0378897
409.9 0.866548 2.99921 0.127365 1.73221 0.0367636
410.6 0.86822 2.97798 0.123142 1.72605 0.0356716
411.3 0.869834 2.95754 0.119071 1.7201 0.0346117
412 0.871391 2.93787 0.115143 1.71435 0.0335821
412.7 0.872894 2.91893 0.111348 1.7088 0.0325809
413.4 0.874346 2.90068 0.107679 1.70343 0.0316066
414.1 0.875748 2.88312 0.10413 1.69825 0.0306579
414.8 0.877103 2.86618 0.100697 1.69324 0.0297351
415.5 0.878412 2.84985 0.0973814 1.68839 0.0288385
416.2 0.879677 2.83408 0.0941798 1.6837 0.027968
416.9 0.880899 2.81884 0.0910908 1.67916 0.0271239
417.6 0.88208 2.80412 0.0881126 1.67476 0.0263061
418.3 0.88322 2.78987 0.0852431 1.67049 0.0255145
419 0.884323 2.77609 0.0824803 1.66634 0.0247489
419.7 0.885388 2.76274 0.0798221 1.66232 0.0240092
420.4 0.886417 2.7498 0.0772663 1.65842 0.0232952
421.1 0.887411 2.73725 0.0748107 1.65462 0.0226066
421.8 0.888372 2.72508 0.0724533 1.65093 0.0219432
422.5 0.8893 2.71327 0.0701917 1.64734 0.0213046
423.2 0.890196 2.7018 0.068024 1.64385 0.0206905
423.9 0.891062 2.69066 0.0659479 1.64045 0.0201006
424.6 0.891899 2.67983 0.0639614 1.63713 0.0195346
425.3 0.892707 2.66929 0.0620624 1.63391 0.018992
426 0.893487 2.65904 0.0602488 1.63076 0.0184726
426.7 0.89424 2.64907 0.0585187 1.62769 0.0179759
427.4 0.894967 2.63935 0.05687 1.6247 0.0175017
428.1 0.895669 2.62989 0.0553008 1.62178 0.0170494
428.8 0.896347 2.62067 0.0538092 1.61893 0.0166187
429.5 0.897 2.61169 0.0523934 1.61615 0.0162093
430.2 0.897631 2.60292 0.0510515 1.61343 0.0158208
430.9 0.898239 2.59437 0.0497817 1.61078 0.0154527
431.6 0.898827 2.58602 0.0485809 1.60818 0.0151043
432.3 0.899394 2.57787 0.0474451 1.60564 0.0147745
433 0.899942 2.56989 0.0463707 1.60315 0.0144623
433.7 0.900472 2.56208 0.0453541 1.60071 0.0141668
434.4 0.900985 2.55443 0.0443923 1.59832 0.0138872
435.1 0.901483 2.54693 0.0434821 1.59597 0.0136225
435.8 0.901965 2.53956 0.0426209 1.59366 0.0133721
436.5 0.902434 2.53233 0.0418061 1.59138 0.0131351
437.2 0.902888 2.52522 0.0410352 1.58915 0.0129111
437.9 0.90333 2.51823 0.0403059 1.58694 0.0126992
438.6 0.90376 2.51134 0.039616 1.58477 0.012499
439.3 0.904179 2.50456 0.0389636 1.58263 0.0123098
440 0.904586 2.49787 0.0383467 1.58051 0.0121311
440.7 0.904984 2.49128 0.0377635 1.57842 0.0119624
441.4 0.905371 2.48477 0.0372123 1.57636 0.0118032
442.1 0.90575 2.47835 0.0366915 1.57432 0.0116531
442.8 0.906119 2.472 0.0361996 1.5723 0.0115117
443.5 0.90648 2.46572 0.035735 1.5703 0.0113784
444.2 0.906834 2.45951 0.0352965 1.56832 0.0112529
444.9 0.907179 2.45337 0.0348826 1.56636 0.0111349
445.6 0.907518 2.44729 0.0344922 1.56442 0.011024
446.3 0.907849 2.44126 0.0341239 1.56249 0.0109197
447 0.908174 2.43529 0.0337768 1.56058 0.0108219
447.7 0.908493 2.42938 0.0334496 1.55868 0.0107301
448.4 0.908806 2.42351 0.0331413 1.5568 0.010644
449.1 0.909113 2.4177 0.0328509 1.55493 0.0105635
449.8 0.909415 2.41193 0.0325774 1.55307 0.0104881
450.5 0.909712 2.4062 0.03232 1.55123 0.0104176
451.2 0.910003 2.40052 0.0320777 1.54939 0.0103517
451.9 0.91029 2.39488 0.0318492 1.54757 0.01029
452.6 0.910572 2.38928 0.0316329 1.54576 0.0102321
453.3 0.91085 2.38374 0.0314274 1.54397 0.0101775
454 0.911123 2.37825 0.0312311 1.54219 0.0101256
454.7 0.911392 2.37282 0.0310428 1.54043 0.010076
455.4 0.911657 2.36745 0.0308613 1.53868 0.0100285
456.1 0.911918 2.36214 0.0306855 1.53696 0.00998255
456.8 0.912174 2.35689 0.0305143 1.53525 0.0099379
457.5 0.912427 2.35172 0.0303468 1.53356 0.00989421
458.2 0.912675 2.3466 0.030182 1.53189 0.00985121
458.9 0.91292 2.34156 0.0300193 1.53025 0.00980863
459.6 0.913161 2.33659 0.0298578 1.52862 0.00976623
460.3 0.913399 2.33169 0.0296968 1.52702 0.00972379
461 0.913633 2.32686 0.0295358 1.52544 0.00968111
461.7 0.913864 2.32211 0.0293743 1.52388 0.009638
462.4 0.914091 2.31743 0.0292116 1.52234 0.00959429
463.1 0.914315 2.31282 0.0290473 1.52083 0.00954983
463.8 0.914536 2.30829 0.028881 1.51934 0.00950449
464.5 0.914753 2.30383 0.0287124 1.51787 0.00945812
465.2 0.914968 2.29945 0.028541 1.51642 0.00941063
465.9 0.915179 2.29514 0.0283666 1.515 0.0093619
466.6 0.915388 2.29091 0.0281889 1.5136 0.00931184
467.3 0.915593 2.28675 0.0280076 1.51223 0.00926037
468 0.915796 2.28267 0.0278226 1.51088 0.00920742
468.7 0.915996 2.27866 0.0276336 1.50955 0.00915291
469.4 0.916194 2.27473 0.0274404 1.50825 0.00909679
470.1 0.916388 2.27087 0.0272429 1.50697 0.009039
470.8 0.91658 2.26708 0.027041 1.50571 0.00897949
471.5 0.91677 2.26336 0.0268345 1.50447 0.00891823
472.2 0.916957 2.25972 0.0266234 1.50326 0.0088552
472.9 0.917141 2.25614 0.0264081 1.50207 0.00879055
473.6 0.917324 2.25263 0.026189 1.5009 0.00872441
474.3 0.917504 2.24918 0.0259664 1.49975 0.0086569
475 0.917681 2.2458 0.0257408 1.49862 0.00858816
475.7 0.917857 2.24247 0.0255125 1.49751 0.00851829
476.4 0.91803 2.2392 0.0252817 1.49642 0.00844741
477.1 0.918202 2.23598 0.0250489 1.49534 0.00837563
477.8 0.918371 2.23281 0.0248142 1.49428 0.00830304
478.5 0.918538 2.22969 0.0245779 1.49324 0.00822973
479.2 0.918703 2.22662 0.0243403 1.49221 0.00815579
479.9 0.918867 2.22359 0.0241016 1.49119 0.00808131
480.6 0.919028 2.22061 0.0238621 1.49019 0.00800637
481.3 0.919188 2.21767 0.0236219 1.48921 0.00793103
482 0.919346 2.21477 0.0233813 1.48823 0.00785538
482.7 0.919502 2.21191 0.0231404 1.48727 0.00777948
483.4 0.919656 2.20909 0.0228994 1.48632 0.0077034
484.1 0.919809 2.2063 0.0226586 1.48538 0.00762719
484.8 0.91996 2.20355 0.022418 1.48445 0.00755091
485.5 0.920109 2.20083 0.0221778 1.48354 0.00747462
486.2 0.920257 2.19814 0.0219381 1.48263 0.00739838
486.9 0.920403 2.19548 0.0216992 1.48173 0.00732223
487.6 0.920548 2.19286 0.0214611 1.48085 0.00724622
488.3 0.920691 2.19026 0.0212239 1.47997 0.0071704
489 0.920833 2.18769 0.0209879 1.4791 0.0070948
489.7 0.920973 2.18515 0.020753 1.47824 0.00701948
490.4 0.921112 2.18263 0.0205194 1.47739 0.00694447
491.1 0.921249 2.18014 0.0202871 1.47654 0.0068698
491.8 0.921385 2.17767 0.0200564 1.47571 0.00679551
492.5 0.92152 2.17523 0.0198272 1.47488 0.00672164
493.2 0.921653 2.1728 0.0195997 1.47406 0.00664822
493.9 0.921785 2.1704 0.019374 1.47324 0.00657528
494.6 0.921915 2.16802 0.01915 1.47244 0.00650284
495.3 0.922044 2.16567 0.018928 1.47163 0.00643093
496 0.922172 2.16333 0.0187079 1.47084 0.00635959
496.7 0.922299 2.16101 0.0184898 1.47005 0.00628885
497.4 0.922424 2.15871 0.0182742 1.46927 0.0062188
498.1 0.922548 2.15643 0.0180611 1.46849 0.00614956
498.8 0.922671 2.15416 0.017851 1.46772 0.00608121
499.5 0.922792 2.15191 0.0176441 1.46695 0.00601385
500.2 0.922912 2.14968 0.0174405 1.46619 0.00594756
500.9 0.923031 2.14747 0.0172406 1.46544 0.00588241
501.6 0.923148 2.14527 0.0170445 1.46469 0.00581848
502.3 0.923263 2.14309 0.0168524 1.46394 0.00575584
503 0.923378 2.14093 0.0166646 1.4632 0.00569456
503.7 0.92349 2.13878 0.0164811 1.46247 0.00563468
504.4 0.923602 2.13664 0.0163021 1.46174 0.00557626
505.1 0.923711 2.13452 0.0161277 1.46101 0.00551936
505.8 0.92382 2.13242 0.0159581 1.46029 0.00546402
506.5 0.923927 2.13032 0.0157934 1.45957 0.00541028
507.2 0.924032 2.12825 0.0156337 1.45886 0.00535818
507.9 0.924136 2.12618 0.015479 1.45815 0.00530776
508.6 0.924238 2.12413 0.0153296 1.45745 0.00525903
509.3 0.924339 2.12209 0.0151853 1.45675 0.00521205
510 0.924438 2.12007 0.0150463 1.45605 0.00516682
510.7 0.924536 2.11806 0.0149127 1.45536 0.00512337
511.4 0.924633 2.11606 0.0147845 1.45468 0.00508171
512.1 0.924728 2.11407 0.0146617 1.45399 0.00504187
512.8 0.924821 2.1121 0.0145444 1.45331 0.00500386
513.5 0.924913 2.11013 0.0144325 1.45264 0.00496768
514.2 0.925004 2.10818 0.0143261 1.45197 0.00493335
514.9 0.925093 2.10624 0.0142253 1.4513 0.00490087
515.6 0.925181 2.10432 0.0141299 1.45063 0.00487024
516.3 0.925267 2.1024 0.01404 1.44997 0.00484147
517 0.925352 2.1005 0.0139556 1.44932 0.00481456
517.7 0.925435 2.0986 0.0138767 1.44866 0.00478949
518.4 0.925518 2.09672 0.0138033 1.44801 0.00476628
519.1 0.925598 2.09485 0.0137352 1.44737 0.0047449
519.8 0.925678 2.09299 0.0136726 1.44672 0.00472536
520.5 0.925756 2.09114 0.0136153 1.44609 0.00470764
521.2 0.925832 2.0893 0.0135633 1.44545 0.00469174
521.9 0.925908 2.08747 0.0135164 1.44482 0.00467755
522.6 0.925982 2.08566 0.013474 1.44419 0.0046649
523.3 0.926055 2.08385 0.0134355 1.44356 0.00465361
524 0.926126 2.08206 0.0134005 1.44294 0.00464348
524.7 0.926197 2.08028 0.0133685 1.44232 0.00463436
525.4 0.926267 2.07851 0.013339 1.44171 0.00462609
526.1 0.926336 2.07676 0.0133115 1.4411 0.00461851
526.8 0.926404 2.07502 0.0132857 1.4405 0.00461149
527.5 0.926471 2.0733 0.0132611 1.4399 0.00460488
528.2 0.926538 2.07159 0.0132375 1.43931 0.00459856
528.9 0.926603 2.0699 0.0132144 1.43872 0.0045924
529.6 0.926668 2.06822 0.0131914 1.43814 0.00458629
530.3 0.926733 2.06656 0.0131684 1.43756 0.00458013
531 0.926796 2.06491 0.013145 1.43699 0.00457381
531.7 0.926859 2.06328 0.0131209 1.43642 0.00456724
532.4 0.926922 2.06167 0.0130959 1.43586 0.00456032
533.1 0.926984 2.06008 0.0130698 1.4353 0.00455297
533.8 0.927046 2.0585 0.0130422 1.43475 0.00454511
534.5 0.927107 2.05694 0.013013 1.43421 0.00453666
535.2 0.927168 2.05539 0.0129821 1.43367 0.00452756
535.9 0.927228 2.05386 0.0129491 1.43314 0.00451774
536.6 0.927288 2.05236 0.0129139 1.43261 0.00450713
537.3 0.927348 2.05086 0.0128764 1.43209 0.00449568
538 0.927407 2.04939 0.0128365 1.43158 0.00448333
538.7 0.927466 2.04793 0.0127938 1.43107 0.00447004
539.4 0.927525 2.04649 0.0127485 1.43056 0.00445575
540.1 0.927583 2.04507 0.0127002 1.43007 0.00444042
540.8 0.927641 2.04367 0.0126489 1.42958 0.00442401
541.5 0.927699 2.04229 0.0125946 1.42909 0.00440649
542.2 0.927757 2.04092 0.012537 1.42861 0.00438781
542.9 0.927815 2.03957 0.0124761 1.42814 0.00436794
543.6 0.927872 2.03824 0.0124118 1.42767 0.00434685
544.3 0.92793 2.03692 0.012344 1.42721 0.00432451
545 0.927987 2.03562 0.0122727 1.42676 0.0043009
545.7 0.928044 2.03435 0.0121978 1.42631 0.00427599
546.4 0.9281 2.03308 0.0121192 1.42587 0.00424975
547.1 0.928157 2.03184 0.0120368 1.42543 0.00422217
547.8 0.928214 2.03061 0.0119507 1.425 0.00419323
548.5 0.92827 2.02941 0.0118607 1.42458 0.0041629
549.2 0.928327 2.02821 0.0117669 1.42416 0.00413118
549.9 0.928383 2.02704 0.0116695 1.42375 0.00409817
550.6 0.928439 2.02588 0.0115689 1.42334 0.00406399
551.3 0.928495 2.02474 0.0114654 1.42294 0.00402876
552 0.928551 2.02361 0.0113593 1.42254 0.0039926
552.7 0.928607 2.02249 0.011251 1.42215 0.00395562
553.4 0.928662 2.02139 0.0111407 1.42176 0.00391791
554.1 0.928717 2.0203 0.0110288 1.42138 0.0038796
554.8 0.928772 2.01923 0.0109154 1.421 0.00384076
555.5 0.928826 2.01817 0.010801 1.42063 0.0038015
556.2 0.928881 2.01711 0.0106857 1.42026 0.0037619
556.9 0.928934 2.01607 0.0105698 1.41989 0.00372205
557.6 0.928988 2.01504 0.0104535 1.41953 0.00368203
558.3 0.929041 2.01402 0.010337 1.41917 0.00364193
559 0.929094 2.01301 0.0102206 1.41881 0.00360181
559.7 0.929146 2.01201 0.0101044 1.41846 0.00356175
560.4 0.929198 2.01101 0.00998862 1.41811 0.00352181
561.1 0.929249 2.01003 0.0098735 1.41776 0.00348208
561.8 0.9293 2.00905 0.00975919 1.41741 0.00344261
562.5 0.92935 2.00808 0.00964587 1.41707 0.00340345
563.2 0.9294 2.00712 0.0095337 1.41673 0.00336468
563.9 0.92945 2.00616 0.00942284 1.41639 0.00332635
564.6 0.929499 2.00522 0.00931344 1.41606 0.0032885
565.3 0.929547 2.00427 0.00920564 1.41573 0.00325121
566 0.929595 2.00334 0.00909958 1.4154 0.0032145
566.7 0.929643 2.00241 0.0089954 1.41507 0.00317843
567.4 0.929689 2.00148 0.00889321 1.41474 0.00314305
568.1 0.929736 2.00056 0.00879314 1.41442 0.0031084
568.8 0.929781 1.99965 0.00869531 1.41409 0.00307452
569.5 0.929827 1.99874 0.00859982 1.41377 0.00304145
570.2 0.929871 1.99783 0.00850677 1.41345 0.00300922
570.9 0.929915 1.99693 0.00841627 1.41313 0.00297788
571.6 0.929959 1.99603 0.0083284 1.41281 0.00294745
572.3 0.930002 1.99514 0.00824325 1.4125 0.00291797
573 0.930044 1.99425 0.00816091 1.41218 0.00288947
573.7 0.930086 1.99336 0.00808145 1.41187 0.00286197
574.4 0.930127 1.99248 0.00800494 1.41155 0.00283551
575.1 0.930167 1.9916 0.00793147 1.41124 0.0028101
575.8 0.930207 1.99072 0.00786107 1.41093 0.00278577
576.5 0.930247 1.98985 0.00779383 1.41062 0.00276255
577.2 0.930285 1.98898 0.00772979 1.41031 0.00274045
577.9 0.930324 1.98811 0.00766901 1.41 0.0027195
578.6 0.930361 1.98724 0.00761153 1.4097 0.0026997
579.3 0.930398 1.98638 0.00755739 1.40939 0.00268108
580 0.930434 1.98551 0.00750663 1.40908 0.00266366
580.7 0.93047 1.98465 0.0074593 1.40878 0.00264743
581.4 0.930505 1.98379 0.00741542 1.40847 0.00263243
582.1 0.93054 1.98294 0.00737501 1.40817 0.00261865
582.8 0.930574 1.98208 0.00733806 1.40787 0.00260609
583.5 0.930607 1.98123 0.00730439 1.40756 0.00259469
584.2 0.93064 1.98038 0.00727379 1.40726 0.00258438
584.9 0.930672 1.97953 0.00724603 1.40696 0.00257507
585.6 0.930704 1.97868 0.00722093 1.40666 0.0025667
586.3 0.930735 1.97784 0.00719829 1.40636 0.00255919
587 0.930766 1.977 0.00717792 1.40606 0.00255249
587.7 0.930797 1.97616 0.00715964 1.40576 0.00254653
588.4 0.930827 1.97533 0.00714328 1.40547 0.00254125
589.1 0.930856 1.9745 0.00712867 1.40517 0.00253659
589.8 0.930886 1.97367 0.00711565 1.40488 0.00253248
590.5 0.930915 1.97284 0.00710405 1.40458 0.00252889
591.2 0.930943 1.97202 0.00709374 1.40429 0.00252574
591.9 0.930972 1.97121 0.00708457 1.404 0.002523
592.6 0.931 1.97039 0.00707639 1.40371 0.0025206
593.3 0.931027 1.96959 0.00706908 1.40342 0.00251852
594 0.931055 1.96878 0.0070625 1.40313 0.00251669
594.7 0.931082 1.96798 0.00705654 1.40285 0.00251507
595.4 0.931109 1.96718 0.00705107 1.40257 0.00251363
596.1 0.931136 1.96639 0.00704599 1.40228 0.00251233
596.8 0.931162 1.96561 0.00704117 1.402 0.00251111
597.5 0.931189 1.96482 0.00703653 1.40172 0.00250996
598.2 0.931215 1.96405 0.00703196 1.40145 0.00250882
598.9 0.931241 1.96327 0.00702736 1.40117 0.00250767
599.6 0.931266 1.9625 0.00702264 1.4009 0.00250648
600.3 0.931292 1.96174 0.00701772 1.40062 0.00250521
601 0.931318 1.96098 0.00701251 1.40035 0.00250384
601.7 0.931343 1.96023 0.00700693 1.40008 0.00250233
602.4 0.931368 1.95948 0.00700091 1.39982 0.00250065
603.1 0.931393 1.95874 0.00699438 1.39955 0.00249879
603.8 0.931418 1.958 0.00698725 1.39929 0.00249672
604.5 0.931443 1.95727 0.00697948 1.39903 0.00249441
605.2 0.931468 1.95654 0.00697099 1.39877 0.00249184
605.9 0.931493 1.95582 0.00696172 1.39851 0.00248898
606.6 0.931518 1.9551 0.00695163 1.39825 0.00248583
607.3 0.931542 1.95439 0.00694064 1.398 0.00248235
608 0.931567 1.95368 0.00692873 1.39774 0.00247854
608.7 0.931591 1.95298 0.00691582 1.39749 0.00247437
609.4 0.931616 1.95229 0.00690188 1.39724 0.00246982
610.1 0.93164 1.9516 0.00688686 1.397 0.00246488
610.8 0.931664 1.95091 0.00687073 1.39675 0.00245954
611.5 0.931689 1.95023 0.00685344 1.39651 0.00245377
612.2 0.931713 1.94956 0.00683495 1.39627 0.00244758
612.9 0.931737 1.94889 0.00681523 1.39603 0.00244093
613.6 0.931762 1.94823 0.00679424 1.39579 0.00243383
614.3 0.931786 1.94757 0.00677196 1.39556 0.00242626
615 0.93181 1.94692 0.00674835 1.39532 0.0024182
615.7 0.931834 1.94627 0.00672339 1.39509 0.00240966
616.4 0.931858 1.94563 0.00669704 1.39486 0.00240061
617.1 0.931883 1.945 0.00666929 1.39463 0.00239105
617.8 0.931907 1.94437 0.00664015 1.39441 0.00238099
618.5 0.931931 1.94374 0.00660969 1.39418 0.00237045
619.2 0.931955 1.94312 0.00657798 1.39396 0.00235945
619.9 0.931979 1.94251 0.00654509 1.39374 0.00234803
620.6 0.932004 1.9419 0.00651108 1.39352 0.00233619
621.3 0.932028 1.9413 0.00647602 1.39331 0.00232398
622 0.932052 1.9407 0.00643998 1.39309 0.0023114
622.7 0.932076 1.9401 0.00640301 1.39288 0.00229848
623.4 0.9321 1.93951 0.00636516 1.39266 0.00228525
624.1 0.932124 1.93892 0.00632651 1.39245 0.00227171
624.8 0.932147 1.93834 0.0062871 1.39225 0.0022579
625.5 0.932171 1.93776 0.00624698 1.39204 0.00224382
626.2 0.932195 1.93719 0.00620621 1.39183 0.00222951
626.9 0.932219 1.93662 0.00616483 1.39163 0.00221497
627.6 0.932242 1.93606 0.00612291 1.39142 0.00220023
628.3 0.932266 1.93549 0.00608047 1.39122 0.0021853
629 0.932289 1.93494 0.00603757 1.39102 0.00217019
629.7 0.932313 1.93438 0.00599425 1.39082 0.00215493
630.4 0.932336 1.93383 0.00595055 1.39062 0.00213952
631.1 0.932359 1.93328 0.00590652 1.39043 0.00212399
631.8 0.932382 1.93274 0.00586219 1.39023 0.00210835
632.5 0.932405 1.9322 0.00581761 1.39004 0.00209261
633.2 0.932428 1.93166 0.0057728 1.38984 0.00207678
633.9 0.932451 1.93113 0.00572782 1.38965 0.00206088
634.6 0.932474 1.9306 0.00568268 1.38946 0.00204492
635.3 0.932496 1.93007 0.00563743 1.38927 0.00202892
636 0.932519 1.92954 0.00559211 1.38908 0.00201288
636.7 0.932541 1.92902 0.00554673 1.38889 0.00199681
637.4 0.932564 1.9285 0.00550133 1.38871 0.00198074
638.1 0.932586 1.92799 0.00545595 1.38852 0.00196466
638.8 0.932608 1.92747 0.0054106 1.38834 0.00194859
639.5 0.93263 1.92696 0.00536533 1.38815 0.00193254
640.2 0.932652 1.92645 0.00532015 1.38797 0.00191652
640.9 0.932674 1.92595 0.00527509 1.38779 0.00190054
641.6 0.932695 1.92544 0.00523018 1.38761 0.0018846
642.3 0.932717 1.92494 0.00518543 1.38742 0.00186873
643 0.932738 1.92445 0.00514089 1.38725 0.00185291
643.7 0.932759 1.92395 0.00509656 1.38707 0.00183717
644.4 0.932781 1.92346 0.00505247 1.38689 0.00182151
645.1 0.932802 1.92296 0.00500864 1.38671 0.00180594
645.8 0.932822 1.92248 0.0049651 1.38653 0.00179047
646.5 0.932843 1.92199 0.00492185 1.38636 0.0017751
647.2 0.932864 1.9215 0.00487892 1.38618 0.00175984
647.9 0.932884 1.92102 0.00483634 1.38601 0.0017447
648.6 0.932905 1.92054 0.0047941 1.38584 0.00172968
649.3 0.932925 1.92006 0.00475224 1.38566 0.00171479
650 0.932945 1.91959 0.00471077 1.38549 0.00170004
650.7 0.932965 1.91911 0.00466971 1.38532 0.00168543
651.4 0.932985 1.91864 0.00462906 1.38515 0.00167096
652.1 0.933005 1.91817 0.00458885 1.38498 0.00165665
652.8 0.933024 1.9177 0.00454909 1.38481 0.0016425
653.5 0.933044 1.91723 0.00450979 1.38464 0.0016285
654.2 0.933063 1.91677 0.00447097 1.38447 0.00161468
654.9 0.933082 1.9163 0.00443263 1.38431 0.00160103
655.6 0.933101 1.91584 0.00439479 1.38414 0.00158755
656.3 0.93312 1.91538 0.00435746 1.38397 0.00157426
657 0.933139 1.91492 0.00432065 1.38381 0.00156114
657.7 0.933157 1.91446 0.00428437 1.38364 0.00154822
658.4 0.933176 1.91401 0.00424863 1.38348 0.00153549
659.1 0.933194 1.91356 0.00421344 1.38331 0.00152295
659.8 0.933213 1.9131 0.0041788 1.38315 0.00151061
660.5 0.933231 1.91265 0.00414472 1.38299 0.00149847
661.2 0.933249 1.9122 0.00411118 1.38283 0.00148651
661.9 0.933266 1.91176 0.00407816 1.38266 0.00147475
662.6 0.933284 1.91131 0.00404563 1.3825 0.00146315
663.3 0.933302 1.91087 0.00401358 1.38234 0.00145173
664 0.933319 1.91042 0.00398201 1.38218 0.00144048
664.7 0.933336 1.90998 0.00395088 1.38202 0.00142938
665.4 0.933354 1.90954 0.00392018 1.38186 0.00141844
666.1 0.933371 1.9091 0.0038899 1.3817 0.00140765
666.8 0.933388 1.90867 0.00386002 1.38155 0.00139699
667.5 0.933405 1.90823 0.00383053 1.38139 0.00138648
668.2 0.933421 1.9078 0.00380141 1.38123 0.00137609
668.9 0.933438 1.90737 0.00377265 1.38108 0.00136584
669.6 0.933455 1.90694 0.00374423 1.38092 0.0013557
670.3 0.933471 1.90651 0.00371615 1.38076 0.00134569
671 0.933487 1.90608 0.00368839 1.38061 0.00133578
671.7 0.933504 1.90565 0.00366093 1.38045 0.00132599
672.4 0.93352 1.90523 0.00363376 1.3803 0.00131629
673.1 0.933536 1.90481 0.00360688 1.38015 0.0013067
673.8 0.933552 1.90438 0.00358027 1.37999 0.0012972
674.5 0.933568 1.90396 0.00355391 1.37984 0.0012878
675.2 0.933583 1.90355 0.00352781 1.37969 0.00127848
675.9 0.933599 1.90313 0.00350194 1.37954 0.00126924
676.6 0.933615 1.90271 0.0034763 1.37939 0.00126009
677.3 0.93363 1.9023 0.00345088 1.37924 0.00125101
678 0.933646 1.90189 0.00342566 1.37909 0.001242
678.7 0.933661 1.90148 0.00340065 1.37894 0.00123307
679.4 0.933676 1.90107 0.00337582 1.37879 0.00122419
680.1 0.933692 1.90066 0.00335117 1.37864 0.00121539
680.8 0.933707 1.90025 0.0033267 1.3785 0.00120664
681.5 0.933722 1.89985 0.00330238 1.37835 0.00119795
682.2 0.933737 1.89944 0.00327822 1.3782 0.00118931
682.9 0.933752 1.89904 0.00325421 1.37806 0.00118073
683.6 0.933766 1.89864 0.00323034 1.37791 0.00117219
684.3 0.933781 1.89824 0.0032066 1.37777 0.0011637
685 0.933796 1.89784 0.00318299 1.37762 0.00115525
685.7 0.933811 1.89744 0.00315949 1.37748 0.00114684
686.4 0.933825 1.89705 0.00313611 1.37733 0.00113847
687.1 0.93384 1.89666 0.00311283 1.37719 0.00113014
687.8 0.933854 1.89626 0.00308965 1.37705 0.00112184
688.5 0.933868 1.89587 0.00306656 1.37691 0.00111357
689.2 0.933883 1.89548 0.00304355 1.37677 0.00110533
689.9 0.933897 1.8951 0.00302063 1.37663 0.00109711
690.6 0.933911 1.89471 0.00299778 1.37648 0.00108893
691.3 0.933925 1.89432 0.002975 1.37634 0.00108076
692 0.933939 1.89394 0.00295229 1.37621 0.00107262
692.7 0.933953 1.89356 0.00292964 1.37607 0.0010645
693.4 0.933967 1.89318 0.00290704 1.37593 0.00105639
694.1 0.933981 1.8928 0.00288449 1.37579 0.0010483
694.8 0.933995 1.89242 0.00286199 1.37565 0.00104023
695.5 0.934008 1.89204 0.00283952 1.37552 0.00103217
696.2 0.934022 1.89167 0.0028171 1.37538 0.00102412
696.9 0.934036 1.89129 0.00279471 1.37524 0.00101608
697.6 0.934049 1.89092 0.00277235 1.37511 0.00100805
698.3 0.934063 1.89055 0.00275001 1.37497 0.00100002
699 0.934076 1.89018 0.00272769 1.37484 0.000992005
699.7 0.93409 1.88981 0.0027054 1.3747 0.000983993
700.4 0.934103 1.88944 0.00268312 1.37457 0.000975984
701.1 0.934116 1.88908 0.00266085 1.37444 0.000967977
701.8 0.93413 1.88871 0.00263859 1.37431 0.000959972
702.5 0.934143 1.88835 0.00261633 1.37417 0.000951967
703.2 0.934156 1.88799 0.00259408 1.37404 0.000943961
703.9 0.934169 1.88763 0.00257183 1.37391 0.000935954
704.6 0.934182 1.88727 0.00254958 1.37378 0.000927944
705.3 0.934195 1.88691 0.00252733 1.37365 0.000919932
706 0.934208 1.88656 0.00250509 1.37352 0.000911924
706.7 0.934221 1.8862 0.00248288 1.37339 0.000903922
707.4 0.934234 1.88585 0.0024607 1.37326 0.000895934
708.1 0.934247 1.8855 0.00243858 1.37313 0.000887962
708.8 0.934259 1.88515 0.00241653 1.37301 0.000880013
709.5 0.934272 1.8848 0.00239454 1.37288 0.000872089
710.2 0.934285 1.88445 0.00237265 1.37275 0.000864195
710.9 0.934297 1.8841 0.00235086 1.37263 0.000856335
711.6 0.93431 1.88376 0.00232917 1.3725 0.000848514
712.3 0.934322 1.88341 0.00230761 1.37238 0.000840734
713 0.934335 1.88307 0.00228617 1.37225 0.000833
713.7 0.934347 1.88273 0.00226487 1.37213 0.000825315
714.4 0.934359 1.88239 0.00224372 1.372 0.000817682
715.1 0.934371 1.88205 0.00222273 1.37188 0.000810105
715.8 0.934383 1.88172 0.00220191 1.37176 0.000802586
716.5 0.934395 1.88138 0.00218125 1.37163 0.000795129
717.2 0.934407 1.88105 0.00216079 1.37151 0.000787738
717.9 0.934419 1.88072 0.00214051 1.37139 0.000780413
718.6 0.934431 1.88039 0.00212042 1.37127 0.000773159
719.3 0.934443 1.88006 0.00210055 1.37115 0.000765978
720 0.934454 1.87973 0.00208088 1.37103 0.000758873
720.7 0.934466 1.8794 0.00206143 1.37091 0.000751845
721.4 0.934477 1.87908 0.0020422 1.3708 0.000744897
722.1 0.934489 1.87876 0.00202321 1.37068 0.000738031
722.8 0.9345 1.87843 0.00200445 1.37056 0.00073125
723.5 0.934511 1.87811 0.00198593 1.37044 0.000724556
724.2 0.934522 1.8778 0.00196765 1.37033 0.00071795
724.9 0.934533 1.87748 0.00194963 1.37021 0.000711434
725.6 0.934544 1.87716 0.00193186 1.3701 0.00070501
726.3 0.934555 1.87685 0.00191436 1.36998 0.000698681
727 0.934566 1.87654 0.00189712 1.36987 0.000692446
727.7 0.934577 1.87623 0.00188015 1.36975 0.000686309
728.4 0.934588 1.87592 0.00186345 1.36964 0.00068027
729.1 0.934598 1.87561 0.00184703 1.36953 0.000674331
729.8 0.934609 1.8753 0.00183089 1.36942 0.000668493
730.5 0.934619 1.875 0.00181504 1.36931 0.000662758
731.2 0.93463 1.8747 0.00179947 1.3692 0.000657126
731.9 0.93464 1.87439 0.00178419 1.36909 0.0006516
732.6 0.93465 1.87409 0.00176921 1.36898 0.000646179
733.3 0.93466 1.8738 0.00175452 1.36887 0.000640865
734 0.93467 1.8735 0.00174013 1.36876 0.00063566
734.7 0.93468 1.8732 0.00172604 1.36865 0.000630563
735.4 0.93469 1.87291 0.00171225 1.36854 0.000625576
736.1 0.9347 1.87262 0.00169877 1.36844 0.000620699
736.8 0.934709 1.87232 0.0016856 1.36833 0.000615934
737.5 0.934719 1.87204 0.00167274 1.36822 0.000611281
738.2 0.934728 1.87175 0.00166019 1.36812 0.00060674
738.9 0.934738 1.87146 0.00164795 1.36801 0.000602313
739.6 0.934747 1.87118 0.00163602 1.36791 0.000598
740.3 0.934756 1.87089 0.00162441 1.36781 0.000593801
741 0.934765 1.87061 0.00161311 1.3677 0.000589717
741.7 0.934775 1.87033 0.00160214 1.3676 0.000585748
742.4 0.934784 1.87005 0.00159148 1.3675 0.000581895
743.1 0.934792 1.86977 0.00158114 1.3674 0.000578158
743.8 0.934801 1.8695 0.00157113 1.3673 0.000574538
744.5 0.93481 1.86922 0.00156143 1.36719 0.000571034
745.2 0.934819 1.86895 0.00155205 1.36709 0.000567647
745.9 0.934827 1.86868 0.001543 1.367 0.000564377
746.6 0.934836 1.86841 0.00153427 1.3669 0.000561225
747.3 0.934844 1.86814 0.00152587 1.3668 0.00055819
748 0.934852 1.86787 0.00151778 1.3667 0.000555273
748.7 0.934861 1.8676 0.00151002 1.3666 0.000552474
749.4 0.934869 1.86734 0.00150259 1.36651 0.000549792
750.1 0.934877 1.86708 0.00149548 1.36641 0.000547229
750.8 0.934885 1.86681 0.00148869 1.36631 0.000544783
751.5 0.934893 1.86655 0.00148223 1.36622 0.000542455
752.2 0.934901 1.8663 0.00147609 1.36612 0.000540246
752.9 0.934909 1.86604 0.00147027 1.36603 0.000538153
753.6 0.934916 1.86578 0.00146477 1.36594 0.000536179
754.3 0.934924 1.86553 0.0014596 1.36584 0.000534323
755 0.934931 1.86527 0.00145475 1.36575 0.000532583
755.7 0.934939 1.86502 0.00145022 1.36566 0.000530962
756.4 0.934946 1.86477 0.00144602 1.36557 0.000529457
757.1 0.934953 1.86452 0.00144212 1.36548 0.000528067
757.8 0.934961 1.86428 0.00143853 1.36538 0.000526787
758.5 0.934968 1.86403 0.00143524 1.36529 0.000525614
759.2 0.934975 1.86378 0.00143222 1.3652 0.000524543
759.9 0.934982 1.86354 0.00142947 1.36512 0.000523569
760.6 0.934989 1.8633 0.00142697 1.36503 0.00052269
761.3 0.934996 1.86306 0.00142473 1.36494 0.000521901
762 0.935003 1.86282 0.00142272 1.36485 0.000521199
762.7 0.935009 1.86258 0.00142094 1.36476 0.00052058
763.4 0.935016 1.86234 0.00141937 1.36468 0.00052004
764.1 0.935023 1.8621 0.00141802 1.36459 0.000519576
764.8 0.935029 1.86187 0.00141686 1.3645 0.000519185
765.5 0.935036 1.86163 0.00141589 1.36442 0.000518863
766.2 0.935042 1.8614 0.0014151 1.36433 0.000518607
766.9 0.935049 1.86116 0.00141448 1.36424 0.000518413
767.6 0.935055 1.86093 0.00141403 1.36416 0.000518279
768.3 0.935061 1.8607 0.00141373 1.36407 0.000518201
769 0.935068 1.86047 0.00141358 1.36399 0.000518178
769.7 0.935074 1.86024 0.00141356 1.36391 0.000518204
770.4 0.93508 1.86001 0.00141368 1.36382 0.000518279
771.1 0.935086 1.85978 0.00141392 1.36374 0.000518399
771.8 0.935093 1.85956 0.00141428 1.36366 0.000518561
772.5 0.935099 1.85933 0.00141474 1.36357 0.000518763
773.2 0.935105 1.85911 0.00141531 1.36349 0.000519002
773.9 0.935111 1.85888 0.00141597 1.36341 0.000519275
774.6 0.935117 1.85866 0.00141672 1.36333 0.000519581
775.3 0.935123 1.85843 0.00141754 1.36324 0.000519916
776 0.935129 1.85821 0.00141845 1.36316 0.000520279
776.7 0.935135 1.85799 0.00141942 1.36308 0.000520666
777.4 0.935141 1.85777 0.00142045 1.363 0.000521077
778.1 0.935146 1.85755 0.00142155 1.36292 0.000521508
778.8 0.935152 1.85733 0.00142269 1.36284 0.000521957
779.5 0.935158 1.85711 0.00142387 1.36276 0.000522423
780.2 0.935164 1.85689 0.0014251 1.36268 0.000522903
780.9 0.93517 1.85667 0.00142635 1.3626 0.000523395
781.6 0.935175 1.85645 0.00142764 1.36252 0.000523898
782.3 0.935181 1.85624 0.00142895 1.36244 0.000524409
783 0.935187 1.85602 0.00143028 1.36236 0.000524927
783.7 0.935193 1.8558 0.00143162 1.36228 0.000525449
784.4 0.935198 1.85559 0.00143297 1.3622 0.000525975
785.1 0.935204 1.85537 0.00143432 1.36212 0.000526501
785.8 0.93521 1.85516 0.00143567 1.36204 0.000527028
786.5 0.935215 1.85495 0.00143701 1.36196 0.000527552
787.2 0.935221 1.85473 0.00143835 1.36189 0.000528073
787.9 0.935227 1.85452 0.00143967 1.36181 0.000528588
788.6 0.935232 1.85431 0.00144097 1.36173 0.000529097
789.3 0.935238 1.85409 0.00144225 1.36165 0.000529598
790 0.935243 1.85388 0.00144351 1.36157 0.000530089
790.7 0.935249 1.85367 0.00144473 1.3615 0.000530569
791.4 0.935254 1.85346 0.00144592 1.36142 0.000531036
792.1 0.93526 1.85325 0.00144708 1.36134 0.00053149
792.8 0.935266 1.85304 0.00144819 1.36126 0.000531929
793.5 0.935271 1.85283 0.00144926 1.36119 0.000532352
794.2 0.935277 1.85262 0.00145028 1.36111 0.000532757
794.9 0.935282 1.85241 0.00145125 1.36103 0.000533144
795.6 0.935288 1.8522 0.00145217 1.36095 0.000533511
796.3 0.935293 1.85199 0.00145303 1.36088 0.000533857
797 0.935299 1.85178 0.00145383 1.3608 0.000534181
797.7 0.935304 1.85157 0.00145457 1.36073 0.000534482
798.4 0.93531 1.85136 0.00145524 1.36065 0.000534759
799.1 0.935315 1.85116 0.00145584 1.36057 0.000535011
799.8 0.935321 1.85095 0.00145638 1.3605 0.000535237
800.5 0.935326 1.85074 0.00145684 1.36042 0.000535436
801.2 0.935332 1.85054 0.00145722 1.36034 0.000535607
801.9 0.935337 1.85033 0.00145753 1.36027 0.00053575
802.6 0.935343 1.85012 0.00145775 1.36019 0.000535863
803.3 0.935348 1.84992 0.0014579 1.36012 0.000535946
804 0.935354 1.84971 0.00145796 1.36004 0.000535998
804.7 0.935359 1.84951 0.00145793 1.35997 0.000536018
805.4 0.935365 1.8493 0.00145782 1.35989 0.000536006
806.1 0.93537 1.84909 0.00145761 1.35981 0.00053596
806.8 0.935376 1.84889 0.00145731 1.35974 0.00053588
807.5 0.935381 1.84869 0.00145692 1.35966 0.000535766
808.2 0.935387 1.84848 0.00145644 1.35959 0.000535617
808.9 0.935392 1.84828 0.00145585 1.35951 0.000535432
809.6 0.935398 1.84807 0.00145517 1.35944 0.00053521
810.3 0.935404 1.84787 0.00145439 1.35936 0.000534952
811 0.935409 1.84766 0.0014535 1.35929 0.000534657
811.7 0.935415 1.84746 0.00145252 1.35921 0.000534323
812.4 0.93542 1.84726 0.00145143 1.35914 0.000533951
813.1 0.935426 1.84705 0.00145023 1.35906 0.000533541
813.8 0.935431 1.84685 0.00144893 1.35899 0.000533091
814.5 0.935437 1.84665 0.00144752 1.35891 0.000532601
815.2 0.935442 1.84645 0.001446 1.35884 0.000532072
815.9 0.935448 1.84624 0.00144437 1.35877 0.000531502
816.6 0.935453 1.84604 0.00144264 1.35869 0.000530892
817.3 0.935459 1.84584 0.00144079 1.35862 0.00053024
818 0.935465 1.84564 0.00143882 1.35854 0.000529547
818.7 0.93547 1.84544 0.00143675 1.35847 0.000528813
819.4 0.935476 1.84523 0.00143456 1.35839 0.000528036
820.1 0.935481 1.84503 0.00143226 1.35832 0.000527218
820.8 0.935487 1.84483 0.00142985 1.35825 0.000526357
821.5 0.935492 1.84463 0.00142731 1.35817 0.000525454
822.2 0.935498 1.84443 0.00142467 1.3581 0.000524509
822.9 0.935504 1.84423 0.00142192 1.35802 0.000523524
823.6 0.935509 1.84403 0.00141906 1.35795 0.0005225
824.3 0.935515 1.84383 0.0014161 1.35788 0.000521439
825 0.935521 1.84363 0.00141304 1.3578 0.000520342
825.7 0.935526 1.84343 0.00140989 1.35773 0.00051921
826.4 0.935532 1.84323 0.00140665 1.35766 0.000518045
827.1 0.935537 1.84303 0.00140333 1.35758 0.000516849
827.8 0.935543 1.84283 0.00139992 1.35751 0.000515621
828.5 0.935549 1.84263 0.00139643 1.35744 0.000514365
829.2 0.935554 1.84243 0.00139287 1.35736 0.00051308
829.9 0.93556 1.84224 0.00138924 1.35729 0.000511769
830.6 0.935565 1.84204 0.00138553 1.35722 0.000510432
831.3 0.935571 1.84184 0.00138177 1.35714 0.000509071
832 0.935577 1.84164 0.00137793 1.35707 0.000507687
832.7 0.935582 1.84145 0.00137404 1.357 0.00050628
833.4 0.935588 1.84125 0.0013701 1.35693 0.000504853
834.1 0.935593 1.84105 0.0013661 1.35685 0.000503405
834.8 0.935599 1.84086 0.00136204 1.35678 0.000501939
835.5 0.935604 1.84066 0.00135794 1.35671 0.000500455
836.2 0.93561 1.84047 0.0013538 1.35664 0.000498954
836.9 0.935615 1.84028 0.00134961 1.35657 0.000497437
837.6 0.935621 1.84008 0.00134539 1.3565 0.000495905
838.3 0.935626 1.83989 0.00134112 1.35643 0.00049436
839 0.935632 1.8397 0.00133683 1.35635 0.000492801
839.7 0.935637 1.83951 0.0013325 1.35628 0.000491231
840.4 0.935643 1.83931 0.00132814 1.35621 0.000489649
841.1 0.935648 1.83912 0.00132375 1.35614 0.000488057
841.8 0.935654 1.83893 0.00131934 1.35607 0.000486455
842.5 0.935659 1.83874 0.0013149 1.356 0.000484845
843.2 0.935665 1.83855 0.00131045 1.35593 0.000483227
843.9 0.93567 1.83836 0.00130597 1.35586 0.000481601
844.6 0.935675 1.83818 0.00130148 1.35579 0.00047997
845.3 0.935681 1.83799 0.00129697 1.35572 0.000478333
846 0.935686 1.8378 0.00129246 1.35566 0.000476691
846.7 0.935691 1.83761 0.00128793 1.35559 0.000475045
847.4 0.935697 1.83743 0.00128339 1.35552 0.000473396
848.1 0.935702 1.83724 0.00127885 1.35545 0.000471744
848.8 0.935707 1.83706 0.0012743 1.35538 0.000470089
849.5 0.935713 1.83687 0.00126975 1.35531 0.000468434
850.2 0.935718 1.83669 0.0012652 1.35525 0.000466777
850.9 0.935723 1.83651 0.00126064 1.35518 0.000465121
851.6 0.935728 1.83632 0.00125609 1.35511 0.000463465
852.3 0.935733 1.83614 0.00125154 1.35504 0.000461809
853 0.935739 1.83596 0.001247 1.35498 0.000460156
853.7 0.935744 1.83578 0.00124246 1.35491 0.000458504
854.4 0.935749 1.8356 0.00123794 1.35484 0.000456855
855.1 0.935754 1.83542 0.00123342 1.35478 0.00045521
855.8 0.935759 1.83524 0.00122891 1.35471 0.000453568
856.5 0.935764 1.83507 0.00122441 1.35465 0.00045193
857.2 0.935769 1.83489 0.00121993 1.35458 0.000450297
857.9 0.935774 1.83471 0.00121546 1.35452 0.000448668
858.6 0.935779 1.83454 0.001211 1.35445 0.000447046
859.3 0.935784 1.83436 0.00120657 1.35439 0.000445429
860 0.935789 1.83419 0.00120215 1.35432 0.000443819
860.7 0.935794 1.83401 0.00119775 1.35426 0.000442216
861.4 0.935799 1.83384 0.00119337 1.35419 0.00044062
862.1 0.935804 1.83367 0.00118901 1.35413 0.000439032
862.8 0.935809 1.8335 0.00118468 1.35407 0.000437452
863.5 0.935814 1.83332 0.00118037 1.354 0.00043588
864.2 0.935818 1.83315 0.00117608 1.35394 0.000434317
864.9 0.935823 1.83298 0.00117182 1.35388 0.000432763
865.6 0.935828 1.83281 0.00116758 1.35382 0.000431219
866.3 0.935833 1.83265 0.00116337 1.35375 0.000429684
867 0.935838 1.83248 0.00115919 1.35369 0.000428159
867.7 0.935842 1.83231 0.00115504 1.35363 0.000426645
868.4 0.935847 1.83215 0.00115092 1.35357 0.000425142
869.1 0.935852 1.83198 0.00114682 1.35351 0.000423649
869.8 0.935856 1.83182 0.00114276 1.35345 0.000422168
870.5 0.935861 1.83165 0.00113873 1.35339 0.000420699
871.2 0.935865 1.83149 0.00113474 1.35332 0.000419241
871.9 0.93587 1.83132 0.00113077 1.35326 0.000417795
872.6 0.935875 1.83116 0.00112684 1.3532 0.000416362
873.3 0.935879 1.831 0.00112295 1.35315 0.000414941
874 0.935884 1.83084 0.00111909 1.35309 0.000413533
874.7 0.935888 1.83068 0.00111527 1.35303 0.000412138
875.4 0.935893 1.83052 0.00111148 1.35297 0.000410756
876.1 0.935897 1.83036 0.00110773 1.35291 0.000409387
876.8 0.935901 1.83021 0.00110401 1.35285 0.000408032
877.5 0.935906 1.83005 0.00110034 1.35279 0.000406691
878.2 0.93591 1.82989 0.0010967 1.35274 0.000405364
878.9 0.935915 1.82974 0.0010931 1.35268 0.000404052
879.6 0.935919 1.82958 0.00108954 1.35262 0.000402753
880.3 0.935923 1.82943 0.00108602 1.35256 0.000401469
881 0.935927 1.82927 0.00108255 1.35251 0.0004002
881.7 0.935932 1.82912 0.00107911 1.35245 0.000398945
882.4 0.935936 1.82897 0.00107571 1.35239 0.000397706
883.1 0.93594 1.82882 0.00107235 1.35234 0.000396481
883.8 0.935944 1.82867 0.00106904 1.35228 0.000395272
884.5 0.935948 1.82852 0.00106577 1.35223 0.000394078
885.2 0.935953 1.82837 0.00106254 1.35217 0.0003929
885.9 0.935957 1.82822 0.00105935 1.35212 0.000391737
886.6 0.935961 1.82807 0.0010562 1.35206 0.00039059
887.3 0.935965 1.82792 0.0010531 1.35201 0.000389458
888 0.935969 1.82778 0.00105004 1.35195 0.000388343
888.7 0.935973 1.82763 0.00104703 1.3519 0.000387244
889.4 0.935977 1.82749 0.00104406 1.35185 0.000386161
890.1 0.935981 1.82734 0.00104113 1.35179 0.000385094
890.8 0.935985 1.8272 0.00103825 1.35174 0.000384043
891.5 0.935989 1.82706 0.00103541 1.35169 0.000383009
892.2 0.935993 1.82691 0.00103262 1.35163 0.000381991
892.9 0.935996 1.82677 0.00102988 1.35158 0.000380989
893.6 0.936 1.82663 0.00102717 1.35153 0.000380003
894.3 0.936004 1.82649 0.00102451 1.35148 0.000379033
895 0.936008 1.82635 0.00102189 1.35143 0.000378077
895.7 0.936012 1.82621 0.0010193 1.35137 0.000377135
896.4 0.936016 1.82607 0.00101676 1.35132 0.000376207
897.1 0.936019 1.82594 0.00101424 1.35127 0.000375293
897.8 0.936023 1.8258 0.00101177 1.35122 0.000374391
898.5 0.936027 1.82566 0.00100933 1.35117 0.000373501
899.2 0.93603 1.82553 0.00100692 1.35112 0.000372623
899.9 0.936034 1.82539 0.00100454 1.35107 0.000371757
900.6 0.936038 1.82526 0.00100219 1.35102 0.000370901
901.3 0.936041 1.82513 0.000999872 1.35097 0.000370057
902 0.936045 1.82499 0.00099758 1.35092 0.000369222
902.7 0.936048 1.82486 0.000995315 1.35087 0.000368397
903.4 0.936052 1.82473 0.000993074 1.35082 0.000367581
904.1 0.936056 1.8246 0.000990859 1.35078 0.000366774
904.8 0.936059 1.82447 0.000988666 1.35073 0.000365975
905.5 0.936063 1.82433 0.000986496 1.35068 0.000365185
906.2 0.936066 1.8242 0.000984347 1.35063 0.000364402
906.9 0.93607 1.82408 0.000982218 1.35058 0.000363627
907.6 0.936073 1.82395 0.000980108 1.35054 0.000362859
908.3 0.936076 1.82382 0.000978017 1.35049 0.000362098
909 0.93608 1.82369 0.000975943 1.35044 0.000361342
909.7 0.936083 1.82356 0.000973886 1.35039 0.000360593
910.4 0.936087 1.82344 0.000971844 1.35035 0.00035985
911.1 0.93609 1.82331 0.000969817 1.3503 0.000359112
911.8 0.936093 1.82319 0.000967804 1.35025 0.000358379
912.5 0.936097 1.82306 0.000965804 1.35021 0.00035765
913.2 0.9361 1.82294 0.000963816 1.35016 0.000356926
913.9 0.936104 1.82281 0.00096184 1.35012 0.000356207
914.6 0.936107 1.82269 0.000959874 1.35007 0.000355491
915.3 0.93611 1.82256 0.000957918 1.35002 0.000354778
916 0.936113 1.82244 0.000955972 1.34998 0.000354069
916.7 0.936117 1.82232 0.000954033 1.34993 0.000353363
917.4 0.93612 1.8222 0.000952103 1.34989 0.00035266
918.1 0.936123 1.82207 0.000950179 1.34984 0.000351959
918.8 0.936126 1.82195 0.000948262 1.3498 0.000351261
919.5 0.93613 1.82183 0.00094635 1.34975 0.000350564
920.2 0.936133 1.82171 0.000944443 1.34971 0.000349869
920.9 0.936136 1.82159 0.000942541 1.34966 0.000349176
921.6 0.936139 1.82147 0.000940642 1.34962 0.000348484
922.3 0.936142 1.82135 0.000938746 1.34958 0.000347793
923 0.936146 1.82124 0.000936853 1.34953 0.000347103
923.7 0.936149 1.82112 0.000934962 1.34949 0.000346414
924.4 0.936152 1.821 0.000933072 1.34944 0.000345725
925.1 0.936155 1.82088 0.000931183 1.3494 0.000345036
925.8 0.936158 1.82077 0.000929294 1.34936 0.000344347
926.5 0.936161 1.82065 0.000927405 1.34931 0.000343658
927.2 0.936164 1.82053 0.000925515 1.34927 0.000342969
927.9 0.936167 1.82042 0.000923624 1.34923 0.000342279
928.6 0.936171 1.8203 0.000921731 1.34919 0.000341588
929.3 0.936174 1.82019 0.000919835 1.34914 0.000340896
930 0.936177 1.82007 0.000917937 1.3491 0.000340203
930.7 0.93618 1.81996 0.000916036 1.34906 0.000339509
931.4 0.936183 1.81984 0.000914131 1.34902 0.000338814
932.1 0.936186 1.81973 0.000912221 1.34897 0.000338117
932.8 0.936189 1.81962 0.000910308 1.34893 0.000337418
933.5 0.936192 1.8195 0.000908389 1.34889 0.000336717
934.2 0.936195 1.81939 0.000906465 1.34885 0.000336014
934.9 0.936198 1.81928 0.000904535 1.34881 0.000335309
935.6 0.936201 1.81917 0.000902599 1.34876 0.000334602
936.3 0.936204 1.81905 0.000900656 1.34872 0.000333892
937 0.936207 1.81894 0.000898706 1.34868 0.000333179
937.7 0.93621 1.81883 0.00089675 1.34864 0.000332464
938.4 0.936213 1.81872 0.000894785 1.3486 0.000331746
939.1 0.936216 1.81861 0.000892813 1.34856 0.000331025
939.8 0.936219 1.8185 0.000890832 1.34852 0.0003303
940.5 0.936221 1.81839 0.000888843 1.34848 0.000329573
941.2 0.936224 1.81828 0.000886845 1.34844 0.000328842
941.9 0.936227 1.81817 0.000884837 1.3484 0.000328107
942.6 0.93623 1.81806 0.00088282 1.34836 0.000327369
943.3 0.936233 1.81796 0.000880794 1.34832 0.000326627
944 0.936236 1.81785 0.000878757 1.34828 0.000325882
944.7 0.936239 1.81774 0.00087671 1.34824 0.000325132
945.4 0.936242 1.81763 0.000874652 1.3482 0.000324379
946.1 0.936245 1.81752 0.000872584 1.34816 0.000323621
946.8 0.936247 1.81742 0.000870504 1.34812 0.000322859
947.5 0.93625 1.81731 0.000868413 1.34808 0.000322093
948.2 0.936253 1.8172 0.00086631 1.34804 0.000321323
948.9 0.936256 1.8171 0.000864196 1.348 0.000320548
949.6 0.936259 1.81699 0.00086207 1.34796 0.000319769
950.3 0.936262 1.81689 0.000859931 1.34792 0.000318985
951 0.936265 1.81678 0.00085778 1.34788 0.000318196
951.7 0.936267 1.81668 0.000855616 1.34784 0.000317402
952.4 0.93627 1.81657 0.00085344 1.3478 0.000316604
953.1 0.936273 1.81647 0.00085125 1.34776 0.000315801
953.8 0.936276 1.81636 0.000849048 1.34772 0.000314993
954.5 0.936279 1.81626 0.000846832 1.34769 0.00031418
955.2 0.936281 1.81615 0.000844603 1.34765 0.000313362
955.9 0.936284 1.81605 0.00084236 1.34761 0.000312539
956.6 0.936287 1.81595 0.000840103 1.34757 0.00031171
957.3 0.93629 1.81584 0.000837832 1.34753 0.000310876
958 0.936292 1.81574 0.000835547 1.34749 0.000310037
958.7 0.936295 1.81564 0.000833248 1.34746 0.000309193
959.4 0.936298 1.81554 0.000830935 1.34742 0.000308343
960.1 0.936301 1.81543 0.000828607 1.34738 0.000307488
960.8 0.936303 1.81533 0.000826264 1.34734 0.000306627
961.5 0.936306 1.81523 0.000823907 1.3473 0.000305761
962.2 0.936309 1.81513 0.000821536 1.34727 0.00030489
962.9 0.936312 1.81503 0.000819149 1.34723 0.000304012
963.6 0.936314 1.81493 0.000816747 1.34719 0.000303129
964.3 0.936317 1.81483 0.00081433 1.34715 0.000302241
965 0.93632 1.81473 0.000811898 1.34712 0.000301347
965.7 0.936322 1.81462 0.000809451 1.34708 0.000300447
966.4 0.936325 1.81452 0.000806989 1.34704 0.000299541
967.1 0.936328 1.81442 0.000804511 1.34701 0.000298629
967.8 0.936331 1.81433 0.000802018 1.34697 0.000297712
968.5 0.936333 1.81423 0.000799509 1.34693 0.000296789
969.2 0.936336 1.81413 0.000796985 1.3469 0.00029586
969.9 0.936339 1.81403 0.000794445 1.34686 0.000294925
970.6 0.936341 1.81393 0.000791889 1.34682 0.000293985
971.3 0.936344 1.81383 0.000789318 1.34679 0.000293038
972 0.936347 1.81373 0.000786731 1.34675 0.000292085
972.7 0.936349 1.81363 0.000784129 1.34671 0.000291127
973.4 0.936352 1.81354 0.00078151 1.34668 0.000290163
974.1 0.936355 1.81344 0.000778876 1.34664 0.000289192
974.8 0.936357 1.81334 0.000776226 1.3466 0.000288216
975.5 0.93636 1.81324 0.00077356 1.34657 0.000287234
976.2 0.936362 1.81315 0.000770878 1.34653 0.000286246
976.9 0.936365 1.81305 0.00076818 1.3465 0.000285252
977.6 0.936368 1.81295 0.000765467 1.34646 0.000284252
978.3 0.93637 1.81286 0.000762737 1.34642 0.000283246
979 0.936373 1.81276 0.000759992 1.34639 0.000282234
979.7 0.936376 1.81266 0.00075723 1.34635 0.000281216
980.4 0.936378 1.81257 0.000754453 1.34632 0.000280192
981.1 0.936381 1.81247 0.00075166 1.34628 0.000279162
981.8 0.936383 1.81238 0.000748851 1.34625 0.000278126
982.5 0.936386 1.81228 0.000746026 1.34621 0.000277084
983.2 0.936389 1.81219 0.000743186 1.34617 0.000276036
983.9 0.936391 1.81209 0.00074033 1.34614 0.000274983
984.6 0.936394 1.812 0.000737457 1.3461 0.000273923
985.3 0.936396 1.8119 0.000734571 1.34607 0.000272858
986 0.936399 1.81181 0.000731671 1.34603 0.000271788
986.7 0.936402 1.81171 0.000728759 1.346 0.000270713
987.4 0.936404 1.81162 0.000725836 1.34596 0.000269634
988.1 0.936407 1.81152 0.000722903 1.34593 0.000268552
988.8 0.936409 1.81143 0.000719962 1.34589 0.000267466
989.5 0.936412 1.81134 0.000717014 1.34586 0.000266378
990.2 0.936414 1.81124 0.00071406 1.34582 0.000265287
990.9 0.936417 1.81115 0.000711101 1.34579 0.000264195
991.6 0.936419 1.81106 0.000708138 1.34576 0.0002631
992.3 0.936422 1.81096 0.000705172 1.34572 0.000262005
993 0.936424 1.81087 0.000702205 1.34569 0.00026091
993.7 0.936427 1.81078 0.000699237 1.34565 0.000259813
994.4 0.93643 1.81069 0.000696269 1.34562 0.000258717
995.1 0.936432 1.81059 0.000693303 1.34558 0.000257622
995.8 0.936435 1.8105 0.00069034 1.34555 0.000256527
996.5 0.936437 1.81041 0.00068738 1.34551 0.000255434
997.2 0.93644 1.81032 0.000684424 1.34548 0.000254342
997.9 0.936442 1.81023 0.000681473 1.34545 0.000253252
998.6 0.936445 1.81014 0.000678529 1.34541 0.000252164
999.3 0.936447 1.81004 0.000675592 1.34538 0.000251079
1000 0.93645 1.80995 0.000672663 1.34535 0.000249996
