300 0.665845 1.34701 0.609719 1.18861 0.256484
300.7 0.669125 1.33397 0.599193 1.18244 0.253371
301.4 0.672499 1.31998 0.588197 1.17581 0.250123
302.1 0.675994 1.30509 0.576678 1.16874 0.246709
302.8 0.679638 1.28944 0.5646 1.16126 0.243097
303.5 0.683455 1.27317 0.551941 1.15344 0.239259
304.2 0.687465 1.25642 0.538692 1.14531 0.235173
304.9 0.691684 1.23933 0.52486 1.13693 0.230823
305.6 0.69612 1.22204 0.510471 1.12836 0.2262
306.3 0.700775 1.20466 0.495568 1.11966 0.221303
307 0.705642 1.18734 0.480214 1.11088 0.216141
307.7 0.710708 1.17018 0.46449 1.10208 0.210733
308.4 0.715949 1.15331 0.448497 1.09333 0.205105
309.1 0.721331 1.13682 0.432353 1.08468 0.199299
309.8 0.726811 1.1208 0.416194 1.07619 0.193364
310.5 0.732333 1.10533 0.400172 1.06791 0.187362
311.2 0.737833 1.09045 0.384448 1.05988 0.181364
311.9 0.743243 1.0761 0.369149 1.05208 0.175438
312.6 0.748496 1.06209 0.354365 1.04445 0.169643
313.3 0.753529 1.04824 0.340166 1.03689 0.164031
314 0.758282 1.03438 0.326611 1.02934 0.15865
314.7 0.762698 1.0203 0.313742 1.0217 0.153539
315.4 0.766721 1.00581 0.301594 1.01387 0.148734
316.1 0.770296 0.990687 0.290188 1.00573 0.144267
316.8 0.773364 0.974729 0.27954 0.997184 0.140165
317.5 0.775865 0.957705 0.26966 0.988092 0.136455
318.2 0.777731 0.939375 0.260552 0.978319 0.133163
318.9 0.778881 0.919482 0.252219 0.967711 0.130317
319.6 0.779222 0.897746 0.244661 0.956095 0.127948
320.3 0.778635 0.87386 0.237881 0.943271 0.126094
321 0.776984 0.847529 0.231871 0.929033 0.124792
321.7 0.774173 0.818693 0.226582 0.913281 0.124048
322.4 0.770101 0.787385 0.221959 0.895951 0.123868
323.1 0.764632 0.753645 0.217963 0.876976 0.12427
323.8 0.757598 0.717525 0.214569 0.856284 0.125291
324.5 0.748786 0.679101 0.211766 0.833803 0.126988
325.2 0.73794 0.638472 0.209553 0.809461 0.12944
325.9 0.724755 0.595773 0.207944 0.783196 0.132754
326.6 0.708876 0.551178 0.206966 0.754961 0.137071
327.3 0.689903 0.504912 0.206658 0.724734 0.142575
328 0.667402 0.457258 0.207069 0.692538 0.1495
328.7 0.640944 0.408569 0.208261 0.658466 0.158141
329.4 0.610166 0.359272 0.210305 0.622724 0.168859
330.1 0.574888 0.309879 0.213276 0.585687 0.182073
330.8 0.535303 0.260993 0.217249 0.547984 0.198226
331.5 0.492227 0.213306 0.222298 0.510583 0.21769
332.2 0.447205 0.167462 0.228475 0.474729 0.240637
332.9 0.40202 0.123571 0.235803 0.441469 0.267066
333.6 0.358664 0.0815578 0.244274 0.411757 0.296624
334.3 0.318993 0.0412989 0.253863 0.386328 0.328559
335 0.284224 0.00262394 0.264526 0.365488 0.36188
335.7 0.254724 -0.0346837 0.276205 0.349063 0.395637
336.4 0.230157 -0.0708855 0.288833 0.33654 0.429121
337.1 0.209802 -0.106287 0.302337 0.327252 0.461932
337.8 0.192835 -0.141238 0.316642 0.320527 0.493939
338.5 0.178478 -0.17613 0.331675 0.315761 0.5252
339.2 0.166071 -0.211399 0.34737 0.312442 0.555895
339.9 0.155078 -0.247527 0.363666 0.310149 0.586276
340.6 0.145076 -0.285045 0.380514 0.30854 0.616637
341.3 0.135739 -0.324538 0.397877 0.307337 0.647298
342 0.126821 -0.366657 0.415732 0.306319 0.678593
342.7 0.118144 -0.412122 0.434068 0.305308 0.710869
343.4 0.109656 -0.461477 0.45292 0.304243 0.74434
344.1 0.101447 -0.51486 0.472388 0.303212 0.778972
344.8 0.0935935 -0.572372 0.492578 0.302301 0.814714
345.5 0.0861482 -0.634126 0.513601 0.301581 0.851515
346.2 0.0791446 -0.700242 0.535574 0.30111 0.889331
346.9 0.0726004 -0.770843 0.55862 0.300941 0.928121
347.6 0.0665208 -0.846059 0.582871 0.301117 0.967848
348.3 0.0609016 -0.926018 0.608468 0.301677 1.00848
349 0.0557314 -1.01084 0.635565 0.302658 1.04997
349.7 0.0509933 -1.10066 0.664328 0.304094 1.09231
350.4 0.0466674 -1.19556 0.694936 0.306022 1.13543
351.1 0.0427312 -1.29564 0.727585 0.308476 1.17932
351.8 0.0391612 -1.40096 0.762488 0.311493 1.22392
352.5 0.0359332 -1.51155 0.799877 0.315113 1.26919
353.2 0.0330235 -1.62737 0.840001 0.319378 1.31506
353.9 0.0304089 -1.74837 0.883128 0.324333 1.36145
354.6 0.0280667 -1.87439 0.929545 0.330024 1.4083
355.3 0.0259668 -2.00557 0.979581 0.336485 1.45561
356 0.024075 -2.14234 1.03363 0.343742 1.5035
356.7 0.0223624 -2.28523 1.09215 0.351829 1.5521
357.4 0.0208045 -2.43481 1.15566 0.360792 1.60156
358.1 0.0193806 -2.59175 1.22477 0.370688 1.65202
358.8 0.0180732 -2.7568 1.30019 0.381591 1.70365
359.5 0.0168672 -2.93081 1.38277 0.393587 1.75662
360.2 0.0157498 -3.11475 1.47348 0.406782 1.81114
360.9 0.01471 -3.30973 1.5735 0.421304 1.86741
361.6 0.0137383 -3.51701 1.68423 0.437308 1.92568
362.3 0.0128266 -3.73802 1.80736 0.454978 1.98621
363 0.0119679 -3.97443 1.94495 0.47454 2.0493
363.7 0.011156 -4.22812 2.09948 0.496265 2.11528
364.4 0.0103859 -4.50127 2.27404 0.520488 2.18453
365.1 0.00965313 -4.79634 2.47247 0.547617 2.25748
365.8 0.00895394 -5.11619 2.69958 0.578161 2.33462
366.5 0.00828526 -5.46402 2.96144 0.612754 2.4165
367.2 0.00764459 -5.84345 3.26588 0.652195 2.50376
367.9 0.00703003 -6.25844 3.62298 0.697504 2.5971
368.6 0.00644074 -6.71299 4.0459 0.749989 2.69731
369.3 0.00587817 -7.20991 4.55142 0.8113 2.80502
370 0.00534443 -7.75052 5.16142 0.883557 2.92082
370.7 0.00484196 -8.33331 5.90468 0.969505 3.0452
371.4 0.00437386 -8.95141 6.81905 1.07272 3.17839
372.1 0.00394442 -9.58789 7.95406 1.19788 3.32006
372.8 0.00355986 -10.2078 9.37316 1.35104 3.46887
373.5 0.00322964 -10.7443 11.1538 1.53992 3.62155
374.2 0.00296886 -11.077 13.3802 1.77389 3.77144
374.9 0.0028029 -11.0024 16.118 2.06311 3.90625
375.6 0.00277724 -10.206 19.3513 2.41575 4.00523
376.3 0.00297939 -8.28223 22.8635 2.83154 4.0373
377 0.00358825 -4.88651 26.0984 3.29131 3.96475
377.7 0.0049767 -0.0731631 28.1776 3.74863 3.75838
378.4 0.00787823 5.41688 28.3152 4.13797 3.42139
379.1 0.0135155 10.4112 26.4264 4.40537 2.99934
379.8 0.0234102 14.0373 23.2119 4.53672 2.55823
380.5 0.0387415 16.1235 19.5955 4.5552 2.1509
381.2 0.059705 16.9841 16.2182 4.49822 1.80274
381.9 0.0854423 17.0478 13.3513 4.39896 1.51756
382.6 0.114518 16.6621 11.0284 4.28038 1.28825
383.3 0.145445 16.0542 9.182 4.15625 1.1046
384 0.176979 15.3574 7.72081 4.03401 0.956965
384.7 0.208205 14.6447 6.56052 3.91738 0.837361
385.4 0.238516 13.9535 5.6323 3.80794 0.739547
386.1 0.267551 13.3014 4.88274 3.70613 0.65874
386.8 0.295122 12.6954 4.27134 3.61179 0.591305
387.5 0.32116 12.1363 3.76752 3.52448 0.534478
388.2 0.345671 11.6225 3.34823 3.44366 0.486144
388.9 0.368706 11.1507 2.99597 3.36875 0.444671
389.6 0.390343 10.7174 2.69736 3.29918 0.408793
390.3 0.410673 10.319 2.44209 3.23442 0.377515
391 0.429789 9.95185 2.22214 3.17402 0.350051
391.7 0.447785 9.61285 2.03121 3.11753 0.325773
392.4 0.464751 9.2991 1.86434 3.06457 0.304176
393.1 0.480772 9.00799 1.71754 3.01482 0.284849
393.8 0.495926 8.73726 1.58761 2.96796 0.267458
394.5 0.510284 8.48487 1.47196 2.92374 0.251726
395.2 0.523913 8.24902 1.36847 2.88191 0.237425
395.9 0.536871 8.02815 1.27541 2.84227 0.224365
396.6 0.549213 7.82085 1.19133 2.80463 0.212386
397.3 0.560986 7.62588 1.11502 2.76883 0.201353
398 0.572233 7.4422 1.04551 2.73473 0.191155
398.7 0.582981 7.26899 0.982016 2.70222 0.181705
399.4 0.593254 7.10557 0.923889 2.67123 0.172933
400.1 0.603072 6.95131 0.870559 2.64168 0.164774
400.8 0.612458 6.8056 0.821527 2.61348 0.157171
401.5 0.621433 6.66788 0.776351 2.58658 0.150073
402.2 0.630018 6.53763 0.73464 2.5609 0.143434
402.9 0.638232 6.41436 0.696051 2.53637 0.137214
403.6 0.646094 6.29763 0.660279 2.51294 0.131376
404.3 0.653621 6.18701 0.627054 2.49055 0.125886
405 0.66083 6.08211 0.596134 2.46915 0.120717
405.7 0.667739 5.98258 0.567306 2.44867 0.11584
406.4 0.674362 5.88808 0.54038 2.42909 0.111231
407.1 0.680713 5.7983 0.515183 2.41034 0.106869
407.8 0.686808 5.71296 0.491564 2.39239 0.102735
408.5 0.692658 5.63178 0.469385 2.37519 0.0988099
409.2 0.698276 5.55452 0.448523 2.35872 0.0950777
409.9 0.703674 5.48094 0.428868 2.34293 0.0915238
410.6 0.708863 5.41084 0.410318 2.32779 0.0881346
411.3 0.713853 5.34401 0.392783 2.31327 0.0848979
412 0.718654 5.28027 0.376182 2.29934 0.0818023
412.7 0.723277 5.21945 0.360441 2.28597 0.0788375
413.4 0.727729 5.16138 0.34549 2.27314 0.0759942
414.1 0.732018 5.10591 0.331275 2.26081 0.0732646
414.8 0.736152 5.05285 0.317754 2.24897 0.0706445
415.5 0.740137 5.00207 0.304891 2.23757 0.0681301
416.2 0.743978 4.95339 0.292653 2.22659 0.0657178
416.9 0.747682 4.9067 0.281008 2.21601 0.063404
417.6 0.751254 4.86186 0.269927 2.20581 0.0611854
418.3 0.754698 4.81877 0.259382 2.19596 0.0590589
419 0.75802 4.77733 0.249349 2.18645 0.0570213
419.7 0.761224 4.73743 0.239802 2.17726 0.0550697
420.4 0.764315 4.69898 0.23072 2.16837 0.0532013
421.1 0.767297 4.66192 0.222081 2.15976 0.0514133
421.8 0.770174 4.62616 0.213865 2.15142 0.0497032
422.5 0.772949 4.59163 0.206055 2.14335 0.0480684
423.2 0.775626 4.55827 0.198631 2.13552 0.0465066
423.9 0.778209 4.52601 0.191578 2.12792 0.0450154
424.6 0.780701 4.49481 0.184881 2.12054 0.0435927
425.3 0.783104 4.46461 0.178523 2.11338 0.0422363
426 0.785423 4.43535 0.172492 2.10643 0.0409442
426.7 0.78766 4.407 0.166774 2.09966 0.0397145
427.4 0.789817 4.37952 0.161356 2.09309 0.0385451
428.1 0.791898 4.35286 0.156228 2.08669 0.0374344
428.8 0.793904 4.32698 0.151377 2.08046 0.0363806
429.5 0.795839 4.30185 0.146792 2.07439 0.035382
430.2 0.797704 4.27744 0.142465 2.06848 0.034437
430.9 0.799502 4.25371 0.138384 2.06273 0.033544
431.6 0.801237 4.23063 0.134537 2.05711 0.0327005
432.3 0.802911 4.20816 0.130909 2.05163 0.0319036
433 0.804528 4.18625 0.127485 2.04627 0.0311505
433.7 0.806092 4.16488 0.124253 2.04103 0.0304387
434.4 0.807606 4.14401 0.1212 2.0359 0.0297657
435.1 0.809072 4.12362 0.118317 2.03088 0.0291294
435.8 0.810494 4.10366 0.115591 2.02595 0.0285277
436.5 0.811873 4.08412 0.113016 2.02111 0.0279587
437.2 0.813213 4.06497 0.11058 2.01636 0.0274206
437.9 0.814514 4.0462 0.108277 2.0117 0.0269118
438.6 0.81578 4.02776 0.106098 2.0071 0.0264306
439.3 0.817013 4.00966 0.104036 2.00258 0.0259756
440 0.818213 3.99187 0.102086 1.99813 0.0255454
440.7 0.819383 3.97437 0.10024 1.99374 0.0251387
441.4 0.820524 3.95715 0.0984929 1.98941 0.0247543
442.1 0.821638 3.94019 0.0968391 1.98514 0.024391
442.8 0.822727 3.92348 0.0952734 1.98092 0.0240477
443.5 0.823791 3.907 0.093791 1.97676 0.0237235
444.2 0.824831 3.89075 0.0923872 1.97264 0.0234172
444.9 0.82585 3.87471 0.0910577 1.96856 0.0231279
445.6 0.826847 3.85887 0.0897984 1.96453 0.0228549
446.3 0.827825 3.84322 0.0886054 1.96054 0.0225971
447 0.828784 3.82776 0.0874751 1.95659 0.0223539
447.7 0.829724 3.81248 0.086404 1.95268 0.0221244
448.4 0.830648 3.79736 0.0853886 1.9488 0.0219079
449.1 0.831555 3.78241 0.084426 1.94496 0.0217038
449.8 0.832447 3.76761 0.083513 1.94115 0.0215112
450.5 0.833324 3.75295 0.0826469 1.93737 0.0213297
451.2 0.834186 3.73845 0.0818249 1.93362 0.0211585
451.9 0.835035 3.72408 0.0810434 1.9299 0.0209968
452.6 0.835871 3.70988 0.0802982 1.92622 0.0208435
453.3 0.836694 3.69583 0.0795851 1.92257 0.0206976
454 0.837503 3.68196 0.0789007 1.91895 0.0205582
454.7 0.838301 3.66826 0.0782413 1.91538 0.0204245
455.4 0.839086 3.65475 0.0776038 1.91185 0.0202955
456.1 0.839859 3.64142 0.0769853 1.90836 0.0201706
456.8 0.84062 3.62828 0.0763831 1.90491 0.020049
457.5 0.84137 3.61534 0.0757947 1.90151 0.0199302
458.2 0.842108 3.60259 0.0752179 1.89815 0.0198135
458.9 0.842836 3.59005 0.0746507 1.89484 0.0196984
459.6 0.843553 3.57771 0.074091 1.89158 0.0195844
460.3 0.844259 3.56557 0.0735372 1.88837 0.0194711
461 0.844955 3.55363 0.0729877 1.88521 0.019358
461.7 0.84564 3.5419 0.0724411 1.88209 0.0192448
462.4 0.846316 3.53037 0.071896 1.87903 0.0191312
463.1 0.846982 3.51905 0.0713514 1.87601 0.0190168
463.8 0.847639 3.50794 0.0708062 1.87304 0.0189014
464.5 0.848286 3.49703 0.0702593 1.87013 0.0187846
465.2 0.848923 3.48632 0.06971 1.86726 0.0186664
465.9 0.849552 3.47582 0.0691574 1.86445 0.0185464
466.6 0.850172 3.46551 0.0686008 1.86168 0.0184244
467.3 0.850784 3.45541 0.0680397 1.85896 0.0183004
468 0.851386 3.4455 0.0674733 1.8563 0.0181742
468.7 0.851981 3.4358 0.0669013 1.85368 0.0180456
469.4 0.852567 3.42628 0.0663232 1.85111 0.0179145
470.1 0.853145 3.41697 0.0657385 1.84859 0.0177807
470.8 0.853716 3.40784 0.065147 1.84612 0.0176443
471.5 0.854278 3.3989 0.0645481 1.84369 0.0175051
472.2 0.854833 3.39014 0.063942 1.84132 0.0173631
472.9 0.855381 3.38157 0.0633295 1.83898 0.0172186
473.6 0.855921 3.37316 0.0627113 1.8367 0.0170718
474.3 0.856454 3.36492 0.0620883 1.83445 0.0169229
475 0.856981 3.35683 0.0614613 1.83224 0.0167722
475.7 0.857501 3.3489 0.060831 1.83008 0.0166198
476.4 0.858014 3.34111 0.0601981 1.82794 0.0164661
477.1 0.858521 3.33345 0.0595631 1.82585 0.0163111
477.8 0.859022 3.32593 0.0589267 1.82379 0.0161551
478.5 0.859517 3.31854 0.0582894 1.82176 0.0159982
479.2 0.860006 3.31126 0.0576518 1.81976 0.0158405
479.9 0.860489 3.30411 0.0570142 1.81779 0.0156823
480.6 0.860967 3.29706 0.0563773 1.81585 0.0155237
481.3 0.861439 3.29013 0.0557413 1.81394 0.0153647
482 0.861906 3.28329 0.0551067 1.81205 0.0152056
482.7 0.862367 3.27656 0.0544739 1.81019 0.0150465
483.4 0.862823 3.26992 0.0538432 1.80835 0.0148874
484.1 0.863275 3.26338 0.0532151 1.80654 0.0147284
484.8 0.863721 3.25692 0.0525897 1.80475 0.0145698
485.5 0.864163 3.25055 0.0519673 1.80299 0.0144115
486.2 0.864599 3.24426 0.0513484 1.80124 0.0142536
486.9 0.865031 3.23806 0.0507331 1.79952 0.0140963
487.6 0.865459 3.23192 0.0501216 1.79781 0.0139396
488.3 0.865882 3.22587 0.0495143 1.79612 0.0137837
489 0.8663 3.21988 0.0489114 1.79445 0.0136285
489.7 0.866715 3.21396 0.0483129 1.7928 0.0134741
490.4 0.867125 3.20811 0.0477192 1.79117 0.0133207
491.1 0.867531 3.20232 0.0471305 1.78955 0.0131682
491.8 0.867932 3.1966 0.0465468 1.78795 0.0130168
492.5 0.86833 3.19093 0.0459684 1.78636 0.0128665
493.2 0.868724 3.18532 0.0453954 1.78479 0.0127173
493.9 0.869114 3.17977 0.044828 1.78324 0.0125693
494.6 0.8695 3.17428 0.0442663 1.78169 0.0124225
495.3 0.869882 3.16883 0.0437104 1.78016 0.0122771
496 0.87026 3.16344 0.0431604 1.77865 0.0121329
496.7 0.870635 3.15809 0.0426165 1.77714 0.0119902
497.4 0.871006 3.1528 0.0420795 1.77565 0.011849
498.1 0.871373 3.14755 0.0415498 1.77417 0.0117096
498.8 0.871737 3.14234 0.0410281 1.7727 0.0115722
499.5 0.872096 3.13719 0.0405149 1.77125 0.0114368
500.2 0.872452 3.13207 0.0400108 1.7698 0.0113037
500.9 0.872803 3.127 0.0395161 1.76837 0.011173
501.6 0.87315 3.12197 0.0390313 1.76694 0.0110449
502.3 0.873494 3.11698 0.0385569 1.76553 0.0109193
503 0.873833 3.11203 0.0380931 1.76413 0.0107966
503.7 0.874168 3.10712 0.0376403 1.76274 0.0106767
504.4 0.874499 3.10225 0.0371989 1.76135 0.0105598
505.1 0.874826 3.09742 0.036769 1.75998 0.0104459
505.8 0.875148 3.09262 0.0363509 1.75862 0.0103351
506.5 0.875467 3.08786 0.0359449 1.75726 0.0102275
507.2 0.875781 3.08314 0.035551 1.75592 0.0101232
507.9 0.876091 3.07845 0.0351696 1.75458 0.0100222
508.6 0.876397 3.07379 0.0348007 1.75325 0.00992462
509.3 0.876699 3.06917 0.0344445 1.75193 0.00983042
510 0.876997 3.06458 0.034101 1.75062 0.00973968
510.7 0.87729 3.06002 0.0337703 1.74932 0.00965242
511.4 0.87758 3.0555 0.0334526 1.74803 0.00956868
512.1 0.877865 3.05101 0.0331478 1.74674 0.00948847
512.8 0.878147 3.04655 0.032856 1.74546 0.00941182
513.5 0.878424 3.04212 0.0325771 1.74419 0.00933874
514.2 0.878697 3.03772 0.0323113 1.74293 0.00926924
514.9 0.878966 3.03335 0.0320584 1.74168 0.00920331
515.6 0.879232 3.02901 0.0318184 1.74043 0.00914097
516.3 0.879493 3.0247 0.0315913 1.73919 0.0090822
517 0.87975 3.02042 0.0313771 1.73796 0.009027
517.7 0.880004 3.01616 0.0311756 1.73673 0.00897536
518.4 0.880253 3.01194 0.0309868 1.73552 0.00892726
519.1 0.880499 3.00774 0.0308106 1.73431 0.00888268
519.8 0.880741 3.00357 0.0306468 1.7331 0.0088416
520.5 0.88098 2.99942 0.0304954 1.73191 0.00880401
521.2 0.881215 2.99531 0.0303563 1.73072 0.00876986
521.9 0.881446 2.99121 0.0302288 1.72953 0.00873899
522.6 0.881673 2.98715 0.0301116 1.72836 0.00871105
523.3 0.881898 2.98312 0.0300037 1.72719 0.00868568
524 0.882119 2.97912 0.0299037 1.72603 0.00866256
524.7 0.882338 2.97515 0.0298107 1.72488 0.00864136
525.4 0.882553 2.97121 0.0297235 1.72374 0.0086218
526.1 0.882766 2.96731 0.0296412 1.72261 0.00860358
526.8 0.882977 2.96344 0.0295629 1.72149 0.00858644
527.5 0.883185 2.95961 0.0294876 1.72037 0.00857013
528.2 0.883391 2.95581 0.0294146 1.71927 0.0085544
528.9 0.883594 2.95205 0.0293431 1.71817 0.00853903
529.6 0.883796 2.94833 0.0292723 1.71709 0.00852381
530.3 0.883996 2.94464 0.0292016 1.71602 0.00850853
531 0.884194 2.94099 0.0291303 1.71495 0.00849301
531.7 0.88439 2.93739 0.0290577 1.7139 0.00847707
532.4 0.884584 2.93382 0.0289835 1.71286 0.00846054
533.1 0.884777 2.93029 0.0289069 1.71183 0.00844327
533.8 0.884968 2.9268 0.0288275 1.71081 0.00842511
534.5 0.885158 2.92335 0.0287449 1.7098 0.00840591
535.2 0.885346 2.91994 0.0286585 1.7088 0.00838556
535.9 0.885533 2.91657 0.0285681 1.70782 0.00836392
536.6 0.885719 2.91324 0.0284732 1.70684 0.00834089
537.3 0.885904 2.90996 0.0283734 1.70588 0.00831636
538 0.886088 2.90671 0.0282685 1.70493 0.00829024
538.7 0.88627 2.9035 0.0281581 1.70399 0.00826242
539.4 0.886452 2.90034 0.028042 1.70306 0.00823283
540.1 0.886632 2.89721 0.0279198 1.70214 0.00820138
540.8 0.886812 2.89413 0.0277914 1.70123 0.008168
541.5 0.886991 2.89109 0.0276564 1.70034 0.00813262
542.2 0.887169 2.88809 0.0275148 1.69946 0.00809518
542.9 0.887346 2.88513 0.0273663 1.69858 0.00805561
543.6 0.887522 2.88221 0.0272106 1.69772 0.00801385
544.3 0.887697 2.87933 0.0270478 1.69688 0.00796987
545 0.887872 2.87649 0.0268775 1.69604 0.00792361
545.7 0.888047 2.87369 0.0266997 1.69521 0.00787502
546.4 0.88822 2.87093 0.0265142 1.6944 0.00782406
547.1 0.888393 2.86821 0.0263209 1.6936 0.0077707
547.8 0.888565 2.86553 0.0261196 1.6928 0.0077149
548.5 0.888737 2.86289 0.0259104 1.69202 0.00765662
549.2 0.888908 2.86029 0.0256931 1.69126 0.00759587
549.9 0.889079 2.85772 0.0254684 1.6905 0.00753281
550.6 0.889249 2.8552 0.025237 1.68975 0.00746768
551.3 0.889419 2.8527 0.0249997 1.68901 0.00740069
552 0.889587 2.85024 0.0247572 1.68828 0.00733206
552.7 0.889755 2.84782 0.0245101 1.68756 0.00726199
553.4 0.889922 2.84542 0.0242592 1.68685 0.00719067
554.1 0.890088 2.84305 0.024005 1.68615 0.00711828
554.8 0.890252 2.84071 0.0237481 1.68546 0.00704501
555.5 0.890416 2.8384 0.0234891 1.68477 0.00697102
556.2 0.890579 2.83611 0.0232286 1.68409 0.00689648
556.9 0.890741 2.83385 0.022967 1.68342 0.00682154
557.6 0.890901 2.83161 0.0227049 1.68275 0.00674635
558.3 0.891061 2.8294 0.0224427 1.68209 0.00667106
559 0.891219 2.8272 0.0221809 1.68144 0.0065958
559.7 0.891375 2.82503 0.0219199 1.68079 0.0065207
560.4 0.891531 2.82287 0.0216602 1.68015 0.0064459
561.1 0.891685 2.82074 0.0214021 1.67952 0.00637151
561.8 0.891838 2.81862 0.0211461 1.67889 0.00629765
562.5 0.89199 2.81652 0.0208924 1.67826 0.00622443
563.2 0.89214 2.81444 0.0206415 1.67764 0.00615195
563.9 0.892288 2.81237 0.0203937 1.67702 0.00608033
564.6 0.892436 2.81032 0.0201493 1.67641 0.00600964
565.3 0.892581 2.80828 0.0199086 1.6758 0.00594
566 0.892726 2.80626 0.0196718 1.6752 0.00587149
566.7 0.892868 2.80425 0.0194394 1.6746 0.00580418
567.4 0.89301 2.80225 0.0192114 1.674 0.00573817
568.1 0.893149 2.80027 0.0189883 1.67341 0.00567353
568.8 0.893288 2.79829 0.0187702 1.67282 0.00561034
569.5 0.893424 2.79633 0.0185573 1.67223 0.00554865
570.2 0.893559 2.79437 0.0183498 1.67165 0.00548855
570.9 0.893693 2.79243 0.0181481 1.67107 0.00543009
571.6 0.893825 2.7905 0.0179522 1.67049 0.00537334
572.3 0.893955 2.78857 0.0177623 1.66991 0.00531834
573 0.894084 2.78666 0.0175786 1.66934 0.00526515
573.7 0.894211 2.78475 0.0174013 1.66876 0.00521383
574.4 0.894337 2.78285 0.0172305 1.66819 0.00516442
575.1 0.894461 2.78095 0.0170664 1.66763 0.00511696
575.8 0.894583 2.77907 0.016909 1.66706 0.00507149
576.5 0.894704 2.77719 0.0167585 1.6665 0.00502806
577.2 0.894823 2.77531 0.016615 1.66593 0.0049867
577.9 0.89494 2.77345 0.0164787 1.66537 0.00494743
578.6 0.895056 2.77158 0.0163495 1.66481 0.0049103
579.3 0.89517 2.76973 0.0162276 1.66426 0.00487533
580 0.895283 2.76788 0.0161131 1.6637 0.00484254
580.7 0.895394 2.76603 0.016006 1.66315 0.00481196
581.4 0.895503 2.76419 0.0159064 1.66259 0.00478361
582.1 0.895611 2.76235 0.0158143 1.66204 0.0047575
582.8 0.895717 2.76052 0.0157297 1.66149 0.00473363
583.5 0.895822 2.75869 0.0156523 1.66094 0.00471187
584.2 0.895925 2.75687 0.0155814 1.66039 0.00469209
584.9 0.896027 2.75505 0.0155167 1.65984 0.00467415
585.6 0.896128 2.75324 0.0154577 1.6593 0.00465792
586.3 0.896227 2.75144 0.0154041 1.65875 0.00464328
587 0.896325 2.74964 0.0153554 1.65821 0.0046301
587.7 0.896422 2.74785 0.0153112 1.65767 0.00461828
588.4 0.896518 2.74606 0.0152711 1.65713 0.00460769
589.1 0.896613 2.74428 0.0152348 1.65659 0.00459824
589.8 0.896706 2.74252 0.015202 1.65606 0.00458981
590.5 0.896799 2.74076 0.0151723 1.65553 0.0045823
591.2 0.896891 2.739 0.0151453 1.655 0.00457562
591.9 0.896982 2.73726 0.0151208 1.65447 0.00456967
592.6 0.897072 2.73553 0.0150985 1.65395 0.00456437
593.3 0.897161 2.7338 0.015078 1.65343 0.00455963
594 0.897249 2.73208 0.0150592 1.65291 0.00455536
594.7 0.897337 2.73038 0.0150417 1.65239 0.00455149
595.4 0.897424 2.72868 0.0150253 1.65188 0.00454794
596.1 0.897511 2.72699 0.0150097 1.65137 0.00454463
596.8 0.897596 2.72532 0.0149948 1.65086 0.00454151
597.5 0.897682 2.72365 0.0149802 1.65036 0.00453849
598.2 0.897766 2.722 0.0149659 1.64985 0.00453552
598.9 0.89785 2.72035 0.0149515 1.64936 0.00453253
599.6 0.897934 2.71872 0.0149369 1.64886 0.00452947
600.3 0.898017 2.7171 0.0149219 1.64837 0.00452628
601 0.898099 2.71548 0.0149064 1.64788 0.0045229
601.7 0.898182 2.71388 0.0148901 1.64739 0.00451929
602.4 0.898263 2.71229 0.0148729 1.64691 0.00451539
603.1 0.898345 2.71071 0.0148546 1.64643 0.00451115
603.8 0.898426 2.70915 0.0148351 1.64595 0.00450654
604.5 0.898506 2.70759 0.0148143 1.64548 0.00450151
605.2 0.898587 2.70605 0.014792 1.64501 0.00449603
605.9 0.898667 2.70451 0.0147682 1.64455 0.00449004
606.6 0.898746 2.70299 0.0147425 1.64408 0.00448351
607.3 0.898826 2.70148 0.0147151 1.64363 0.00447642
608 0.898905 2.69999 0.0146857 1.64317 0.00446872
608.7 0.898984 2.6985 0.0146543 1.64272 0.00446038
609.4 0.899063 2.69703 0.0146207 1.64227 0.00445138
610.1 0.899141 2.69557 0.014585 1.64182 0.00444169
610.8 0.899219 2.69412 0.0145468 1.64138 0.00443128
611.5 0.899297 2.69268 0.0145063 1.64094 0.00442011
612.2 0.899375 2.69125 0.0144633 1.64051 0.00440818
612.9 0.899453 2.68984 0.0144178 1.64008 0.00439546
613.6 0.89953 2.68844 0.0143696 1.63965 0.00438191
614.3 0.899608 2.68705 0.0143188 1.63923 0.00436754
615 0.899685 2.68567 0.0142652 1.63881 0.00435231
615.7 0.899762 2.68431 0.0142088 1.63839 0.0043362
616.4 0.899839 2.68295 0.0141495 1.63798 0.0043192
617.1 0.899916 2.68161 0.0140873 1.63757 0.0043013
617.8 0.899993 2.68028 0.0140223 1.63716 0.0042825
618.5 0.900069 2.67896 0.0139545 1.63676 0.00426286
619.2 0.900146 2.67766 0.0138842 1.63636 0.0042424
619.9 0.900222 2.67636 0.0138114 1.63596 0.00422119
620.6 0.900298 2.67507 0.0137363 1.63557 0.00419925
621.3 0.900374 2.6738 0.0136591 1.63518 0.00417664
622 0.90045 2.67254 0.0135799 1.63479 0.00415339
622.7 0.900525 2.67128 0.0134987 1.63441 0.00412955
623.4 0.900601 2.67004 0.0134158 1.63403 0.00410514
624.1 0.900676 2.6688 0.0133313 1.63365 0.00408021
624.8 0.900751 2.66758 0.0132452 1.63328 0.00405479
625.5 0.900825 2.66636 0.0131577 1.6329 0.00402892
626.2 0.9009 2.66515 0.0130688 1.63253 0.00400262
626.9 0.900974 2.66395 0.0129788 1.63217 0.00397594
627.6 0.901048 2.66276 0.0128877 1.6318 0.0039489
628.3 0.901121 2.66158 0.0127955 1.63144 0.00392153
629 0.901195 2.66041 0.0127024 1.63108 0.00389387
629.7 0.901268 2.65924 0.0126085 1.63072 0.00386593
630.4 0.901341 2.65808 0.0125139 1.63037 0.00383775
631.1 0.901413 2.65693 0.0124186 1.63001 0.00380936
631.8 0.901485 2.65579 0.0123228 1.62966 0.00378077
632.5 0.901557 2.65465 0.0122264 1.62931 0.00375202
633.2 0.901629 2.65352 0.0121297 1.62897 0.00372313
633.9 0.9017 2.6524 0.0120327 1.62862 0.00369412
634.6 0.901771 2.65129 0.0119353 1.62828 0.00366501
635.3 0.901842 2.65018 0.0118378 1.62794 0.00363583
636 0.901912 2.64908 0.0117402 1.6276 0.0036066
636.7 0.901982 2.64798 0.0116426 1.62727 0.00357734
637.4 0.902051 2.64689 0.0115449 1.62693 0.00354807
638.1 0.902121 2.64581 0.0114473 1.6266 0.0035188
638.8 0.902189 2.64473 0.0113499 1.62627 0.00348956
639.5 0.902258 2.64366 0.0112527 1.62594 0.00346036
640.2 0.902326 2.64259 0.0111557 1.62561 0.00343123
640.9 0.902394 2.64153 0.011059 1.62528 0.00340217
641.6 0.902461 2.64048 0.0109627 1.62496 0.00337321
642.3 0.902529 2.63943 0.0108667 1.62464 0.00334436
643 0.902595 2.63839 0.0107713 1.62431 0.00331564
643.7 0.902662 2.63735 0.0106763 1.62399 0.00328705
644.4 0.902728 2.63631 0.0105819 1.62368 0.00325862
645.1 0.902793 2.63528 0.0104881 1.62336 0.00323036
645.8 0.902859 2.63426 0.0103949 1.62304 0.00320228
646.5 0.902924 2.63324 0.0103024 1.62273 0.0031744
647.2 0.902988 2.63223 0.0102106 1.62242 0.00314672
647.9 0.903052 2.63122 0.0101195 1.62211 0.00311926
648.6 0.903116 2.63021 0.0100293 1.6218 0.00309202
649.3 0.903179 2.62921 0.00993982 1.62149 0.00306503
650 0.903242 2.62821 0.00985124 1.62118 0.00303829
650.7 0.903305 2.62722 0.00976354 1.62087 0.00301181
651.4 0.903367 2.62623 0.00967676 1.62057 0.00298561
652.1 0.903429 2.62525 0.00959092 1.62026 0.00295968
652.8 0.90349 2.62427 0.00950607 1.61996 0.00293404
653.5 0.903552 2.62329 0.00942221 1.61966 0.0029087
654.2 0.903612 2.62232 0.00933938 1.61936 0.00288366
654.9 0.903673 2.62135 0.00925761 1.61906 0.00285894
655.6 0.903732 2.62039 0.00917691 1.61876 0.00283454
656.3 0.903792 2.61943 0.00909732 1.61847 0.00281047
657 0.903851 2.61847 0.00901884 1.61817 0.00278674
657.7 0.90391 2.61752 0.00894151 1.61788 0.00276335
658.4 0.903968 2.61657 0.00886533 1.61758 0.0027403
659.1 0.904026 2.61562 0.00879033 1.61729 0.00271761
659.8 0.904084 2.61468 0.00871653 1.617 0.00269528
660.5 0.904141 2.61374 0.00864392 1.61671 0.00267331
661.2 0.904198 2.6128 0.00857245 1.61642 0.00265168
661.9 0.904254 2.61187 0.00850209 1.61613 0.00263039
662.6 0.90431 2.61094 0.00843281 1.61584 0.00260941
663.3 0.904366 2.61001 0.00836455 1.61556 0.00258875
664 0.904422 2.60909 0.0082973 1.61527 0.00256839
664.7 0.904477 2.60817 0.00823101 1.61499 0.00254832
665.4 0.904531 2.60726 0.00816564 1.6147 0.00252853
666.1 0.904586 2.60634 0.00810118 1.61442 0.00250901
666.8 0.90464 2.60543 0.00803757 1.61414 0.00248974
667.5 0.904694 2.60453 0.0079748 1.61386 0.00247073
668.2 0.904747 2.60363 0.00791283 1.61358 0.00245195
668.9 0.9048 2.60273 0.00785164 1.6133 0.00243341
669.6 0.904853 2.60183 0.00779118 1.61302 0.00241509
670.3 0.904906 2.60094 0.00773144 1.61274 0.00239698
671 0.904958 2.60005 0.00767239 1.61247 0.00237908
671.7 0.90501 2.59916 0.007614 1.61219 0.00236138
672.4 0.905062 2.59828 0.00755624 1.61192 0.00234386
673.1 0.905113 2.5974 0.0074991 1.61165 0.00232653
673.8 0.905164 2.59652 0.00744254 1.61137 0.00230937
674.5 0.905215 2.59565 0.00738654 1.6111 0.00229238
675.2 0.905266 2.59478 0.00733108 1.61083 0.00227555
675.9 0.905316 2.59391 0.00727613 1.61056 0.00225888
676.6 0.905366 2.59305 0.00722168 1.6103 0.00224235
677.3 0.905416 2.59219 0.00716771 1.61003 0.00222595
678 0.905466 2.59133 0.00711418 1.60976 0.0022097
678.7 0.905515 2.59048 0.00706109 1.6095 0.00219357
679.4 0.905564 2.58963 0.00700841 1.60923 0.00217756
680.1 0.905613 2.58878 0.00695613 1.60897 0.00216167
680.8 0.905662 2.58794 0.00690422 1.60871 0.00214589
681.5 0.90571 2.5871 0.00685268 1.60845 0.00213022
682.2 0.905758 2.58626 0.00680147 1.60819 0.00211464
682.9 0.905806 2.58542 0.00675059 1.60793 0.00209916
683.6 0.905854 2.58459 0.00670002 1.60767 0.00208377
684.3 0.905902 2.58376 0.00664974 1.60741 0.00206846
685 0.905949 2.58294 0.00659974 1.60715 0.00205324
685.7 0.905996 2.58212 0.00655001 1.6069 0.00203809
686.4 0.906043 2.5813 0.00650052 1.60664 0.00202301
687.1 0.90609 2.58048 0.00645127 1.60639 0.002008
687.8 0.906136 2.57967 0.00640224 1.60614 0.00199306
688.5 0.906182 2.57886 0.00635343 1.60588 0.00197817
689.2 0.906229 2.57805 0.0063048 1.60563 0.00196334
689.9 0.906275 2.57725 0.00625637 1.60538 0.00194856
690.6 0.90632 2.57645 0.00620811 1.60513 0.00193383
691.3 0.906366 2.57565 0.00616001 1.60488 0.00191914
692 0.906411 2.57486 0.00611206 1.60464 0.0019045
692.7 0.906456 2.57407 0.00606425 1.60439 0.00188989
693.4 0.906501 2.57328 0.00601658 1.60415 0.00187532
694.1 0.906546 2.57249 0.00596902 1.6039 0.00186078
694.8 0.906591 2.57171 0.00592158 1.60366 0.00184627
695.5 0.906635 2.57093 0.00587424 1.60341 0.00183179
696.2 0.90668 2.57016 0.00582699 1.60317 0.00181733
696.9 0.906724 2.56938 0.00577983 1.60293 0.0018029
697.6 0.906768 2.56861 0.00573275 1.60269 0.00178848
698.3 0.906811 2.56784 0.00568574 1.60245 0.00177408
699 0.906855 2.56708 0.00563878 1.60221 0.00175969
699.7 0.906898 2.56632 0.00559189 1.60197 0.00174531
700.4 0.906942 2.56556 0.00554504 1.60174 0.00173095
701.1 0.906985 2.5648 0.00549823 1.6015 0.00171659
701.8 0.907028 2.56405 0.00545146 1.60127 0.00170223
702.5 0.90707 2.5633 0.00540471 1.60103 0.00168788
703.2 0.907113 2.56255 0.00535799 1.6008 0.00167354
703.9 0.907156 2.56181 0.00531129 1.60057 0.00165919
704.6 0.907198 2.56107 0.00526459 1.60033 0.00164484
705.3 0.90724 2.56033 0.00521791 1.6001 0.00163049
706 0.907282 2.5596 0.00517128 1.59987 0.00161615
706.7 0.907324 2.55886 0.00512471 1.59965 0.00160183
707.4 0.907366 2.55813 0.00507825 1.59942 0.00158753
708.1 0.907407 2.55741 0.0050319 1.59919 0.00157327
708.8 0.907448 2.55668 0.0049857 1.59896 0.00155904
709.5 0.90749 2.55596 0.00493968 1.59874 0.00154487
710.2 0.90753 2.55524 0.00489385 1.59851 0.00153075
710.9 0.907571 2.55453 0.00484824 1.59829 0.0015167
711.6 0.907612 2.55382 0.00480287 1.59807 0.00150271
712.3 0.907652 2.55311 0.00475776 1.59785 0.00148881
713 0.907692 2.5524 0.00471294 1.59763 0.00147498
713.7 0.907732 2.5517 0.00466841 1.59741 0.00146125
714.4 0.907772 2.551 0.00462421 1.59719 0.00144761
715.1 0.907811 2.55031 0.00458034 1.59697 0.00143407
715.8 0.907851 2.54961 0.00453683 1.59675 0.00142064
716.5 0.90789 2.54892 0.00449369 1.59654 0.00140733
717.2 0.907929 2.54824 0.00445094 1.59632 0.00139413
717.9 0.907967 2.54755 0.0044086 1.59611 0.00138105
718.6 0.908006 2.54687 0.00436667 1.59589 0.0013681
719.3 0.908044 2.5462 0.00432518 1.59568 0.00135528
720 0.908082 2.54552 0.00428414 1.59547 0.00134259
720.7 0.90812 2.54485 0.00424355 1.59526 0.00133005
721.4 0.908157 2.54418 0.00420344 1.59505 0.00131765
722.1 0.908194 2.54352 0.00416382 1.59484 0.0013054
722.8 0.908231 2.54286 0.00412469 1.59463 0.0012933
723.5 0.908268 2.5422 0.00408607 1.59443 0.00128136
724.2 0.908305 2.54154 0.00404797 1.59422 0.00126958
724.9 0.908341 2.54089 0.0040104 1.59402 0.00125795
725.6 0.908377 2.54024 0.00397337 1.59381 0.0012465
726.3 0.908413 2.5396 0.00393688 1.59361 0.00123521
727 0.908448 2.53896 0.00390095 1.59341 0.00122409
727.7 0.908484 2.53832 0.00386559 1.59321 0.00121314
728.4 0.908519 2.53768 0.0038308 1.59301 0.00120238
729.1 0.908553 2.53705 0.00379659 1.59281 0.00119179
729.8 0.908588 2.53642 0.00376296 1.59261 0.00118138
730.5 0.908622 2.53579 0.00372993 1.59242 0.00117115
731.2 0.908656 2.53517 0.0036975 1.59222 0.00116111
731.9 0.90869 2.53455 0.00366568 1.59203 0.00115126
732.6 0.908724 2.53393 0.00363447 1.59183 0.0011416
733.3 0.908757 2.53332 0.00360387 1.59164 0.00113213
734 0.90879 2.53271 0.0035739 1.59145 0.00112285
734.7 0.908823 2.5321 0.00354456 1.59126 0.00111376
735.4 0.908855 2.5315 0.00351584 1.59107 0.00110487
736.1 0.908888 2.5309 0.00348777 1.59088 0.00109618
736.8 0.90892 2.5303 0.00346033 1.59069 0.00108768
737.5 0.908952 2.5297 0.00343353 1.5905 0.00107939
738.2 0.908983 2.52911 0.00340739 1.59032 0.00107129
738.9 0.909014 2.52853 0.00338189 1.59013 0.0010634
739.6 0.909045 2.52794 0.00335704 1.58995 0.00105571
740.3 0.909076 2.52736 0.00333285 1.58977 0.00104822
741 0.909107 2.52678 0.00330931 1.58959 0.00104094
741.7 0.909137 2.5262 0.00328643 1.5894 0.00103386
742.4 0.909167 2.52563 0.00326422 1.58922 0.00102698
743.1 0.909197 2.52506 0.00324266 1.58904 0.00102032
743.8 0.909227 2.5245 0.00322177 1.58887 0.00101386
744.5 0.909256 2.52393 0.00320155 1.58869 0.00100761
745.2 0.909285 2.52337 0.00318199 1.58851 0.00100156
745.9 0.909314 2.52281 0.00316309 1.58834 0.000995724
746.6 0.909342 2.52226 0.00314487 1.58816 0.000990096
747.3 0.909371 2.52171 0.00312731 1.58799 0.000984675
748 0.909399 2.52116 0.00311042 1.58782 0.000979464
748.7 0.909426 2.52062 0.0030942 1.58765 0.000974461
749.4 0.909454 2.52007 0.00307864 1.58747 0.000969667
750.1 0.909481 2.51953 0.00306376 1.5873 0.000965082
750.8 0.909508 2.519 0.00304954 1.58714 0.000960706
751.5 0.909535 2.51847 0.00303599 1.58697 0.000956539
752.2 0.909562 2.51794 0.00302311 1.5868 0.00095258
752.9 0.909588 2.51741 0.00301089 1.58663 0.00094883
753.6 0.909614 2.51688 0.00299934 1.58647 0.000945289
754.3 0.90964 2.51636 0.00298846 1.58631 0.000941955
755 0.909666 2.51584 0.00297823 1.58614 0.00093883
755.7 0.909691 2.51533 0.00296867 1.58598 0.000935912
756.4 0.909717 2.51482 0.00295978 1.58582 0.000933202
757.1 0.909742 2.51431 0.00295152 1.58566 0.000930694
757.8 0.909766 2.5138 0.00294389 1.5855 0.000928381
758.5 0.909791 2.5133 0.00293686 1.58534 0.000926256
759.2 0.909815 2.51279 0.0029304 1.58518 0.000924311
759.9 0.909839 2.5123 0.00292449 1.58502 0.00092254
760.6 0.909863 2.5118 0.00291912 1.58487 0.000920935
761.3 0.909887 2.51131 0.00291425 1.58471 0.000919489
762 0.90991 2.51081 0.00290987 1.58456 0.000918197
762.7 0.909934 2.51033 0.00290595 1.5844 0.000917052
763.4 0.909957 2.50984 0.00290249 1.58425 0.000916046
764.1 0.90998 2.50935 0.00289945 1.58409 0.000915175
764.8 0.910003 2.50887 0.00289681 1.58394 0.000914432
765.5 0.910025 2.50839 0.00289457 1.58379 0.00091381
766.2 0.910048 2.50791 0.00289269 1.58364 0.000913305
766.9 0.91007 2.50744 0.00289117 1.58349 0.000912911
767.6 0.910093 2.50696 0.00288998 1.58334 0.000912622
768.3 0.910115 2.50649 0.00288911 1.58319 0.000912433
769 0.910137 2.50602 0.00288854 1.58304 0.000912339
769.7 0.910159 2.50555 0.00288825 1.58289 0.000912334
770.4 0.91018 2.50508 0.00288824 1.58275 0.000912413
771.1 0.910202 2.50462 0.00288847 1.5826 0.000912572
771.8 0.910224 2.50415 0.00288894 1.58245 0.000912806
772.5 0.910245 2.50369 0.00288964 1.58231 0.000913109
773.2 0.910266 2.50323 0.00289054 1.58216 0.000913478
773.9 0.910287 2.50277 0.00289164 1.58202 0.000913908
774.6 0.910309 2.50232 0.00289291 1.58187 0.000914395
775.3 0.91033 2.50186 0.00289435 1.58173 0.000914934
776 0.91035 2.50141 0.00289595 1.58158 0.000915521
776.7 0.910371 2.50095 0.00289768 1.58144 0.000916153
777.4 0.910392 2.5005 0.00289954 1.5813 0.000916824
778.1 0.910413 2.50005 0.00290152 1.58116 0.000917532
778.8 0.910433 2.4996 0.0029036 1.58101 0.000918273
779.5 0.910454 2.49916 0.00290577 1.58087 0.000919042
780.2 0.910474 2.49871 0.00290803 1.58073 0.000919836
780.9 0.910495 2.49826 0.00291035 1.58059 0.000920652
781.6 0.910515 2.49782 0.00291272 1.58045 0.000921486
782.3 0.910535 2.49738 0.00291515 1.58031 0.000922335
783 0.910555 2.49693 0.00291761 1.58017 0.000923196
783.7 0.910575 2.49649 0.0029201 1.58003 0.000924065
784.4 0.910595 2.49605 0.00292261 1.57989 0.000924939
785.1 0.910615 2.49562 0.00292512 1.57975 0.000925816
785.8 0.910635 2.49518 0.00292763 1.57961 0.000926692
786.5 0.910655 2.49474 0.00293013 1.57948 0.000927564
787.2 0.910675 2.49431 0.00293261 1.57934 0.00092843
787.9 0.910695 2.49387 0.00293506 1.5792 0.000929287
788.6 0.910715 2.49344 0.00293747 1.57906 0.000930132
789.3 0.910735 2.493 0.00293984 1.57893 0.000930963
790 0.910754 2.49257 0.00294216 1.57879 0.000931777
790.7 0.910774 2.49214 0.00294441 1.57865 0.000932572
791.4 0.910794 2.49171 0.0029466 1.57852 0.000933345
792.1 0.910813 2.49128 0.00294871 1.57838 0.000934093
792.8 0.910833 2.49085 0.00295073 1.57824 0.000934816
793.5 0.910853 2.49042 0.00295267 1.57811 0.00093551
794.2 0.910872 2.49 0.00295451 1.57797 0.000936173
794.9 0.910892 2.48957 0.00295625 1.57784 0.000936804
795.6 0.910911 2.48914 0.00295787 1.5777 0.000937399
796.3 0.910931 2.48872 0.00295939 1.57757 0.000937959
797 0.91095 2.48829 0.00296078 1.57743 0.000938479
797.7 0.91097 2.48787 0.00296204 1.5773 0.000938959
798.4 0.910989 2.48745 0.00296317 1.57716 0.000939397
799.1 0.911009 2.48702 0.00296416 1.57703 0.000939791
799.8 0.911028 2.4866 0.00296501 1.5769 0.00094014
800.5 0.911048 2.48618 0.0029657 1.57676 0.000940441
801.2 0.911067 2.48576 0.00296625 1.57663 0.000940694
801.9 0.911086 2.48534 0.00296664 1.5765 0.000940896
802.6 0.911106 2.48492 0.00296686 1.57636 0.000941046
803.3 0.911125 2.4845 0.00296692 1.57623 0.000941144
804 0.911145 2.48408 0.0029668 1.5761 0.000941187
804.7 0.911164 2.48366 0.00296651 1.57596 0.000941174
805.4 0.911183 2.48324 0.00296604 1.57583 0.000941104
806.1 0.911203 2.48283 0.00296539 1.5757 0.000940975
806.8 0.911222 2.48241 0.00296455 1.57557 0.000940788
807.5 0.911242 2.48199 0.00296352 1.57543 0.000940539
808.2 0.911261 2.48158 0.00296229 1.5753 0.00094023
808.9 0.91128 2.48116 0.00296087 1.57517 0.000939857
809.6 0.9113 2.48075 0.00295925 1.57504 0.000939421
810.3 0.911319 2.48033 0.00295742 1.57491 0.00093892
811 0.911339 2.47992 0.00295539 1.57478 0.000938354
811.7 0.911358 2.4795 0.00295315 1.57464 0.000937721
812.4 0.911377 2.47909 0.0029507 1.57451 0.000937021
813.1 0.911397 2.47868 0.00294804 1.57438 0.000936253
813.8 0.911416 2.47826 0.00294516 1.57425 0.000935417
814.5 0.911436 2.47785 0.00294206 1.57412 0.000934511
815.2 0.911455 2.47744 0.00293875 1.57399 0.000933535
815.9 0.911475 2.47703 0.00293521 1.57386 0.000932488
816.6 0.911494 2.47662 0.00293145 1.57373 0.00093137
817.3 0.911514 2.47621 0.00292746 1.5736 0.000930181
818 0.911533 2.4758 0.00292325 1.57347 0.000928919
818.7 0.911553 2.47539 0.0029188 1.57334 0.000927584
819.4 0.911572 2.47498 0.00291413 1.57321 0.000926176
820.1 0.911592 2.47457 0.00290923 1.57308 0.000924694
820.8 0.911611 2.47416 0.00290409 1.57295 0.000923138
821.5 0.911631 2.47375 0.00289873 1.57282 0.000921508
822.2 0.91165 2.47334 0.00289313 1.57269 0.000919805
822.9 0.91167 2.47294 0.00288731 1.57256 0.000918032
823.6 0.911689 2.47253 0.00288129 1.57243 0.000916191
824.3 0.911709 2.47212 0.00287506 1.5723 0.000914284
825 0.911729 2.47172 0.00286863 1.57217 0.000912315
825.7 0.911748 2.47131 0.00286201 1.57204 0.000910286
826.4 0.911768 2.47091 0.00285522 1.57191 0.000908199
827.1 0.911787 2.4705 0.00284825 1.57178 0.000906056
827.8 0.911807 2.4701 0.00284111 1.57165 0.00090386
828.5 0.911826 2.46969 0.00283382 1.57153 0.000901613
829.2 0.911846 2.46929 0.00282637 1.5714 0.000899318
829.9 0.911865 2.46889 0.00281878 1.57127 0.000896975
830.6 0.911885 2.46849 0.00281105 1.57114 0.000894588
831.3 0.911904 2.46809 0.00280319 1.57102 0.000892159
832 0.911924 2.46769 0.0027952 1.57089 0.000889689
832.7 0.911943 2.46729 0.0027871 1.57076 0.000887181
833.4 0.911962 2.46689 0.00277888 1.57063 0.000884637
834.1 0.911982 2.46649 0.00277056 1.57051 0.000882058
834.8 0.912001 2.4661 0.00276213 1.57038 0.000879446
835.5 0.91202 2.4657 0.00275361 1.57026 0.000876803
836.2 0.912039 2.46531 0.002745 1.57013 0.000874131
836.9 0.912059 2.46492 0.00273631 1.57001 0.000871432
837.6 0.912078 2.46452 0.00272753 1.56988 0.000868707
838.3 0.912097 2.46413 0.00271869 1.56976 0.000865958
839 0.912116 2.46374 0.00270977 1.56963 0.000863187
839.7 0.912135 2.46335 0.00270079 1.56951 0.000860395
840.4 0.912154 2.46296 0.00269176 1.56938 0.000857584
841.1 0.912173 2.46258 0.00268267 1.56926 0.000854755
841.8 0.912192 2.46219 0.00267353 1.56914 0.00085191
842.5 0.912211 2.46181 0.00266434 1.56901 0.00084905
843.2 0.91223 2.46142 0.00265512 1.56889 0.000846176
843.9 0.912248 2.46104 0.00264586 1.56877 0.000843291
844.6 0.912267 2.46066 0.00263657 1.56865 0.000840395
845.3 0.912286 2.46028 0.00262725 1.56853 0.00083749
846 0.912304 2.4599 0.00261791 1.56841 0.000834577
846.7 0.912323 2.45952 0.00260855 1.56829 0.000831657
847.4 0.912341 2.45914 0.00259918 1.56817 0.000828731
848.1 0.91236 2.45877 0.00258979 1.56805 0.000825801
848.8 0.912378 2.4584 0.00258039 1.56793 0.000822867
849.5 0.912396 2.45802 0.00257099 1.56781 0.000819932
850.2 0.912414 2.45765 0.00256159 1.56769 0.000816996
850.9 0.912433 2.45728 0.00255219 1.56757 0.000814059
851.6 0.912451 2.45691 0.0025428 1.56745 0.000811124
852.3 0.912469 2.45654 0.00253341 1.56734 0.000808191
853 0.912487 2.45618 0.00252404 1.56722 0.000805261
853.7 0.912505 2.45581 0.00251468 1.5671 0.000802335
854.4 0.912523 2.45545 0.00250534 1.56699 0.000799414
855.1 0.91254 2.45508 0.00249602 1.56687 0.000796499
855.8 0.912558 2.45472 0.00248673 1.56676 0.000793591
856.5 0.912576 2.45436 0.00247746 1.56664 0.000790691
857.2 0.912593 2.45401 0.00246821 1.56653 0.000787799
857.9 0.912611 2.45365 0.002459 1.56641 0.000784916
858.6 0.912628 2.45329 0.00244983 1.5663 0.000782043
859.3 0.912646 2.45294 0.00244069 1.56619 0.000779182
860 0.912663 2.45258 0.00243159 1.56607 0.000776332
860.7 0.91268 2.45223 0.00242252 1.56596 0.000773494
861.4 0.912697 2.45188 0.00241351 1.56585 0.00077067
862.1 0.912714 2.45153 0.00240453 1.56574 0.000767859
862.8 0.912731 2.45119 0.00239561 1.56563 0.000765063
863.5 0.912748 2.45084 0.00238673 1.56552 0.000762282
864.2 0.912765 2.4505 0.0023779 1.56541 0.000759516
864.9 0.912782 2.45015 0.00236913 1.5653 0.000756767
865.6 0.912799 2.44981 0.00236041 1.56519 0.000754035
866.3 0.912815 2.44947 0.00235175 1.56508 0.00075132
867 0.912832 2.44913 0.00234315 1.56497 0.000748623
867.7 0.912848 2.44879 0.0023346 1.56486 0.000745945
868.4 0.912865 2.44846 0.00232612 1.56475 0.000743286
869.1 0.912881 2.44812 0.0023177 1.56465 0.000740646
869.8 0.912897 2.44779 0.00230935 1.56454 0.000738027
870.5 0.912913 2.44746 0.00230106 1.56444 0.000735428
871.2 0.91293 2.44713 0.00229284 1.56433 0.00073285
871.9 0.912946 2.4468 0.00228469 1.56422 0.000730294
872.6 0.912961 2.44647 0.00227661 1.56412 0.000727759
873.3 0.912977 2.44615 0.00226859 1.56402 0.000725247
874 0.912993 2.44582 0.00226066 1.56391 0.000722757
874.7 0.913009 2.4455 0.00225279 1.56381 0.00072029
875.4 0.913024 2.44518 0.002245 1.56371 0.000717847
876.1 0.91304 2.44486 0.00223729 1.5636 0.000715427
876.8 0.913055 2.44454 0.00222965 1.5635 0.000713032
877.5 0.913071 2.44422 0.0022221 1.5634 0.000710661
878.2 0.913086 2.4439 0.00221462 1.5633 0.000708315
878.9 0.913101 2.44359 0.00220722 1.5632 0.000705994
879.6 0.913117 2.44328 0.0021999 1.5631 0.000703698
880.3 0.913132 2.44297 0.00219266 1.563 0.000701428
881 0.913147 2.44266 0.00218551 1.5629 0.000699184
881.7 0.913162 2.44235 0.00217844 1.5628 0.000696966
882.4 0.913176 2.44204 0.00217145 1.5627 0.000694774
883.1 0.913191 2.44174 0.00216455 1.56261 0.000692609
883.8 0.913206 2.44143 0.00215773 1.56251 0.000690471
884.5 0.913221 2.44113 0.002151 1.56241 0.00068836
885.2 0.913235 2.44083 0.00214436 1.56231 0.000686276
885.9 0.913249 2.44053 0.0021378 1.56222 0.00068422
886.6 0.913264 2.44023 0.00213134 1.56212 0.000682192
887.3 0.913278 2.43993 0.00212496 1.56203 0.000680191
888 0.913292 2.43964 0.00211867 1.56193 0.000678219
888.7 0.913306 2.43934 0.00211247 1.56184 0.000676275
889.4 0.913321 2.43905 0.00210635 1.56175 0.000674359
890.1 0.913335 2.43876 0.00210033 1.56165 0.000672472
890.8 0.913348 2.43847 0.00209441 1.56156 0.000670613
891.5 0.913362 2.43818 0.00208857 1.56147 0.000668784
892.2 0.913376 2.43789 0.00208282 1.56138 0.000666983
892.9 0.91339 2.43761 0.00207717 1.56128 0.000665211
893.6 0.913403 2.43732 0.0020716 1.56119 0.000663466
894.3 0.913417 2.43704 0.00206612 1.5611 0.000661749
895 0.91343 2.43676 0.00206072 1.56101 0.000660058
895.7 0.913444 2.43648 0.0020554 1.56092 0.000658391
896.4 0.913457 2.4362 0.00205015 1.56083 0.000656749
897.1 0.91347 2.43593 0.00204498 1.56075 0.00065513
897.8 0.913483 2.43565 0.00203988 1.56066 0.000653534
898.5 0.913496 2.43537 0.00203485 1.56057 0.000651959
899.2 0.913509 2.4351 0.00202989 1.56048 0.000650405
899.9 0.913522 2.43483 0.00202499 1.56039 0.000648871
900.6 0.913535 2.43456 0.00202015 1.56031 0.000647357
901.3 0.913548 2.43429 0.00201537 1.56022 0.000645861
902 0.913561 2.43402 0.00201065 1.56013 0.000644383
902.7 0.913574 2.43375 0.00200598 1.56005 0.000642921
903.4 0.913586 2.43349 0.00200136 1.55996 0.000641477
904.1 0.913599 2.43322 0.00199679 1.55988 0.000640048
904.8 0.913611 2.43296 0.00199228 1.55979 0.000638634
905.5 0.913624 2.4327 0.0019878 1.55971 0.000637234
906.2 0.913636 2.43243 0.00198337 1.55963 0.000635849
906.9 0.913648 2.43217 0.00197898 1.55954 0.000634476
907.6 0.913661 2.43191 0.00197464 1.55946 0.000633115
908.3 0.913673 2.43166 0.00197032 1.55938 0.000631767
909 0.913685 2.4314 0.00196605 1.55929 0.000630429
909.7 0.913697 2.43114 0.00196181 1.55921 0.000629103
910.4 0.913709 2.43089 0.0019576 1.55913 0.000627786
911.1 0.913721 2.43063 0.00195342 1.55905 0.000626479
911.8 0.913733 2.43038 0.00194927 1.55897 0.000625181
912.5 0.913745 2.43013 0.00194515 1.55889 0.000623891
913.2 0.913757 2.42988 0.00194105 1.55881 0.000622609
913.9 0.913769 2.42963 0.00193698 1.55873 0.000621335
914.6 0.913781 2.42938 0.00193293 1.55865 0.000620067
915.3 0.913793 2.42913 0.0019289 1.55857 0.000618806
916 0.913804 2.42888 0.00192489 1.55849 0.00061755
916.7 0.913816 2.42863 0.00192089 1.55841 0.0006163
917.4 0.913828 2.42839 0.00191692 1.55833 0.000615055
918.1 0.913839 2.42814 0.00191295 1.55825 0.000613815
918.8 0.913851 2.4279 0.001909 1.55817 0.000612578
919.5 0.913862 2.42766 0.00190507 1.55809 0.000611345
920.2 0.913874 2.42741 0.00190114 1.55802 0.000610116
920.9 0.913885 2.42717 0.00189722 1.55794 0.000608889
921.6 0.913896 2.42693 0.00189331 1.55786 0.000607664
922.3 0.913908 2.42669 0.00188941 1.55778 0.000606442
923 0.913919 2.42645 0.00188551 1.55771 0.000605221
923.7 0.91393 2.42622 0.00188162 1.55763 0.000604001
924.4 0.913941 2.42598 0.00187773 1.55756 0.000602782
925.1 0.913952 2.42574 0.00187385 1.55748 0.000601564
925.8 0.913964 2.42551 0.00186996 1.5574 0.000600346
926.5 0.913975 2.42527 0.00186608 1.55733 0.000599127
927.2 0.913986 2.42504 0.00186219 1.55725 0.000597908
927.9 0.913997 2.42481 0.0018583 1.55718 0.000596688
928.6 0.914008 2.42457 0.00185441 1.5571 0.000595467
929.3 0.914019 2.42434 0.00185051 1.55703 0.000594245
930 0.91403 2.42411 0.00184661 1.55696 0.000593021
930.7 0.91404 2.42388 0.00184271 1.55688 0.000591794
931.4 0.914051 2.42365 0.00183879 1.55681 0.000590565
932.1 0.914062 2.42342 0.00183487 1.55674 0.000589334
932.8 0.914073 2.4232 0.00183094 1.55666 0.000588099
933.5 0.914084 2.42297 0.00182701 1.55659 0.000586862
934.2 0.914094 2.42274 0.00182306 1.55652 0.000585621
934.9 0.914105 2.42252 0.0018191 1.55644 0.000584376
935.6 0.914116 2.42229 0.00181512 1.55637 0.000583127
936.3 0.914126 2.42207 0.00181114 1.5563 0.000581874
937 0.914137 2.42184 0.00180714 1.55623 0.000580616
937.7 0.914147 2.42162 0.00180313 1.55616 0.000579354
938.4 0.914158 2.4214 0.0017991 1.55608 0.000578087
939.1 0.914168 2.42117 0.00179506 1.55601 0.000576814
939.8 0.914179 2.42095 0.001791 1.55594 0.000575536
940.5 0.914189 2.42073 0.00178693 1.55587 0.000574253
941.2 0.9142 2.42051 0.00178283 1.5558 0.000572964
941.9 0.91421 2.42029 0.00177872 1.55573 0.000571669
942.6 0.91422 2.42007 0.0017746 1.55566 0.000570368
943.3 0.914231 2.41986 0.00177045 1.55559 0.00056906
944 0.914241 2.41964 0.00176628 1.55552 0.000567746
944.7 0.914251 2.41942 0.00176209 1.55545 0.000566425
945.4 0.914262 2.41921 0.00175788 1.55538 0.000565098
946.1 0.914272 2.41899 0.00175365 1.55531 0.000563763
946.8 0.914282 2.41878 0.0017494 1.55524 0.000562421
947.5 0.914292 2.41856 0.00174513 1.55517 0.000561072
948.2 0.914302 2.41835 0.00174083 1.5551 0.000559715
948.9 0.914313 2.41813 0.00173651 1.55503 0.000558351
949.6 0.914323 2.41792 0.00173217 1.55497 0.000556979
950.3 0.914333 2.41771 0.0017278 1.5549 0.000555599
951 0.914343 2.4175 0.00172341 1.55483 0.000554211
951.7 0.914353 2.41728 0.00171899 1.55476 0.000552815
952.4 0.914363 2.41707 0.00171455 1.55469 0.00055141
953.1 0.914373 2.41686 0.00171008 1.55463 0.000549997
953.8 0.914383 2.41665 0.00170559 1.55456 0.000548576
954.5 0.914393 2.41644 0.00170107 1.55449 0.000547146
955.2 0.914403 2.41624 0.00169652 1.55442 0.000545707
955.9 0.914413 2.41603 0.00169195 1.55436 0.00054426
956.6 0.914423 2.41582 0.00168735 1.55429 0.000542803
957.3 0.914432 2.41561 0.00168272 1.55422 0.000541338
958 0.914442 2.41541 0.00167807 1.55416 0.000539863
958.7 0.914452 2.4152 0.00167338 1.55409 0.000538379
959.4 0.914462 2.415 0.00166867 1.55403 0.000536886
960.1 0.914472 2.41479 0.00166393 1.55396 0.000535384
960.8 0.914481 2.41459 0.00165916 1.55389 0.000533872
961.5 0.914491 2.41438 0.00165436 1.55383 0.000532351
962.2 0.914501 2.41418 0.00164954 1.55376 0.00053082
962.9 0.914511 2.41397 0.00164468 1.5537 0.000529279
963.6 0.91452 2.41377 0.00163979 1.55363 0.000527729
964.3 0.91453 2.41357 0.00163488 1.55357 0.000526169
965 0.91454 2.41337 0.00162993 1.5535 0.0005246
965.7 0.914549 2.41317 0.00162496 1.55344 0.00052302
966.4 0.914559 2.41297 0.00161995 1.55337 0.00052143
967.1 0.914568 2.41276 0.00161492 1.55331 0.000519831
967.8 0.914578 2.41256 0.00160985 1.55324 0.000518222
968.5 0.914588 2.41237 0.00160475 1.55318 0.000516602
969.2 0.914597 2.41217 0.00159962 1.55312 0.000514973
969.9 0.914607 2.41197 0.00159447 1.55305 0.000513333
970.6 0.914616 2.41177 0.00158928 1.55299 0.000511683
971.3 0.914626 2.41157 0.00158406 1.55292 0.000510024
972 0.914635 2.41137 0.0015788 1.55286 0.000508354
972.7 0.914645 2.41118 0.00157352 1.5528 0.000506673
973.4 0.914654 2.41098 0.00156821 1.55273 0.000504983
974.1 0.914663 2.41078 0.00156286 1.55267 0.000503282
974.8 0.914673 2.41059 0.00155749 1.55261 0.000501571
975.5 0.914682 2.41039 0.00155208 1.55254 0.00049985
976.2 0.914692 2.4102 0.00154664 1.55248 0.000498119
976.9 0.914701 2.41 0.00154117 1.55242 0.000496377
977.6 0.91471 2.40981 0.00153567 1.55236 0.000494625
978.3 0.91472 2.40962 0.00153014 1.55229 0.000492863
979 0.914729 2.40942 0.00152457 1.55223 0.00049109
979.7 0.914738 2.40923 0.00151898 1.55217 0.000489307
980.4 0.914748 2.40904 0.00151335 1.55211 0.000487514
981.1 0.914757 2.40885 0.00150769 1.55205 0.000485711
981.8 0.914766 2.40865 0.001502 1.55198 0.000483897
982.5 0.914775 2.40846 0.00149628 1.55192 0.000482073
983.2 0.914785 2.40827 0.00149053 1.55186 0.000480239
983.9 0.914794 2.40808 0.00148475 1.5518 0.000478395
984.6 0.914803 2.40789 0.00147893 1.55174 0.00047654
985.3 0.914812 2.4077 0.00147309 1.55168 0.000474677
986 0.914821 2.40751 0.00146722 1.55162 0.000472804
986.7 0.91483 2.40732 0.00146133 1.55155 0.000470924
987.4 0.91484 2.40713 0.00145541 1.55149 0.000469036
988.1 0.914849 2.40695 0.00144948 1.55143 0.000467142
988.8 0.914858 2.40676 0.00144353 1.55137 0.000465243
989.5 0.914867 2.40657 0.00143757 1.55131 0.00046334
990.2 0.914876 2.40638 0.00143159 1.55125 0.000461432
990.9 0.914885 2.4062 0.00142561 1.55119 0.000459521
991.6 0.914894 2.40601 0.00141962 1.55113 0.000457608
992.3 0.914903 2.40582 0.00141362 1.55107 0.000455693
993 0.914912 2.40564 0.00140762 1.55101 0.000453776
993.7 0.914921 2.40545 0.00140163 1.55095 0.00045186
994.4 0.91493 2.40527 0.00139563 1.55089 0.000449943
995.1 0.914939 2.40508 0.00138963 1.55083 0.000448028
995.8 0.914948 2.4049 0.00138364 1.55077 0.000446114
996.5 0.914957 2.40471 0.00137766 1.55071 0.000444203
997.2 0.914966 2.40453 0.00137169 1.55065 0.000442294
997.9 0.914974 2.40435 0.00136573 1.5506 0.000440388
998.6 0.914983 2.40416 0.00135978 1.55054 0.000438487
999.3 0.914992 2.40398 0.00135385 1.55048 0.00043659
1000 0.915001 2.4038 0.00134793 1.55042 0.000434698
