# Z_nm	Fit_totale_conteggi	Gauss1_conteggi	Gauss2_conteggi
0.000000	8.225940	5.556302	2.669638
0.017372	8.508495	5.776002	2.732493
0.034745	8.800309	6.003628	2.796681
0.052117	9.101659	6.239432	2.862227
0.069490	9.412831	6.483675	2.929156
0.086862	9.734117	6.736623	2.997494
0.104234	10.065817	6.998552	3.067265
0.121607	10.408238	7.269742	3.138496
0.138979	10.761695	7.550482	3.211213
0.156352	11.126511	7.841068	3.285443
0.173724	11.503017	8.141804	3.361213
0.191096	11.891553	8.453002	3.438551
0.208469	12.292464	8.774980	3.517484
0.225841	12.706107	9.108067	3.598040
0.243214	13.132846	9.452597	3.680249
0.260586	13.573054	9.808915	3.764139
0.277958	14.027113	10.177373	3.849740
0.295331	14.495412	10.558331	3.937082
0.312703	14.978353	10.952159	4.026194
0.330075	15.476342	11.359234	4.117108
0.347448	15.989800	11.779945	4.209855
0.364820	16.519153	12.214687	4.304465
0.382193	17.064838	12.663867	4.400972
0.399565	17.627304	13.127897	4.499407
0.416937	18.207006	13.607204	4.599802
0.434310	18.804412	14.102220	4.702192
0.451682	19.419999	14.613390	4.806609
0.469055	20.054255	15.141167	4.913088
0.486427	20.707676	15.686013	5.021663
0.503799	21.380772	16.248403	5.132369
0.521172	22.074061	16.828820	5.245241
0.538544	22.788074	17.427759	5.360315
0.555917	23.523349	18.045723	5.477626
0.573289	24.280440	18.683228	5.597212
0.590661	25.059909	19.340799	5.719110
0.608034	25.862330	20.018973	5.843356
0.625406	26.688287	20.718297	5.969990
0.642779	27.538377	21.439329	6.099048
0.660151	28.413209	22.182639	6.230570
0.677523	29.313402	22.948806	6.364596
0.694896	30.239587	23.738423	6.501164
0.712268	31.192408	24.552093	6.640315
0.729641	32.172519	25.390429	6.782090
0.747013	33.180587	26.254059	6.926529
0.764385	34.217292	27.143618	7.073674
0.781758	35.283323	28.059756	7.223567
0.799130	36.379384	29.003134	7.376250
0.816503	37.506190	29.974424	7.531766
0.833875	38.664469	30.974310	7.690159
0.851247	39.854959	32.003488	7.851472
0.868620	41.078414	33.062665	8.015749
0.885992	42.335596	34.152562	8.183035
0.903364	43.627284	35.273909	8.353375
0.920737	44.954264	36.427450	8.526814
0.938109	46.317340	37.613940	8.703400
0.955482	47.717324	38.834147	8.883177
0.972854	49.155043	40.088849	9.066194
0.990226	50.631334	41.378837	9.252496
1.007599	52.147048	42.704914	9.442134
1.024971	53.703048	44.067895	9.635153
1.042344	55.300209	45.468605	9.831604
1.059716	56.939419	46.907884	10.031535
1.077088	58.621576	48.386579	10.234997
1.094461	60.347593	49.905554	10.442039
1.111833	62.118392	51.465681	10.652711
1.129206	63.934909	53.067844	10.867065
1.146578	65.798090	54.712938	11.085152
1.163950	67.708895	56.401871	11.307025
1.181323	69.668294	58.135560	11.532734
1.198695	71.677268	59.914935	11.762334
1.216068	73.736811	61.740934	11.995877
1.233440	75.847926	63.614509	12.233416
1.250812	78.011628	65.536621	12.475007
1.268185	80.228942	67.508240	12.720703
1.285557	82.500907	69.530348	12.970559
1.302930	84.828567	71.603937	13.224630
1.320302	87.212980	73.730007	13.482973
1.337674	89.655212	75.909569	13.745643
1.355047	92.156341	78.143644	14.012697
1.372419	94.717451	80.433259	14.284192
1.389791	97.339638	82.779453	14.560186
1.407164	100.024006	85.183271	14.840735
1.424536	102.771667	87.645769	15.125898
1.441909	105.583742	90.168008	15.415734
1.459281	108.461360	92.751058	15.710302
1.476653	111.405657	95.395996	16.009660
1.494026	114.417776	98.103907	16.313869
1.511398	117.498868	100.875879	16.622989
1.528771	120.650090	103.713011	16.937079
1.546143	123.872605	106.616404	17.256201
1.563515	127.167582	109.587165	17.580416
1.580888	130.536194	112.626409	17.909785
1.598260	133.979621	115.735251	18.244370
1.615633	137.499046	118.914813	18.584233
1.633005	141.095656	122.166219	18.929437
1.650377	144.770641	125.490597	19.280044
1.667750	148.525195	128.889078	19.636117
1.685122	152.360514	132.362795	19.997719
1.702495	156.277796	135.912880	20.364915
1.719867	160.278239	139.540470	20.737768
1.737239	164.363043	143.246700	21.116343
1.754612	168.533408	147.032705	21.500703
1.771984	172.790534	150.899620	21.890914
1.789357	177.135619	154.848579	22.287040
1.806729	181.569860	158.880713	22.689147
1.824101	186.094451	162.997151	23.097301
1.841474	190.710584	167.199019	23.511566
1.858846	195.419447	171.487439	23.932008
1.876219	200.222223	175.863528	24.358695
1.893591	205.120090	180.328398	24.791691
1.910963	210.114221	184.883157	25.231065
1.928336	215.205784	189.528903	25.676881
1.945708	220.395935	194.266729	26.129207
1.963080	225.685828	199.097718	26.588110
1.980453	231.076604	204.022948	27.053656
1.997825	236.569396	209.043481	27.525914
2.015198	242.165326	214.160376	28.004950
2.032570	247.865506	219.374674	28.490832
2.049942	253.671035	224.687408	28.983627
2.067315	259.583000	230.099597	29.483403
2.084687	265.602473	235.612246	29.990227
2.102060	271.730514	241.226346	30.504168
2.119432	277.968164	246.942873	31.025292
2.136804	284.316452	252.762785	31.553667
2.154177	290.776386	258.687024	32.089362
2.171549	297.348958	264.716514	32.632444
2.188922	304.035140	270.852161	33.182980
2.206294	310.835886	277.094848	33.741038
2.223666	317.752127	283.445441	34.306687
2.241039	324.784774	289.904782	34.879992
2.258411	331.934713	296.473690	35.461023
2.275784	339.202809	303.152963	36.049846
2.293156	346.589901	309.943372	36.646528
2.310528	354.096801	316.845664	37.251137
2.327901	361.724298	323.860558	37.863740
2.345273	369.473151	330.988748	38.484403
2.362646	377.344091	338.230898	39.113193
2.380018	385.337819	345.587642	39.750177
2.397390	393.455006	353.059586	40.395420
2.414763	401.696292	360.647303	41.048989
2.432135	410.062285	368.351335	41.710950
2.449508	418.553558	376.172191	42.381367
2.466880	427.170649	384.110343	43.060307
2.484252	435.914064	392.166231	43.747833
2.501625	444.784270	400.340259	44.444011
2.518997	453.781697	408.632792	45.148906
2.536369	462.906737	417.044158	45.862579
2.553742	472.159742	425.574646	46.585097
2.571114	481.541025	434.224505	47.316520
2.588487	491.050857	442.993944	48.056912
2.605859	500.689466	451.883129	48.806336
2.623231	510.457038	460.892185	49.564853
2.640604	520.353715	470.021191	50.332524
2.657976	530.379593	479.270182	51.109411
2.675349	540.534723	488.639150	51.895573
2.692721	550.819109	498.128039	52.691070
2.710093	561.232706	507.736744	53.495961
2.727466	571.775422	517.465116	54.310306
2.744838	582.447115	527.312953	55.134162
2.762211	593.247592	537.280005	55.967587
2.779583	604.176609	547.365973	56.810636
2.796955	615.233872	557.570504	57.663367
2.814328	626.419030	567.893195	58.525835
2.831700	637.731682	578.333588	59.398095
2.849073	649.171372	588.891173	60.280200
2.866445	660.737587	599.565384	61.172203
2.883817	672.429761	610.355603	62.074157
2.901190	684.247268	621.261153	62.986115
2.918562	696.189427	632.281302	63.908125
2.935935	708.255500	643.415261	64.840240
2.953307	720.444688	654.662182	65.782506
2.970679	732.756135	666.021161	66.734974
2.988052	745.188923	677.491233	67.697689
3.005424	757.742076	689.071376	68.670699
3.022796	770.414556	700.760506	69.654049
3.040169	783.205263	712.557480	70.647783
3.057541	796.113039	724.461093	71.651945
3.074914	809.136658	736.470081	72.666577
3.092286	822.274837	748.583117	73.691720
3.109658	835.526226	760.798811	74.727415
3.127031	848.889414	773.115714	75.773700
3.144403	862.362925	785.532311	76.830614
3.161776	875.945222	798.047028	77.898194
3.179148	889.634700	810.658225	78.976475
3.196520	903.429692	823.364201	80.065491
3.213893	917.328467	836.163190	81.165277
3.231265	931.329229	849.053365	82.275864
3.248638	945.430117	862.032834	83.397283
3.266010	959.629205	875.099642	84.529563
3.283382	973.924504	888.251772	85.672732
3.300755	988.313960	901.487142	86.826818
3.318127	1002.795454	914.803608	87.991846
3.335500	1017.366802	928.198963	89.167839
3.352872	1032.025757	941.670936	90.354821
3.370244	1046.770009	955.217196	91.552813
3.387617	1061.597182	968.835348	92.761834
3.404989	1076.504839	982.522936	93.981903
3.422362	1091.490477	996.277441	95.213036
3.439734	1106.551535	1010.096286	96.455249
3.457106	1121.685385	1023.976829	97.708556
3.474479	1136.889340	1037.916372	98.972968
3.491851	1152.160651	1051.912155	100.248496
3.509224	1167.496509	1065.961360	101.535150
3.526596	1182.894046	1080.061111	102.832935
3.543968	1198.350332	1094.208473	104.141859
3.561341	1213.862381	1108.400457	105.461924
3.578713	1229.427148	1122.634014	106.793134
3.596085	1245.041530	1136.906043	108.135487
3.613458	1260.702371	1151.213387	109.488984
3.630830	1276.406457	1165.552835	110.853622
3.648203	1292.150520	1179.921126	112.229394
3.665575	1307.931240	1194.314946	113.616295
3.682947	1323.745245	1208.730929	115.014316
3.700320	1339.589108	1223.165662	116.423446
3.717692	1355.459358	1237.615683	117.843674
3.735065	1371.352469	1252.077484	119.274986
3.752437	1387.264873	1266.547509	120.717364
3.769809	1403.192950	1281.022159	122.170791
3.787182	1419.133041	1295.497793	123.635248
3.804554	1435.081437	1309.970726	125.110711
3.821927	1451.034391	1324.437233	126.597158
3.839299	1466.988114	1338.893553	128.094562
3.856671	1482.938777	1353.335883	129.602895
3.874044	1498.882514	1367.760387	131.122127
3.891416	1514.815420	1382.163195	132.652225
3.908789	1530.733559	1396.540402	134.193157
3.926161	1546.632959	1410.888075	135.744884
3.943533	1562.509618	1425.202249	137.307369
3.960906	1578.359504	1439.478932	138.880571
3.978278	1594.178555	1453.714107	140.464448
3.995651	1609.962686	1467.903733	142.058953
4.013023	1625.707786	1482.043745	143.664041
4.030395	1641.409720	1496.130058	145.279661
4.047768	1657.064334	1510.158571	146.905763
4.065140	1672.667455	1524.125163	148.542292
4.082513	1688.214893	1538.025701	150.189192
4.099885	1703.702441	1551.856036	151.846405
4.117257	1719.125883	1565.612013	153.513870
4.134630	1734.480989	1579.289464	155.191525
4.152002	1749.763520	1592.884216	156.879304
4.169374	1764.969233	1606.392093	158.577140
4.186747	1780.093876	1619.808913	160.284962
4.204119	1795.133197	1633.130498	162.002700
4.221492	1810.082944	1646.352667	163.730277
4.238864	1824.938865	1659.471247	165.467618
4.256236	1839.696712	1672.482068	167.214644
4.273609	1854.352244	1685.380972	168.971272
4.290981	1868.901225	1698.163806	170.737419
4.308354	1883.339434	1710.826436	172.512998
4.325726	1897.662658	1723.364737	174.297921
4.343098	1911.866701	1735.774604	176.092097
4.360471	1925.947383	1748.051951	177.895432
4.377843	1939.900544	1760.192714	179.707830
4.395216	1953.722045	1772.192852	181.529193
4.412588	1967.407769	1784.048349	183.359420
4.429960	1980.953626	1795.755218	185.198409
4.447333	1994.355555	1807.309503	187.046053
4.464705	2007.609523	1818.707279	188.902244
4.482078	2020.711531	1829.944659	190.766873
4.499450	2033.657614	1841.017788	192.639825
4.516822	2046.443842	1851.922855	194.520987
4.534195	2059.066327	1862.656087	196.410241
4.551567	2071.521221	1873.213756	198.307465
4.568940	2083.804718	1883.592180	200.212538
4.586312	2095.913059	1893.787724	202.125335
4.603684	2107.842532	1903.796803	204.045729
4.621057	2119.589473	1913.615884	205.973589
4.638429	2131.150272	1923.241488	207.908784
4.655802	2142.521372	1932.670194	209.851179
4.673174	2153.699272	1941.898635	211.800636
4.690546	2164.680527	1950.923509	213.757017
4.707919	2175.461754	1959.741573	215.720180
4.725291	2186.039630	1968.349649	217.689981
4.742663	2196.410897	1976.744624	219.666273
4.760036	2206.572362	1984.923454	221.648908
4.777408	2216.520899	1992.883166	223.637733
4.794781	2226.253451	2000.620854	225.632597
4.812153	2235.767033	2008.133690	227.633342
4.829525	2245.058730	2015.418919	229.639811
4.846898	2254.125706	2022.473863	231.651843
4.864270	2262.965196	2029.295920	233.669276
4.881643	2271.574516	2035.882572	235.691943
4.899015	2279.951059	2042.231380	237.719680
4.916387	2288.092301	2048.339987	239.752314
4.933760	2295.995798	2054.206123	241.789676
4.951132	2303.659192	2059.827601	243.831590
4.968505	2311.080206	2065.202325	245.877881
4.985877	2318.256653	2070.328282	247.928371
5.003249	2325.186433	2075.203555	249.982878
5.020622	2331.867533	2079.826312	252.041221
5.037994	2338.298032	2084.194818	254.103214
5.055367	2344.476098	2088.307427	256.168671
5.072739	2350.399994	2092.162591	258.237403
5.090111	2356.068072	2095.758853	260.309219
5.107484	2361.478782	2099.094857	262.383926
5.124856	2366.630667	2102.169339	264.461328
5.142229	2371.522366	2104.981136	266.541230
5.159601	2376.152615	2107.529183	268.623432
5.176973	2380.520246	2109.812512	270.707733
5.194346	2384.624189	2111.830258	272.793932
5.211718	2388.463475	2113.581653	274.881822
5.229090	2392.037231	2115.066033	276.971198
5.246463	2395.344684	2116.282833	279.061851
5.263835	2398.385161	2117.231589	281.153572
5.281208	2401.158090	2117.911941	283.246149
5.298580	2403.662998	2118.323630	285.339368
5.315952	2405.899513	2118.466499	287.433014
5.333325	2407.867365	2118.340494	289.526871
5.350697	2409.566382	2117.945663	291.620719
5.368070	2410.996495	2117.282155	293.714340
5.385442	2412.157735	2116.350224	295.807511
5.402814	2413.050234	2115.150225	297.900010
5.420187	2413.674224	2113.682613	299.991611
5.437559	2414.030036	2111.947947	302.082090
5.454932	2414.118103	2109.946886	304.171218
5.472304	2413.938956	2107.680190	306.258767
5.489676	2413.493226	2105.148720	308.344506
5.507049	2412.781641	2102.353435	310.428205
5.524421	2411.805027	2099.295396	312.509631
5.541794	2410.564310	2095.975760	314.588550
5.559166	2409.060509	2092.395782	316.664727
5.576538	2407.294741	2088.556816	318.737925
5.593911	2405.268219	2084.460310	320.807909
5.611283	2402.982246	2080.107807	322.874439
5.628656	2400.438223	2075.500947	324.937276
5.646028	2397.637641	2070.641460	326.996180
5.663400	2394.582081	2065.531171	329.050911
5.680773	2391.273217	2060.171992	331.101225
5.698145	2387.712811	2054.565930	333.146881
5.715518	2383.902711	2048.715077	335.187634
5.732890	2379.844853	2042.621612	337.223241
5.750262	2375.541259	2036.287802	339.253456
5.767635	2370.994032	2029.715998	341.278035
5.785007	2366.205362	2022.908632	343.296730
5.802379	2361.177516	2015.868220	345.309296
5.819752	2355.912841	2008.597357	347.315484
5.837124	2350.413765	2001.098717	349.315047
5.854497	2344.682788	1993.375049	351.307738
5.871869	2338.722488	1985.429179	353.293308
5.889241	2332.535514	1977.264006	355.271508
5.906614	2326.124589	1968.882499	357.242090
5.923986	2319.492503	1960.287699	359.204804
5.941359	2312.642114	1951.482714	361.159401
5.958731	2305.576348	1942.470717	363.105632
5.976103	2298.298194	1933.254947	365.043247
5.993476	2290.810702	1923.838704	366.971998
6.010848	2283.116984	1914.225350	368.891635
6.028221	2275.220210	1904.418302	370.801908
6.045593	2267.123607	1894.421037	372.702570
6.062965	2258.830454	1884.237084	374.593370
6.080338	2250.344087	1873.870024	376.474062
6.097710	2241.667887	1863.323490	378.344397
6.115083	2232.805287	1852.601161	380.204126
6.132455	2223.759765	1841.706762	382.053003
6.149827	2214.534844	1830.644062	383.890782
6.167200	2205.134087	1819.416872	385.717215
6.184572	2195.561100	1808.029042	387.532058
6.201945	2185.819523	1796.484458	389.335065
6.219317	2175.913036	1784.787044	391.125992
6.236689	2165.845349	1772.940752	392.904596
6.254062	2155.620204	1760.949569	394.670635
6.271434	2145.241374	1748.817508	396.423865
6.288807	2134.712656	1736.548608	398.164048
6.306179	2124.037875	1724.146933	399.890942
6.323551	2113.220877	1711.616568	401.604309
6.340924	2102.265527	1698.961616	403.303912
6.358296	2091.175712	1686.186199	404.989513
6.375668	2079.955332	1673.294454	406.660879
6.393041	2068.608303	1660.290530	408.317773
6.410413	2057.138551	1647.178586	409.959965
6.427786	2045.550014	1633.962792	411.587222
6.445158	2033.846635	1620.647320	413.199315
6.462530	2022.032365	1607.236351	414.796015
6.479903	2010.111157	1593.734062	416.377095
6.497275	1998.086966	1580.144636	417.942330
6.514648	1985.963746	1566.472250	419.491496
6.532020	1973.745448	1552.721076	421.024372
6.549392	1961.436018	1538.895282	422.540736
6.566765	1949.039397	1524.999026	424.040371
6.584137	1936.559515	1511.036455	425.523060
6.601510	1924.000293	1497.011705	426.988588
6.618882	1911.365639	1482.928896	428.436743
6.636254	1898.659445	1468.792132	429.867313
6.653627	1885.885589	1454.605499	431.280091
6.670999	1873.047930	1440.373061	432.674869
6.688372	1860.150306	1426.098863	434.051443
6.705744	1847.196533	1411.786923	435.409610
6.723116	1834.190407	1397.441235	436.749172
6.740489	1821.135694	1383.065764	438.069930
6.757861	1808.036135	1368.664447	439.371689
6.775234	1794.895444	1354.241189	440.654255
6.792606	1781.717304	1339.799864	441.917440
6.809978	1768.505364	1325.344310	443.161054
6.827351	1755.263242	1310.878330	444.384912
6.844723	1741.994522	1296.405691	445.588831
6.862095	1728.702750	1281.930118	446.772632
6.879468	1715.391435	1267.455298	447.936137
6.896840	1702.064046	1252.984877	449.079170
6.914213	1688.724015	1238.522455	450.201560
6.931585	1675.374730	1224.071591	451.303138
6.948957	1662.019534	1209.635797	452.383737
6.966330	1648.661731	1195.218537	453.443194
6.983702	1635.304577	1180.823228	454.481349
7.001075	1621.951281	1166.453238	455.498043
7.018447	1608.605006	1152.111884	456.493122
7.035819	1595.268867	1137.802432	457.466435
7.053192	1581.945928	1123.528094	458.417834
7.070564	1568.639205	1109.292032	459.347173
7.087937	1555.351660	1095.097351	460.254309
7.105309	1542.086207	1080.947101	461.139105
7.122681	1528.845702	1066.844277	462.001425
7.140054	1515.632952	1052.791816	462.841136
7.157426	1502.450707	1038.792599	463.658108
7.174799	1489.301665	1024.849447	464.452218
7.192171	1476.188464	1010.965123	465.223341
7.209543	1463.113690	997.142331	465.971359
7.226916	1450.079871	983.383714	466.696157
7.244288	1437.089477	969.691854	467.397623
7.261661	1424.144922	956.069274	468.075648
7.279033	1411.248560	942.518434	468.730126
7.296405	1398.402689	929.041731	469.360958
7.313778	1385.609547	915.641504	469.968044
7.331150	1372.871314	902.320024	470.551290
7.348523	1360.190110	889.079504	471.110606
7.365895	1347.567996	875.922091	471.645905
7.383267	1335.006975	862.849871	472.157103
7.400640	1322.508987	849.864866	472.644121
7.418012	1310.075917	836.969034	473.106883
7.435384	1297.709587	824.164271	473.545316
7.452757	1285.411762	811.452409	473.959353
7.470129	1273.184144	798.835216	474.348928
7.487502	1261.028379	786.314399	474.713980
7.504874	1248.946053	773.891600	475.054453
7.522246	1236.938692	761.568400	475.370293
7.539619	1225.007764	749.346314	475.661451
7.556991	1213.154678	737.226798	475.927881
7.574364	1201.380785	725.211244	476.169541
7.591736	1189.687377	713.300984	476.386394
7.609108	1178.075690	701.497285	476.578405
7.626481	1166.546901	689.801357	476.745545
7.643853	1155.102132	678.214345	476.887787
7.661226	1143.742447	666.737338	477.005108
7.678598	1132.468854	655.371362	477.097492
7.695970	1121.282307	644.117385	477.164922
7.713343	1110.183704	632.976316	477.207389
7.730715	1099.173890	621.949005	477.224885
7.748088	1088.253653	611.036245	477.217408
7.765460	1077.423731	600.238772	477.184960
7.782832	1066.684809	589.557265	477.127544
7.800205	1056.037519	578.992347	477.045171
7.817577	1045.482442	568.544588	476.937853
7.834950	1035.020109	558.214501	476.805607
7.852322	1024.651001	548.002546	476.648454
7.869694	1014.375549	537.909131	476.466418
7.887067	1004.194139	527.934610	476.259529
7.904439	994.107105	518.079288	476.027817
7.921812	984.114738	508.343417	475.771321
7.939184	974.217280	498.727201	475.490079
7.956556	964.414930	489.230794	475.184136
7.973929	954.707842	479.854302	474.853540
7.991301	945.096127	470.597784	474.498343
8.008673	935.579853	461.461253	474.118600
8.026046	926.159047	452.444676	473.714371
8.043418	916.833693	443.547975	473.285718
8.060791	907.603739	434.771030	472.832709
8.078163	898.469090	426.113676	472.355414
8.095535	889.429616	417.575707	471.853908
8.112908	880.485147	409.156878	471.328269
8.130280	871.635480	400.856901	470.778579
8.147653	862.880374	392.675451	470.204923
8.165025	854.219555	384.612164	469.607391
8.182397	845.652715	376.666639	468.986075
8.199770	837.179513	368.838441	468.341072
8.217142	828.799578	361.127096	467.672482
8.234515	820.512507	353.532098	466.980409
8.251887	812.317868	346.052909	466.264959
8.269259	804.215200	338.688957	465.526243
8.286632	796.204014	331.439638	464.764376
8.304004	788.283794	324.304320	463.979475
8.321377	780.454000	317.282339	463.171661
8.338749	772.714063	310.373005	462.341058
8.356121	765.063394	303.575600	461.487793
8.373494	757.501379	296.889379	460.611999
8.390866	750.027381	290.313571	459.713810
8.408239	742.640744	283.847382	458.793362
8.425611	735.340790	277.489993	457.850797
8.442983	728.126821	271.240563	456.886259
8.460356	720.998123	265.098228	455.899895
8.477728	713.953960	259.062106	454.891854
8.495101	706.993583	253.131292	453.862291
8.512473	700.116226	247.304864	452.811362
8.529845	693.321107	241.581880	451.739226
8.547218	686.607430	235.961384	450.646046
8.564590	679.974387	230.442401	449.531986
8.581962	673.421154	225.023940	448.397214
8.599335	666.946900	219.704998	447.241903
8.616707	660.550780	214.484556	446.066224
8.634080	654.231938	209.361583	444.870355
8.651452	647.989511	204.335036	443.654475
8.668824	641.822625	199.403860	442.418765
8.686197	635.730401	194.566991	441.163410
8.703569	629.711951	189.823353	439.888597
8.720942	623.766380	185.171864	438.594516
8.738314	617.892788	180.611431	437.281358
8.755686	612.090271	176.140955	435.949317
8.773059	606.357920	171.759330	434.598590
8.790431	600.694821	167.465444	433.229377
8.807804	595.100059	163.258180	431.841879
8.825176	589.572715	159.136417	430.436298
8.842548	584.111870	155.099028	429.012842
8.859921	578.716603	151.144886	427.571717
8.877293	573.385992	147.272858	426.113134
8.894666	568.119116	143.481811	424.637305
8.912038	562.915054	139.770611	423.144443
8.929410	557.772887	136.138122	421.634765
8.946783	552.691696	132.583209	420.108487
8.964155	547.670566	129.104736	418.565831
8.981528	542.708585	125.701569	417.007016
8.998900	537.804842	122.372576	415.432266
9.016272	532.958432	119.116626	413.841806
9.033645	528.168453	115.932591	412.235862
9.051017	523.434008	112.819346	410.614662
9.068389	518.754204	109.775770	408.978434
9.085762	514.128156	106.800746	407.327411
9.103134	509.554983	103.893160	405.661823
9.120507	505.033810	101.051905	403.981906
9.137879	500.563769	98.275877	402.287892
9.155251	496.144000	95.563981	400.580019
9.172624	491.773649	92.915125	398.858523
9.189996	487.451869	90.328225	397.123644
9.207369	483.177823	87.802203	395.375620
9.224741	478.950681	85.335990	393.614691
9.242113	474.769621	82.928522	391.841100
9.259486	470.633832	80.578744	390.055087
9.276858	466.542508	78.285611	388.256898
9.294231	462.494857	76.048083	386.446774
9.311603	458.490094	73.865132	384.624962
9.328975	454.527442	71.735736	382.791706
9.346348	450.606137	69.658885	380.947252
9.363720	446.725424	67.633577	379.091847
9.381093	442.884558	65.658820	377.225738
9.398465	439.082804	63.733632	375.349172
9.415837	435.319438	61.857041	373.462397
9.433210	431.593748	60.028086	371.565662
9.450582	427.905029	58.245814	369.659215
9.467955	424.252592	56.509287	367.743305
9.485327	420.635755	54.817574	365.818181
9.502699	417.053849	53.169757	363.884093
9.520072	413.506216	51.564928	361.941288
9.537444	409.992209	50.002191	359.990018
9.554817	406.511191	48.480661	358.030531
9.572189	403.062540	46.999464	356.063076
9.589561	399.645641	45.557738	354.087903
9.606934	396.259893	44.154633	352.105260
9.624306	392.904707	42.789311	350.115396
9.641678	389.579503	41.460943	348.118560
9.659051	386.283715	40.168715	346.115000
9.676423	383.016787	38.911823	344.104964
9.693796	379.778174	37.689476	342.088698
9.711168	376.567344	36.500893	340.066451
9.728540	373.383775	35.345308	338.038467
9.745913	370.226958	34.221963	336.004994
9.763285	367.096392	33.130116	333.966276
9.780658	363.991591	32.069033	331.922558
9.798030	360.912078	31.037994	329.874084
9.815402	357.857388	30.036292	327.821096
9.832775	354.827066	29.063228	325.763838
9.850147	351.820669	28.118120	323.702549
9.867520	348.837765	27.200292	321.637472
9.884892	345.877931	26.309085	319.568846
9.902264	342.940757	25.443848	317.496909
9.919637	340.025842	24.603944	315.421898
9.937009	337.132797	23.788746	313.344051
9.954382	334.261241	22.997638	311.263603
9.971754	331.410805	22.230017	309.180788
9.989126	328.581130	21.485291	307.095840
10.006499	325.771867	20.762878	305.008989
10.023871	322.982676	20.062209	302.920467
10.041244	320.213228	19.382725	300.830503
10.058616	317.463202	18.723877	298.739325
10.075988	314.732288	18.085129	296.647159
10.093361	312.020185	17.465955	294.554231
10.110733	309.326601	16.865838	292.460764
10.128106	306.651253	16.284273	290.366980
10.145478	303.993867	15.720767	288.273100
10.162850	301.354177	15.174834	286.179343
10.180223	298.731928	14.646001	284.085927
10.197595	296.126870	14.133803	281.993067
10.214967	293.538763	13.637786	279.900977
10.232340	290.967377	13.157507	277.809870
10.249712	288.412487	12.692531	275.719956
10.267085	285.873878	12.242432	273.631445
10.284457	283.351340	11.806797	271.544544
10.301829	280.844674	11.385217	269.459457
10.319202	278.353686	10.977298	267.376388
10.336574	275.878190	10.582651	265.295540
10.353947	273.418007	10.200896	263.217110
10.371319	270.972964	9.831665	261.141298
10.388691	268.542896	9.474597	259.068299
10.406064	266.127644	9.129337	256.998307
10.423436	263.727056	8.795542	254.931513
10.440809	261.340985	8.472877	252.868108
10.458181	258.969291	8.161012	250.808278
10.475553	256.611839	7.859629	248.752210
10.492926	254.268502	7.568416	246.700086
10.510298	251.939156	7.287067	244.652089
10.527671	249.623684	7.015286	242.608398
10.545043	247.321974	6.752785	240.569188
10.562415	245.033918	6.499282	238.534636
10.579788	242.759415	6.254501	236.504914
10.597160	240.498368	6.018175	234.480193
10.614533	238.250684	5.790044	232.460640
10.631905	236.016275	5.569854	230.446421
10.649277	233.795058	5.357357	228.437701
10.666650	231.586953	5.152313	226.434640
10.684022	229.391887	4.954489	224.437398
10.701394	227.209786	4.763655	222.446131
10.718767	225.040584	4.579590	220.460994
10.736139	222.884218	4.402078	218.482140
10.753512	220.740627	4.230911	216.509717
10.770884	218.609755	4.065882	214.543873
10.788256	216.491549	3.906795	212.584754
10.805629	214.385957	3.753456	210.632501
10.823001	212.292934	3.605678	208.687256
10.840374	210.212434	3.463278	206.749156
10.857746	208.144418	3.326080	204.818337
10.875118	206.088844	3.193912	202.894932
10.892491	204.045678	3.066606	200.979072
10.909863	202.014886	2.944001	199.070885
10.927236	199.996436	2.825939	197.170496
10.944608	197.990298	2.712268	195.278030
10.961980	195.996446	2.602838	193.393608
10.979353	194.014854	2.497507	191.517347
10.996725	192.045498	2.396133	189.649365
11.014098	190.088358	2.298583	187.789775
11.031470	188.143413	2.204725	185.938689
11.048842	186.210645	2.114430	184.096215
11.066215	184.290036	2.027576	182.262460
11.083587	182.381571	1.944044	180.437528
11.100960	180.485236	1.863715	178.621521
11.118332	178.601018	1.786480	176.814538
11.135704	176.728903	1.712228	175.016676
11.153077	174.868883	1.640853	173.228029
11.170449	173.020945	1.572255	171.448690
11.187822	171.185081	1.506333	169.678748
11.205194	169.361283	1.442992	167.918291
11.222566	167.549541	1.382139	166.167403
11.239939	165.749850	1.323684	164.426167
11.257311	163.962203	1.267540	162.694662
11.274683	162.186592	1.213624	160.972968
11.292056	160.423012	1.161854	159.261158
11.309428	158.671458	1.112151	157.559307
11.326801	156.931924	1.064439	155.867485
11.344173	155.204405	1.018644	154.185760
11.361545	153.488895	0.974696	152.514199
11.378918	151.785391	0.932526	150.852865
11.396290	150.093887	0.892067	149.201820
11.413663	148.414379	0.853255	147.561123
11.431035	146.746860	0.816029	145.930832
11.448407	145.091326	0.780327	144.310999
11.465780	143.447772	0.746092	142.701680
11.483152	141.816192	0.713269	141.102923
11.500525	140.196580	0.681804	139.514776
11.517897	138.588929	0.651643	137.937286
11.535269	136.993234	0.622738	136.370496
11.552642	135.409487	0.595040	134.814448
11.570014	133.837681	0.568501	133.269180
11.587387	132.277808	0.543077	131.734731
11.604759	130.729859	0.518724	130.211135
11.622131	129.193826	0.495401	128.698426
11.639504	127.669699	0.473066	127.196633
11.656876	126.157467	0.451680	125.705787
11.674249	124.657121	0.431207	124.225914
11.691621	123.168648	0.411609	122.757038
11.708993	121.692036	0.392853	121.299183
11.726366	120.227273	0.374903	119.852370
11.743738	118.774344	0.357728	118.416616
11.761111	117.333236	0.341297	116.991939
11.778483	115.903933	0.325579	115.578355
11.795855	114.486420	0.310545	114.175875
11.813228	113.080679	0.296168	112.784511
11.830600	111.686694	0.282421	111.404273
11.847972	110.304445	0.269278	110.035168
11.865345	108.933914	0.256713	108.677200
11.882717	107.575080	0.244704	107.330376
11.900090	106.227922	0.233227	105.994695
11.917462	104.892419	0.222261	104.670158
11.934834	103.568547	0.211783	103.356765
11.952207	102.256284	0.201773	102.054511
11.969579	100.955604	0.192212	100.763392
11.986952	99.666482	0.183081	99.483401
12.004324	98.388891	0.174361	98.214530
12.021696	97.122805	0.166036	96.956769
12.039069	95.868194	0.158088	95.710106
12.056441	94.625031	0.150502	94.474529
12.073814	93.393284	0.143261	93.250023
12.091186	92.172923	0.136351	92.036571
12.108558	90.963915	0.129759	90.834157
12.125931	89.766229	0.123469	89.642760
12.143303	88.579830	0.117469	88.462360
12.160676	87.404683	0.111747	87.292936
12.178048	86.240753	0.106290	86.134463
12.195420	85.088003	0.101086	84.986917
12.212793	83.946396	0.096125	83.850271
12.230165	82.815894	0.091396	82.724498
12.247538	81.696457	0.086889	81.609569
12.264910	80.588046	0.082593	80.505453
12.282282	79.490619	0.078500	79.412119
12.299655	78.404135	0.074600	78.329535
12.317027	77.328551	0.070885	77.257666
12.334399	76.263824	0.067347	76.196477
12.351772	75.209908	0.063976	75.145932
12.369144	74.166760	0.060767	74.105993
12.386517	73.134333	0.057712	73.076621
12.403889	72.112580	0.054803	72.057777
12.421261	71.101453	0.052034	71.049419
12.438634	70.100905	0.049399	70.051506
12.456006	69.110887	0.046891	69.063996
12.473379	68.131347	0.044505	68.086842
12.490751	67.162237	0.042235	67.120002
12.508123	66.203504	0.040076	66.163428
12.525496	65.255097	0.038022	65.217074
12.542868	64.316962	0.036069	64.280893
12.560241	63.389046	0.034212	63.354834
12.577613	62.471296	0.032446	62.438849
12.594985	61.563656	0.030768	61.532888
12.612358	60.666071	0.029173	60.636898
12.629730	59.778485	0.027657	59.750828
12.647103	58.900841	0.026216	58.874625
12.664475	58.033082	0.024847	58.008235
12.681847	57.175151	0.023547	57.151604
12.699220	56.326989	0.022312	56.304677
12.716592	55.488536	0.021139	55.467397
12.733965	54.659734	0.020025	54.639709
12.751337	53.840523	0.018968	53.821555
12.768709	53.030841	0.017964	53.012877
12.786082	52.230629	0.017011	52.213618
12.803454	51.439824	0.016106	51.423718
12.820827	50.658365	0.015248	50.643117
12.838199	49.886189	0.014434	49.871756
12.855571	49.123234	0.013661	49.109573
12.872944	48.369437	0.012928	48.356509
12.890316	47.624733	0.012233	47.612500
12.907688	46.889059	0.011574	46.877486
12.925061	46.162351	0.010949	46.151403
12.942433	45.444544	0.010356	45.434188
12.959806	44.735573	0.009794	44.725779
12.977178	44.035373	0.009262	44.026112
12.994550	43.343878	0.008757	43.335122
13.011923	42.661023	0.008279	42.652744
13.029295	41.986741	0.007826	41.978916
13.046668	41.320966	0.007396	41.313570
13.064040	40.663632	0.006990	40.656642
13.081412	40.014671	0.006605	40.008066
13.098785	39.374016	0.006240	39.367776
13.116157	38.741602	0.005895	38.735707
13.133530	38.117359	0.005568	38.111791
13.150902	37.501221	0.005258	37.495962
13.168274	36.893120	0.004966	36.888154
13.185647	36.292988	0.004688	36.288300
13.203019	35.700758	0.004426	35.696331
13.220392	35.116360	0.004178	35.112182
13.237764	34.539729	0.003943	34.535785
13.255136	33.970794	0.003721	33.967073
13.272509	33.409489	0.003512	33.405977
13.289881	32.855744	0.003313	32.852431
13.307254	32.309492	0.003125	32.306367
13.324626	31.770664	0.002948	31.767716
13.341998	31.239193	0.002780	31.236412
13.359371	30.715009	0.002622	30.712387
13.376743	30.198044	0.002472	30.195573
13.394116	29.688232	0.002330	29.685901
13.411488	29.185502	0.002197	29.183306
13.428860	28.689788	0.002070	28.687718
13.446233	28.201022	0.001951	28.199070
13.463605	27.719134	0.001839	27.717296
13.480977	27.244059	0.001732	27.242326
13.498350	26.775727	0.001632	26.774095
13.515722	26.314072	0.001537	26.312535
13.533095	25.859025	0.001448	25.857578
13.550467	25.410521	0.001363	25.409158
13.567839	24.968491	0.001283	24.967208
13.585212	24.532869	0.001208	24.531661
13.602584	24.103588	0.001137	24.102450
13.619957	23.680581	0.001071	23.679510
13.637329	23.263782	0.001007	23.262775
13.654701	22.853125	0.000948	22.852177
13.672074	22.448544	0.000892	22.447652
13.689446	22.049973	0.000839	22.049134
13.706819	21.657347	0.000789	21.656558
13.724191	21.270600	0.000742	21.269858
13.741563	20.889668	0.000698	20.888970
13.758936	20.514485	0.000656	20.513829
13.776308	20.144988	0.000617	20.144371
13.793681	19.781111	0.000580	19.780532
13.811053	19.422793	0.000545	19.422248
13.828425	19.069967	0.000512	19.069455
13.845798	18.722573	0.000481	18.722091
13.863170	18.380545	0.000452	18.380093
13.880543	18.043823	0.000425	18.043398
13.897915	17.712342	0.000399	17.711943
13.915287	17.386043	0.000375	17.385668
13.932660	17.064862	0.000352	17.064510
13.950032	16.748738	0.000330	16.748408
13.967405	16.437611	0.000310	16.437301
13.984777	16.131420	0.000291	16.131129
14.002149	15.830105	0.000273	15.829832
14.019522	15.533606	0.000256	15.533349
14.036894	15.241863	0.000241	15.241622
14.054266	14.954817	0.000226	14.954591
14.071639	14.672409	0.000212	14.672197
14.089011	14.394582	0.000199	14.394383
14.106384	14.121277	0.000186	14.121090
14.123756	13.852436	0.000175	13.852261
14.141128	13.588003	0.000164	13.587839
14.158501	13.327920	0.000154	13.327767
14.175873	13.072132	0.000144	13.071988
14.193246	12.820582	0.000135	12.820447
14.210618	12.573215	0.000126	12.573089
14.227990	12.329976	0.000118	12.329858
14.245363	12.090810	0.000111	12.090699
14.262735	11.855663	0.000104	11.855559
14.280108	11.624482	0.000097	11.624384
14.297480	11.397211	0.000091	11.397120
14.314852	11.173800	0.000085	11.173715
14.332225	10.954195	0.000080	10.954115
14.349597	10.738344	0.000075	10.738269
14.366970	10.526196	0.000070	10.526126
14.384342	10.317699	0.000066	10.317634
14.401714	10.112803	0.000061	10.112742
14.419087	9.911457	0.000057	9.911400
14.436459	9.713612	0.000054	9.713558
14.453832	9.519218	0.000050	9.519168
14.471204	9.328227	0.000047	9.328180
14.488576	9.140589	0.000044	9.140545
14.505949	8.956257	0.000041	8.956215
14.523321	8.775183	0.000038	8.775144
14.540693	8.597320	0.000036	8.597284
14.558066	8.422621	0.000034	8.422587
14.575438	8.251041	0.000031	8.251009
14.592811	8.082533	0.000029	8.082503
14.610183	7.917052	0.000027	7.917024
14.627555	7.754553	0.000026	7.754528
14.644928	7.594993	0.000024	7.594969
14.662300	7.438326	0.000022	7.438304
14.679673	7.284510	0.000021	7.284489
14.697045	7.133501	0.000020	7.133481
14.714417	6.985257	0.000018	6.985239
14.731790	6.839736	0.000017	6.839719
14.749162	6.696896	0.000016	6.696880
14.766535	6.556696	0.000015	6.556682
14.783907	6.419096	0.000014	6.419082
14.801279	6.284054	0.000013	6.284041
14.818652	6.151531	0.000012	6.151519
14.836024	6.021488	0.000011	6.021477
14.853397	5.893886	0.000010	5.893875
14.870769	5.768686	0.000010	5.768676
14.888141	5.645849	0.000009	5.645840
14.905514	5.525340	0.000008	5.525331
14.922886	5.407120	0.000008	5.407112
14.940259	5.291152	0.000007	5.291144
14.957631	5.177400	0.000007	5.177394
14.975003	5.065829	0.000006	5.065823
14.992376	4.956403	0.000006	4.956397
15.009748	4.849087	0.000006	4.849081
15.027121	4.743846	0.000005	4.743841
15.044493	4.640647	0.000005	4.640642
15.061865	4.539455	0.000004	4.539450
15.079238	4.440237	0.000004	4.440232
15.096610	4.342960	0.000004	4.342956
15.113982	4.247592	0.000004	4.247589
15.131355	4.154101	0.000003	4.154098
15.148727	4.062456	0.000003	4.062453
15.166100	3.972624	0.000003	3.972621
15.183472	3.884575	0.000003	3.884573
15.200844	3.798279	0.000003	3.798277
15.218217	3.713706	0.000002	3.713704
15.235589	3.630826	0.000002	3.630824
15.252962	3.549610	0.000002	3.549608
15.270334	3.470029	0.000002	3.470027
15.287706	3.392055	0.000002	3.392053
15.305079	3.315659	0.000002	3.315657
15.322451	3.240814	0.000002	3.240813
15.339824	3.167493	0.000001	3.167492
15.357196	3.095669	0.000001	3.095668
15.374568	3.025315	0.000001	3.025314
15.391941	2.956405	0.000001	2.956404
15.409313	2.888914	0.000001	2.888913
15.426686	2.822816	0.000001	2.822815
15.444058	2.758086	0.000001	2.758085
15.461430	2.694699	0.000001	2.694698
15.478803	2.632631	0.000001	2.632630
15.496175	2.571858	0.000001	2.571857
15.513548	2.512357	0.000001	2.512356
15.530920	2.454103	0.000001	2.454103
15.548292	2.397075	0.000001	2.397075
15.565665	2.341250	0.000001	2.341249
15.583037	2.286605	0.000001	2.286605
15.600410	2.233119	0.000000	2.233118
15.617782	2.180769	0.000000	2.180769
15.635154	2.129536	0.000000	2.129535
15.652527	2.079397	0.000000	2.079397
15.669899	2.030333	0.000000	2.030332
15.687271	1.982322	0.000000	1.982322
15.704644	1.935345	0.000000	1.935345
15.722016	1.889383	0.000000	1.889383
15.739389	1.844416	0.000000	1.844416
15.756761	1.800425	0.000000	1.800425
15.774133	1.757391	0.000000	1.757391
15.791506	1.715296	0.000000	1.715296
15.808878	1.674122	0.000000	1.674121
15.826251	1.633850	0.000000	1.633850
15.843623	1.594464	0.000000	1.594464
15.860995	1.555946	0.000000	1.555946
15.878368	1.518279	0.000000	1.518279
15.895740	1.481446	0.000000	1.481446
15.913113	1.445431	0.000000	1.445431
15.930485	1.410218	0.000000	1.410218
15.947857	1.375791	0.000000	1.375791
15.965230	1.342134	0.000000	1.342133
15.982602	1.309231	0.000000	1.309231
15.999975	1.277069	0.000000	1.277069
16.017347	1.245631	0.000000	1.245631
16.034719	1.214904	0.000000	1.214904
16.052092	1.184873	0.000000	1.184873
16.069464	1.155524	0.000000	1.155524
16.086837	1.126842	0.000000	1.126842
16.104209	1.098815	0.000000	1.098815
16.121581	1.071429	0.000000	1.071429
16.138954	1.044671	0.000000	1.044671
16.156326	1.018528	0.000000	1.018528
16.173698	0.992988	0.000000	0.992988
16.191071	0.968037	0.000000	0.968037
16.208443	0.943663	0.000000	0.943663
16.225816	0.919855	0.000000	0.919855
16.243188	0.896601	0.000000	0.896601
16.260560	0.873889	0.000000	0.873889
16.277933	0.851708	0.000000	0.851708
16.295305	0.830046	0.000000	0.830046
16.312678	0.808893	0.000000	0.808893
16.330050	0.788238	0.000000	0.788238
16.347422	0.768070	0.000000	0.768070
16.364795	0.748378	0.000000	0.748378
16.382167	0.729154	0.000000	0.729154
16.399540	0.710386	0.000000	0.710386
16.416912	0.692065	0.000000	0.692065
16.434284	0.674181	0.000000	0.674181
16.451657	0.656725	0.000000	0.656725
16.469029	0.639688	0.000000	0.639688
16.486402	0.623060	0.000000	0.623060
16.503774	0.606832	0.000000	0.606832
16.521146	0.590996	0.000000	0.590996
16.538519	0.575543	0.000000	0.575543
16.555891	0.560465	0.000000	0.560465
16.573264	0.545754	0.000000	0.545754
16.590636	0.531400	0.000000	0.531400
16.608008	0.517398	0.000000	0.517398
16.625381	0.503737	0.000000	0.503737
16.642753	0.490412	0.000000	0.490412
16.660126	0.477414	0.000000	0.477414
16.677498	0.464737	0.000000	0.464737
16.694870	0.452372	0.000000	0.452372
16.712243	0.440314	0.000000	0.440314
16.729615	0.428554	0.000000	0.428554
16.746987	0.417087	0.000000	0.417087
16.764360	0.405905	0.000000	0.405905
16.781732	0.395002	0.000000	0.395002
16.799105	0.384372	0.000000	0.384372
16.816477	0.374009	0.000000	0.374009
16.833849	0.363906	0.000000	0.363906
16.851222	0.354057	0.000000	0.354057
16.868594	0.344457	0.000000	0.344457
16.885967	0.335099	0.000000	0.335099
16.903339	0.325979	0.000000	0.325979
16.920711	0.317091	0.000000	0.317091
16.938084	0.308428	0.000000	0.308428
16.955456	0.299987	0.000000	0.299987
16.972829	0.291761	0.000000	0.291761
16.990201	0.283746	0.000000	0.283746
17.007573	0.275937	0.000000	0.275937
17.024946	0.268328	0.000000	0.268328
17.042318	0.260916	0.000000	0.260916
17.059691	0.253695	0.000000	0.253695
17.077063	0.246661	0.000000	0.246661
17.094435	0.239810	0.000000	0.239810
17.111808	0.233137	0.000000	0.233137
17.129180	0.226637	0.000000	0.226637
17.146553	0.220308	0.000000	0.220308
17.163925	0.214143	0.000000	0.214143
17.181297	0.208141	0.000000	0.208141
17.198670	0.202296	0.000000	0.202296
17.216042	0.196605	0.000000	0.196605
17.233415	0.191064	0.000000	0.191064
17.250787	0.185669	0.000000	0.185669
17.268159	0.180418	0.000000	0.180418
17.285532	0.175305	0.000000	0.175305
17.302904	0.170329	0.000000	0.170329
17.320276	0.165485	0.000000	0.165485
17.337649	0.160771	0.000000	0.160771
17.355021	0.156183	0.000000	0.156183
17.372394	0.151717	0.000000	0.151717
17.389766	0.147372	0.000000	0.147372
17.407138	0.143144	0.000000	0.143144
17.424511	0.139029	0.000000	0.139029
17.441883	0.135026	0.000000	0.135026
17.459256	0.131131	0.000000	0.131131
17.476628	0.127342	0.000000	0.127342
17.494000	0.123656	0.000000	0.123656
17.511373	0.120071	0.000000	0.120071
17.528745	0.116583	0.000000	0.116583
17.546118	0.113191	0.000000	0.113191
17.563490	0.109891	0.000000	0.109891
17.580862	0.106682	0.000000	0.106682
17.598235	0.103562	0.000000	0.103562
17.615607	0.100527	0.000000	0.100527
17.632980	0.097577	0.000000	0.097577
17.650352	0.094708	0.000000	0.094708
17.667724	0.091918	0.000000	0.091918
17.685097	0.089206	0.000000	0.089206
17.702469	0.086569	0.000000	0.086569
17.719842	0.084006	0.000000	0.084006
17.737214	0.081515	0.000000	0.081515
17.754586	0.079093	0.000000	0.079093
17.771959	0.076740	0.000000	0.076740
17.789331	0.074452	0.000000	0.074452
17.806704	0.072229	0.000000	0.072229
17.824076	0.070069	0.000000	0.070069
17.841448	0.067969	0.000000	0.067969
17.858821	0.065929	0.000000	0.065929
17.876193	0.063947	0.000000	0.063947
17.893565	0.062022	0.000000	0.062022
17.910938	0.060151	0.000000	0.060151
17.928310	0.058333	0.000000	0.058333
17.945683	0.056568	0.000000	0.056568
17.963055	0.054853	0.000000	0.054853
17.980427	0.053187	0.000000	0.053187
17.997800	0.051569	0.000000	0.051569
18.015172	0.049998	0.000000	0.049998
18.032545	0.048472	0.000000	0.048472
18.049917	0.046990	0.000000	0.046990
18.067289	0.045551	0.000000	0.045551
18.084662	0.044154	0.000000	0.044154
18.102034	0.042798	0.000000	0.042798
18.119407	0.041480	0.000000	0.041480
18.136779	0.040202	0.000000	0.040202
18.154151	0.038961	0.000000	0.038961
18.171524	0.037756	0.000000	0.037756
18.188896	0.036586	0.000000	0.036586
18.206269	0.035451	0.000000	0.035451
18.223641	0.034349	0.000000	0.034349
18.241013	0.033280	0.000000	0.033280
18.258386	0.032242	0.000000	0.032242
18.275758	0.031236	0.000000	0.031236
18.293131	0.030258	0.000000	0.030258
18.310503	0.029310	0.000000	0.029310
18.327875	0.028391	0.000000	0.028391
18.345248	0.027498	0.000000	0.027498
18.362620	0.026632	0.000000	0.026632
18.379992	0.025793	0.000000	0.025793
18.397365	0.024978	0.000000	0.024978
18.414737	0.024188	0.000000	0.024188
18.432110	0.023421	0.000000	0.023421
18.449482	0.022678	0.000000	0.022678
18.466854	0.021957	0.000000	0.021957
18.484227	0.021258	0.000000	0.021258
18.501599	0.020580	0.000000	0.020580
18.518972	0.019923	0.000000	0.019923
18.536344	0.019286	0.000000	0.019286
18.553716	0.018668	0.000000	0.018668
18.571089	0.018069	0.000000	0.018069
18.588461	0.017488	0.000000	0.017488
18.605834	0.016925	0.000000	0.016925
18.623206	0.016379	0.000000	0.016379
18.640578	0.015850	0.000000	0.015850
18.657951	0.015338	0.000000	0.015338
18.675323	0.014841	0.000000	0.014841
18.692696	0.014359	0.000000	0.014359
18.710068	0.013893	0.000000	0.013893
18.727440	0.013440	0.000000	0.013440
18.744813	0.013002	0.000000	0.013002
18.762185	0.012578	0.000000	0.012578
18.779558	0.012166	0.000000	0.012166
18.796930	0.011768	0.000000	0.011768
18.814302	0.011382	0.000000	0.011382
18.831675	0.011008	0.000000	0.011008
18.849047	0.010646	0.000000	0.010646
18.866420	0.010295	0.000000	0.010295
18.883792	0.009955	0.000000	0.009955
18.901164	0.009626	0.000000	0.009626
18.918537	0.009308	0.000000	0.009308
18.935909	0.008999	0.000000	0.008999
18.953281	0.008700	0.000000	0.008700
18.970654	0.008411	0.000000	0.008411
18.988026	0.008131	0.000000	0.008131
19.005399	0.007860	0.000000	0.007860
19.022771	0.007597	0.000000	0.007597
19.040143	0.007343	0.000000	0.007343
19.057516	0.007097	0.000000	0.007097
19.074888	0.006859	0.000000	0.006859
19.092261	0.006628	0.000000	0.006628
19.109633	0.006405	0.000000	0.006405
19.127005	0.006189	0.000000	0.006189
19.144378	0.005980	0.000000	0.005980
19.161750	0.005778	0.000000	0.005778
19.179123	0.005582	0.000000	0.005582
19.196495	0.005393	0.000000	0.005393
19.213867	0.005210	0.000000	0.005210
19.231240	0.005033	0.000000	0.005033
19.248612	0.004861	0.000000	0.004861
19.265985	0.004695	0.000000	0.004695
19.283357	0.004535	0.000000	0.004535
19.300729	0.004380	0.000000	0.004380
19.318102	0.004230	0.000000	0.004230
19.335474	0.004084	0.000000	0.004084
19.352847	0.003944	0.000000	0.003944
19.370219	0.003808	0.000000	0.003808
19.387591	0.003677	0.000000	0.003677
19.404964	0.003550	0.000000	0.003550
19.422336	0.003427	0.000000	0.003427
19.439709	0.003309	0.000000	0.003309
19.457081	0.003194	0.000000	0.003194
19.474453	0.003083	0.000000	0.003083
19.491826	0.002976	0.000000	0.002976
19.509198	0.002872	0.000000	0.002872
19.526570	0.002772	0.000000	0.002772
19.543943	0.002675	0.000000	0.002675
19.561315	0.002582	0.000000	0.002582
19.578688	0.002491	0.000000	0.002491
19.596060	0.002404	0.000000	0.002404
19.613432	0.002320	0.000000	0.002320
19.630805	0.002238	0.000000	0.002238
19.648177	0.002159	0.000000	0.002159
19.665550	0.002083	0.000000	0.002083
19.682922	0.002009	0.000000	0.002009
19.700294	0.001938	0.000000	0.001938
19.717667	0.001870	0.000000	0.001870
19.735039	0.001803	0.000000	0.001803
19.752412	0.001739	0.000000	0.001739
19.769784	0.001677	0.000000	0.001677
19.787156	0.001618	0.000000	0.001618
19.804529	0.001560	0.000000	0.001560
19.821901	0.001504	0.000000	0.001504
19.839274	0.001450	0.000000	0.001450
19.856646	0.001398	0.000000	0.001398
19.874018	0.001348	0.000000	0.001348
19.891391	0.001300	0.000000	0.001300
19.908763	0.001253	0.000000	0.001253
19.926136	0.001208	0.000000	0.001208
19.943508	0.001164	0.000000	0.001164
19.960880	0.001122	0.000000	0.001122
19.978253	0.001082	0.000000	0.001082
19.995625	0.001042	0.000000	0.001042
20.012997	0.001005	0.000000	0.001005
20.030370	0.000968	0.000000	0.000968
20.047742	0.000933	0.000000	0.000933
20.065115	0.000899	0.000000	0.000899
20.082487	0.000866	0.000000	0.000866
20.099859	0.000834	0.000000	0.000834
20.117232	0.000804	0.000000	0.000804
20.134604	0.000774	0.000000	0.000774
20.151977	0.000746	0.000000	0.000746
20.169349	0.000719	0.000000	0.000719
20.186721	0.000692	0.000000	0.000692
20.204094	0.000667	0.000000	0.000667
20.221466	0.000642	0.000000	0.000642
20.238839	0.000618	0.000000	0.000618
20.256211	0.000595	0.000000	0.000595
20.273583	0.000573	0.000000	0.000573
20.290956	0.000552	0.000000	0.000552
20.308328	0.000532	0.000000	0.000532
20.325701	0.000512	0.000000	0.000512
20.343073	0.000493	0.000000	0.000493
20.360445	0.000474	0.000000	0.000474
20.377818	0.000457	0.000000	0.000457
20.395190	0.000440	0.000000	0.000440
20.412563	0.000423	0.000000	0.000423
20.429935	0.000407	0.000000	0.000407
20.447307	0.000392	0.000000	0.000392
20.464680	0.000377	0.000000	0.000377
20.482052	0.000363	0.000000	0.000363
20.499425	0.000349	0.000000	0.000349
20.516797	0.000336	0.000000	0.000336
20.534169	0.000323	0.000000	0.000323
20.551542	0.000311	0.000000	0.000311
20.568914	0.000299	0.000000	0.000299
20.586286	0.000288	0.000000	0.000288
20.603659	0.000277	0.000000	0.000277
20.621031	0.000267	0.000000	0.000267
20.638404	0.000256	0.000000	0.000256
20.655776	0.000247	0.000000	0.000247
20.673148	0.000237	0.000000	0.000237
20.690521	0.000228	0.000000	0.000228
20.707893	0.000219	0.000000	0.000219
20.725266	0.000211	0.000000	0.000211
20.742638	0.000203	0.000000	0.000203
20.760010	0.000195	0.000000	0.000195
20.777383	0.000188	0.000000	0.000188
20.794755	0.000180	0.000000	0.000180
20.812128	0.000173	0.000000	0.000173
20.829500	0.000167	0.000000	0.000167
