# Z_nm	Fit_totale_conteggi	LogN1_conteggi	LogN2_conteggi
0.212606	0.000065	0.000000	0.000065
0.226446	0.000130	0.000000	0.000130
0.240287	0.000244	0.000000	0.000244
0.254127	0.000438	0.000000	0.000438
0.267967	0.000751	0.000000	0.000751
0.281808	0.001241	0.000000	0.001241
0.295648	0.001981	0.000000	0.001981
0.309489	0.003068	0.000000	0.003068
0.323329	0.004624	0.000000	0.004624
0.337169	0.006797	0.000000	0.006797
0.351010	0.009771	0.000000	0.009771
0.364850	0.013762	0.000000	0.013762
0.378690	0.019024	0.000000	0.019024
0.392531	0.025850	0.000000	0.025850
0.406371	0.034577	0.000000	0.034577
0.420211	0.045582	0.000000	0.045582
0.434052	0.059287	0.000000	0.059287
0.447892	0.076158	0.000000	0.076158
0.461733	0.096704	0.000000	0.096704
0.475573	0.121477	0.000000	0.121477
0.489413	0.151069	0.000000	0.151069
0.503254	0.186114	0.000000	0.186114
0.517094	0.227279	0.000000	0.227279
0.530934	0.275268	0.000000	0.275268
0.544775	0.330816	0.000000	0.330816
0.558615	0.394685	0.000000	0.394685
0.572455	0.467661	0.000000	0.467661
0.586296	0.550550	0.000000	0.550550
0.600136	0.644174	0.000000	0.644174
0.613976	0.749366	0.000000	0.749366
0.627817	0.866968	0.000000	0.866968
0.641657	0.997823	0.000000	0.997823
0.655498	1.142775	0.000000	1.142775
0.669338	1.302661	0.000000	1.302661
0.683178	1.478310	0.000000	1.478310
0.697019	1.670535	0.000000	1.670535
0.710859	1.880135	0.000000	1.880135
0.724699	2.107886	0.000000	2.107886
0.738540	2.354540	0.000000	2.354539
0.752380	2.620821	0.000001	2.620820
0.766220	2.907422	0.000001	2.907421
0.780061	3.215005	0.000002	3.215003
0.793901	3.544192	0.000002	3.544190
0.807742	3.895570	0.000003	3.895567
0.821582	4.269685	0.000004	4.269681
0.835422	4.667040	0.000006	4.667034
0.849263	5.088095	0.000009	5.088086
0.863103	5.533265	0.000012	5.533253
0.876943	6.002919	0.000016	6.002903
0.890784	6.497380	0.000022	6.497358
0.904624	7.016923	0.000030	7.016893
0.918464	7.561777	0.000040	7.561737
0.932305	8.132120	0.000053	8.132067
0.946145	8.728087	0.000070	8.728017
0.959986	9.349762	0.000092	9.349670
0.973826	9.997184	0.000120	9.997063
0.987666	10.670344	0.000156	10.670188
1.001507	11.369190	0.000202	11.368988
1.015347	12.093624	0.000260	12.093364
1.029187	12.843504	0.000332	12.843172
1.043028	13.618646	0.000421	13.618224
1.056868	14.418825	0.000533	14.418292
1.070708	15.243778	0.000670	15.243107
1.084549	16.093201	0.000840	16.092361
1.098389	16.966755	0.001047	16.965708
1.112230	17.864066	0.001299	17.862766
1.126070	18.784726	0.001606	18.783120
1.139910	19.728296	0.001977	19.726319
1.153751	20.694309	0.002424	20.691885
1.167591	21.682267	0.002959	21.679307
1.181431	22.691648	0.003600	22.688048
1.195272	23.721905	0.004363	23.717543
1.209112	24.772472	0.005268	24.767204
1.222952	25.842760	0.006339	25.836421
1.236793	26.932161	0.007601	26.924560
1.250633	28.040055	0.009085	28.030970
1.264474	29.165806	0.010824	29.154982
1.278314	30.308764	0.012854	30.295910
1.292154	31.468271	0.015218	31.453053
1.305995	32.643663	0.017963	32.625700
1.319835	33.834266	0.021142	33.813124
1.333675	35.039405	0.024812	35.014593
1.347516	36.258401	0.029038	36.229363
1.361356	37.490577	0.033893	37.456684
1.375196	38.735256	0.039454	38.695801
1.389037	39.991765	0.045810	39.945956
1.402877	41.259439	0.053055	41.206384
1.416717	42.537618	0.061296	42.476322
1.430558	43.825652	0.070647	43.755005
1.444398	45.122903	0.081233	45.041670
1.458239	46.428746	0.093193	46.335554
1.472079	47.742570	0.106673	47.635897
1.485919	49.063781	0.121837	48.941944
1.499760	50.391803	0.138859	50.252944
1.513600	51.726080	0.157928	51.568153
1.527440	53.066079	0.179249	52.886831
1.541281	54.411289	0.203041	54.208248
1.555121	55.761222	0.229542	55.531680
1.568961	57.115419	0.259005	56.856414
1.582802	58.473448	0.291703	58.181745
1.596642	59.834905	0.327926	59.506979
1.610483	61.199418	0.367985	60.831433
1.624323	62.566646	0.412213	62.154433
1.638163	63.936282	0.460962	63.475321
1.652004	65.308053	0.514606	64.793447
1.665844	66.681722	0.573545	66.108177
1.679684	68.057087	0.638200	67.418888
1.693525	69.433988	0.709017	68.724971
1.707365	70.812300	0.786468	70.025832
1.721205	72.191940	0.871051	71.320889
1.735046	73.572866	0.963289	72.609577
1.748886	74.955077	1.063735	73.891342
1.762727	76.338615	1.172967	75.165648
1.776567	77.723566	1.291595	76.431971
1.790407	79.110059	1.420254	77.689805
1.804248	80.498269	1.559612	78.938657
1.818088	81.888415	1.710366	80.178049
1.831928	83.280763	1.873243	81.407520
1.845769	84.675624	2.049002	82.626622
1.859609	86.073357	2.238434	83.834924
1.873449	87.474368	2.442359	85.032009
1.887290	88.879107	2.661631	86.217476
1.901130	90.288076	2.897136	87.390940
1.914971	91.701821	3.149792	88.552029
1.928811	93.120936	3.420550	89.700386
1.942651	94.546063	3.710392	90.835671
1.956492	95.977892	4.020334	91.957558
1.970332	97.417157	4.351423	93.065733
1.984172	98.864641	4.704740	94.159901
1.998013	100.321173	5.081395	95.239778
2.011853	101.787627	5.482532	96.305095
2.025693	103.264924	5.909327	97.355597
2.039534	104.754027	6.362985	98.391042
2.053374	106.255946	6.844742	99.411204
2.067215	107.771733	7.355865	100.415867
2.081055	109.302482	7.897650	101.404831
2.094895	110.849330	8.471422	102.377908
2.108736	112.413453	9.078532	103.334921
2.122576	113.996069	9.720361	104.275709
2.136416	115.598434	10.398315	105.200119
2.150257	117.221839	11.113826	106.108014
2.164097	118.867616	11.868350	106.999266
2.177937	120.537127	12.663368	107.873759
2.191778	122.231771	13.500381	108.731390
2.205618	123.952979	14.380915	109.572064
2.219458	125.702212	15.306512	110.395701
2.233299	127.480961	16.278735	111.202226
2.247139	129.290745	17.299166	111.991579
2.260980	131.133108	18.369400	112.763708
2.274820	133.009620	19.491050	113.518570
2.288660	134.921874	20.665741	114.256134
2.302501	136.871484	21.895109	114.976375
2.316341	138.860082	23.180804	115.679278
2.330181	140.889320	24.524480	116.364839
2.344022	142.960864	25.927804	117.033060
2.357862	145.076395	27.392443	117.683952
2.371702	147.237606	28.920072	118.317534
2.385543	149.446199	30.512368	118.933832
2.399383	151.703886	32.171007	119.532880
2.413224	154.012384	33.897665	120.114719
2.427064	156.373415	35.694016	120.679399
2.440904	158.788702	37.561729	121.226973
2.454745	161.259970	39.502467	121.757503
2.468585	163.788940	41.517883	122.271057
2.482425	166.377333	43.609623	122.767710
2.496266	169.026860	45.779321	123.247539
2.510106	171.739227	48.028596	123.710632
2.523946	174.516130	50.359052	124.157078
2.537787	177.359252	52.772279	124.586973
2.551627	180.270263	55.269845	125.000418
2.565468	183.250818	57.853299	125.397519
2.579308	186.302554	60.524168	125.778386
2.593148	189.427087	63.283953	126.143134
2.606989	192.626013	66.134133	126.491881
2.620829	195.900905	69.076156	126.824749
2.634669	199.253310	72.111444	127.141866
2.648510	202.684747	75.241385	127.443362
2.662350	206.196707	78.467338	127.729369
2.676190	209.790651	81.790627	128.000025
2.690031	213.468008	85.212538	128.255469
2.703871	217.230170	88.734325	128.495845
2.717712	221.078496	92.357198	128.721298
2.731552	225.014308	96.082332	128.931976
2.745392	229.038886	99.910857	129.128030
2.759233	233.153473	103.843861	129.309611
2.773073	237.359268	107.882391	129.476877
2.786913	241.657426	112.027444	129.629983
2.800754	246.049061	116.279973	129.769088
2.814594	250.535236	120.640883	129.894353
2.828434	255.116970	125.111030	130.005940
2.842275	259.795233	129.691220	130.104012
2.856115	264.570944	134.382208	130.188735
2.869955	269.444972	139.184696	130.260275
2.883796	274.418134	144.099335	130.318799
2.897636	279.491194	149.126719	130.364475
2.911477	284.664862	154.267390	130.397472
2.925317	289.939795	159.521834	130.417960
2.939157	295.316591	164.890481	130.426110
2.952998	300.795795	170.373703	130.422092
2.966838	306.377893	175.971815	130.406078
2.980678	312.063314	181.685074	130.378240
2.994519	317.852430	187.513680	130.338750
3.008359	323.745552	193.457771	130.287780
3.022199	329.742932	199.517429	130.225503
3.036040	335.844765	205.692674	130.152091
3.049880	342.051183	211.983468	130.067716
3.063721	348.362260	218.389711	129.972550
3.077561	354.778008	224.911243	129.866765
3.091401	361.298379	231.547846	129.750533
3.105242	367.923265	238.299239	129.624025
3.119082	374.652495	245.165083	129.487413
3.132922	381.485840	252.144975	129.340865
3.146763	388.423008	259.238457	129.184552
3.160603	395.463649	266.445006	129.018643
3.174443	402.607349	273.764043	128.843307
3.188284	409.853638	281.194928	128.658710
3.202124	417.201983	288.736961	128.465021
3.215965	424.651792	296.389386	128.262405
3.229805	432.202414	304.151387	128.051028
3.243645	439.853141	312.022089	127.831053
3.257486	447.603205	320.000561	127.602644
3.271326	455.451781	328.085817	127.365964
3.285166	463.397985	336.276812	127.121173
3.299007	471.440879	344.572447	126.868432
3.312847	479.579468	352.971568	126.607900
3.326687	487.812703	361.472968	126.339735
3.340528	496.139478	370.075385	126.064093
3.354368	504.558637	378.777506	125.781130
3.368209	513.068968	387.577967	125.491001
3.382049	521.669209	396.475351	125.193858
3.395889	530.358046	405.468193	124.889853
3.409730	539.134116	414.554980	124.579136
3.423570	547.996007	423.734150	124.261857
3.437410	556.942257	433.004094	123.938162
3.451251	565.971359	442.363160	123.608199
3.465091	575.081759	451.809647	123.272112
3.478931	584.271859	461.341814	122.930045
3.492772	593.540017	470.957877	122.582139
3.506612	602.884546	480.656010	122.228536
3.520453	612.303722	490.434348	121.869373
3.534293	621.795776	500.290986	121.504790
3.548133	631.358903	510.223982	121.134921
3.561974	640.991260	520.231357	120.759903
3.575814	650.690965	530.311099	120.379867
3.589654	660.456104	540.461159	119.994945
3.603495	670.284725	550.679457	119.605268
3.617335	680.174846	560.963882	119.210964
3.631175	690.124453	571.312293	118.812160
3.645016	700.131501	581.722519	118.408982
3.658856	710.193916	592.192363	118.001553
3.672696	720.309597	602.719601	117.589997
3.686537	730.476417	613.301983	117.174433
3.700377	740.692222	623.937240	116.754982
3.714218	750.954836	634.623075	116.331761
3.728058	761.262061	645.357174	115.904886
3.741898	771.611676	656.137203	115.474473
3.755739	782.001443	666.960809	115.040634
3.769579	792.429104	677.825623	114.603481
3.783419	802.892383	688.729259	114.163124
3.797260	813.388991	699.669320	113.719672
3.811100	823.916623	710.643392	113.273231
3.824940	834.472961	721.649052	112.823909
3.838781	845.055674	732.683867	112.371807
3.852621	855.662423	743.745394	111.917030
3.866462	866.290860	754.831182	111.459677
3.880302	876.938625	765.938776	110.999849
3.894142	887.603357	777.065712	110.537644
3.907983	898.282685	788.209526	110.073158
3.921823	908.974236	799.367750	109.606487
3.935663	919.675636	810.537913	109.137723
3.949504	930.384505	821.717545	108.666960
3.963344	941.098465	832.904178	108.194287
3.977184	951.815141	844.095346	107.719795
3.991025	962.532155	855.288584	107.243571
4.004865	973.247136	866.481435	106.765702
4.018706	983.957716	877.671444	106.286272
4.032546	994.661533	888.856167	105.805365
4.046386	1005.356229	900.033164	105.323065
4.060227	1016.039457	911.200007	104.839451
4.074067	1026.708877	922.354275	104.354602
4.087907	1037.362159	933.493560	103.868599
4.101748	1047.996983	944.615467	103.381516
4.115588	1058.611042	955.717612	102.893430
4.129428	1069.202041	966.797626	102.404416
4.143269	1079.767699	977.853154	101.914545
4.157109	1090.305749	988.881860	101.423889
4.170950	1100.813940	999.881421	100.932519
4.184790	1111.290039	1010.849535	100.440504
4.198630	1121.731828	1021.783916	99.947912
4.212471	1132.137109	1032.682299	99.454810
4.226311	1142.503701	1043.542440	98.961261
4.240151	1152.829446	1054.362114	98.467332
4.253992	1163.112204	1065.139120	97.973084
4.267832	1173.349858	1075.871278	97.478580
4.281672	1183.540313	1086.556433	96.983880
4.295513	1193.681495	1097.192452	96.489043
4.309353	1203.771357	1107.777229	95.994128
4.323194	1213.807874	1118.308682	95.499192
4.337034	1223.789047	1128.784757	95.004290
4.350874	1233.712901	1139.203423	94.509478
4.364715	1243.577490	1149.562680	94.014809
4.378555	1253.380892	1159.860555	93.520336
4.392395	1263.121213	1170.095102	93.026111
4.406236	1272.796589	1180.264405	92.532185
4.420076	1282.405182	1190.366577	92.038605
4.433916	1291.945184	1200.399762	91.545422
4.447757	1301.414816	1210.362133	91.052683
4.461597	1310.812328	1220.251894	90.560433
4.475437	1320.136001	1230.067282	90.068719
4.489278	1329.384149	1239.806563	89.577585
4.503118	1338.555112	1249.468037	89.087075
4.516959	1347.647265	1259.050036	88.597230
4.530799	1356.659014	1268.550922	88.108092
4.544639	1365.588797	1277.969094	87.619703
4.558480	1374.435083	1287.302982	87.132102
4.572320	1383.196375	1296.551049	86.645327
4.586160	1391.871209	1305.711793	86.159417
4.600001	1400.458153	1314.783745	85.674408
4.613841	1408.955809	1323.765471	85.190337
4.627681	1417.362811	1332.655571	84.707240
4.641522	1425.677828	1341.452679	84.225149
4.655362	1433.899564	1350.155463	83.744101
4.669203	1442.026753	1358.762627	83.264126
4.683043	1450.058167	1367.272910	82.785257
4.696883	1457.992610	1375.685085	82.307526
4.710724	1465.828921	1383.997959	81.830962
4.724564	1473.565971	1392.210376	81.355595
4.738404	1481.202669	1400.321214	80.881455
4.752245	1488.737955	1408.329386	80.408569
4.766085	1496.170805	1416.233840	79.936965
4.779925	1503.500229	1424.033560	79.466670
4.793766	1510.725271	1431.727563	78.997708
4.807606	1517.845009	1439.314902	78.530107
4.821447	1524.858555	1446.794665	78.063890
4.835287	1531.765055	1454.165975	77.599080
4.849127	1538.563691	1461.427989	77.135702
4.862968	1545.253676	1468.579898	76.673778
4.876808	1551.834258	1475.620928	76.213330
4.890648	1558.304718	1482.550340	75.754378
4.904489	1564.664372	1489.367428	75.296944
4.918329	1570.912568	1496.071521	74.841047
4.932169	1577.048687	1502.661980	74.386708
4.946010	1583.072144	1509.138200	73.933944
4.959850	1588.982386	1515.499612	73.482774
4.973691	1594.778892	1521.745676	73.033216
4.987531	1600.461174	1527.875888	72.585286
5.001371	1606.028776	1533.889775	72.139001
5.015212	1611.481274	1539.786897	71.694378
5.029052	1616.818276	1545.566846	71.251430
5.042892	1622.039421	1551.229247	70.810174
5.056733	1627.144378	1556.773755	70.370623
5.070573	1632.132848	1562.200056	69.932792
5.084413	1637.004562	1567.507869	69.496694
5.098254	1641.759282	1572.696942	69.062341
5.112094	1646.396799	1577.767054	68.629745
5.125934	1650.916934	1582.718014	68.198920
5.139775	1655.319537	1587.549661	67.769876
5.153615	1659.604487	1592.261864	67.342623
5.167456	1663.771693	1596.854520	66.917173
5.181296	1667.821089	1601.327554	66.493536
5.195136	1671.752641	1605.680921	66.071721
5.208977	1675.566340	1609.914603	65.651737
5.222817	1679.262204	1614.028611	65.233592
5.236657	1682.840279	1618.022982	64.817297
5.250498	1686.300637	1621.897780	64.402857
5.264338	1689.643378	1625.653097	63.990281
5.278178	1692.868624	1629.289048	63.579576
5.292019	1695.976525	1632.805776	63.170749
5.305859	1698.967256	1636.203451	62.763805
5.319700	1701.841016	1639.482264	62.358752
5.333540	1704.598028	1642.642434	61.955594
5.347380	1707.238539	1645.684202	61.554337
5.361221	1709.762820	1648.607834	61.154986
5.375061	1712.171164	1651.413618	60.757546
5.388901	1714.463887	1654.101867	60.362020
5.402742	1716.641329	1656.672915	59.968413
5.416582	1718.703848	1659.127119	59.576729
5.430422	1720.651827	1661.464857	59.186970
5.444263	1722.485668	1663.686529	58.799139
5.458103	1724.205795	1665.792555	58.413240
5.471944	1725.812651	1667.783377	58.029275
5.485784	1727.306700	1669.659455	57.647245
5.499624	1728.688424	1671.421270	57.267154
5.513465	1729.958324	1673.069323	56.889001
5.527305	1731.116921	1674.604132	56.512789
5.541145	1732.164753	1676.026234	56.138519
5.554986	1733.102377	1677.336186	55.766191
5.568826	1733.930365	1678.534559	55.395806
5.582666	1734.649307	1679.621944	55.027364
5.596507	1735.259812	1680.598947	54.660865
5.610347	1735.762501	1681.466192	54.296309
5.624188	1736.158014	1682.224318	53.933696
5.638028	1736.447003	1682.873979	53.573024
5.651868	1736.630139	1683.415846	53.214294
5.665709	1736.708105	1683.850602	52.857503
5.679549	1736.681597	1684.178946	52.502651
5.693389	1736.551327	1684.401592	52.149735
5.707230	1736.318020	1684.519265	51.798755
5.721070	1735.982413	1684.532705	51.449708
5.734910	1735.545256	1684.442663	51.102593
5.748751	1735.007311	1684.249905	50.757406
5.762591	1734.369352	1683.955206	50.414145
5.776432	1733.632164	1683.559355	50.072809
5.790272	1732.796543	1683.063151	49.733393
5.804112	1731.863297	1682.467403	49.395895
5.817953	1730.833243	1681.772931	49.060311
5.831793	1729.707207	1680.980567	48.726639
5.845633	1728.486026	1680.091151	48.394875
5.859474	1727.170545	1679.105531	48.065014
5.873314	1725.761621	1678.024566	47.737054
5.887154	1724.260114	1676.849123	47.410991
5.900995	1722.666897	1675.580078	47.086819
5.914835	1720.982848	1674.218313	46.764536
5.928675	1719.208854	1672.764718	46.444136
5.942516	1717.345807	1671.220192	46.125615
5.956356	1715.394609	1669.585640	45.808968
5.970197	1713.356164	1667.861972	45.494192
5.984037	1711.231386	1666.050106	45.181280
5.997877	1709.021193	1664.150966	44.870228
6.011718	1706.726509	1662.165479	44.561030
6.025558	1704.348262	1660.094579	44.253682
6.039398	1701.887385	1657.939207	43.948178
6.053239	1699.344818	1655.700305	43.644513
6.067079	1696.721501	1653.378820	43.342681
6.080919	1694.018381	1650.975705	43.042676
6.094760	1691.236409	1648.491916	42.744493
6.108600	1688.376535	1645.928409	42.448126
6.122441	1685.439717	1643.286149	42.153569
6.136281	1682.426914	1640.566098	41.860815
6.150121	1679.339085	1637.769225	41.569860
6.163962	1676.177195	1634.896499	41.280696
6.177802	1672.942209	1631.948891	40.993318
6.191642	1669.635093	1628.927375	40.707718
6.205483	1666.256816	1625.832924	40.423892
6.219323	1662.808346	1622.666515	40.141831
6.233163	1659.290655	1619.429125	39.861530
6.247004	1655.704712	1616.121730	39.582982
6.260844	1652.051489	1612.745308	39.306180
6.274685	1648.331956	1609.300838	39.031118
6.288525	1644.547086	1605.789298	38.757788
6.302365	1640.697849	1602.211664	38.486185
6.316206	1636.785215	1598.568915	38.216300
6.330046	1632.810154	1594.862026	37.948127
6.343886	1628.773633	1591.091974	37.681659
6.357727	1624.676621	1587.259732	37.416889
6.371567	1620.520084	1583.366274	37.153810
6.385407	1616.304984	1579.412570	36.892414
6.399248	1612.032286	1575.399591	36.632695
6.413088	1607.702948	1571.328303	36.374645
6.426929	1603.317930	1567.199674	36.118256
6.440769	1598.878187	1563.014665	35.863522
6.454609	1594.384672	1558.774237	35.610435
6.468450	1589.838336	1554.479348	35.358988
6.482290	1585.240126	1550.130953	35.109173
6.496130	1580.590987	1545.730004	34.860983
6.509971	1575.891859	1541.277450	34.614410
6.523811	1571.143681	1536.774235	34.369446
6.537651	1566.347387	1532.221301	34.126085
6.551492	1561.503906	1527.619587	33.884319
6.565332	1556.614167	1522.970027	33.644140
6.579173	1551.679090	1518.273550	33.405540
6.593013	1546.699594	1513.531083	33.168512
6.606853	1541.676594	1508.743547	32.933048
6.620694	1536.610999	1503.911859	32.699140
6.634534	1531.503713	1499.036932	32.466781
6.648374	1526.355638	1494.119674	32.235964
6.662215	1521.167668	1489.160988	32.006679
6.676055	1515.940693	1484.161773	31.778921
6.689895	1510.675600	1479.122920	31.552680
6.703736	1505.373269	1474.045320	31.327949
6.717576	1500.034574	1468.929853	31.104721
6.731416	1494.660385	1463.777398	30.882987
6.745257	1489.251567	1458.588826	30.662741
6.759097	1483.808976	1453.365003	30.443973
6.772938	1478.333468	1448.106791	30.226677
6.786778	1472.825887	1442.815044	30.010844
6.800618	1467.287076	1437.490610	29.796467
6.814459	1461.717870	1432.134333	29.583537
6.828299	1456.119098	1426.747050	29.372048
6.842139	1450.491583	1421.329591	29.161992
6.855980	1444.836142	1415.882782	28.953360
6.869820	1439.153585	1410.407440	28.746145
6.883660	1433.444718	1404.904379	28.540339
6.897501	1427.710337	1399.374402	28.335934
6.911341	1421.951234	1393.818311	28.132923
6.925182	1416.168195	1388.236896	27.931298
6.939022	1410.361997	1382.630946	27.731051
6.952862	1404.533412	1377.001238	27.532174
6.966703	1398.683207	1371.348546	27.334660
6.980543	1392.812138	1365.673637	27.138501
6.994383	1386.920957	1359.977268	26.943689
7.008224	1381.010410	1354.260194	26.750217
7.022064	1375.081234	1348.523159	26.558076
7.035904	1369.134161	1342.766901	26.367259
7.049745	1363.169914	1336.992154	26.177760
7.063585	1357.189210	1331.199642	25.989569
7.077426	1351.192761	1325.390082	25.802679
7.091266	1345.181268	1319.564185	25.617083
7.105106	1339.155428	1313.722655	25.432773
7.118947	1333.115930	1307.866189	25.249741
7.132787	1327.063456	1301.995475	25.067981
7.146627	1320.998681	1296.111198	24.887484
7.160468	1314.922273	1290.214030	24.708243
7.174308	1308.834892	1284.304642	24.530250
7.188148	1302.737191	1278.383693	24.353498
7.201989	1296.629817	1272.451837	24.177979
7.215829	1290.513408	1266.509721	24.003687
7.229670	1284.388597	1260.557984	23.830613
7.243510	1278.256009	1254.597258	23.658751
7.257350	1272.116260	1248.628169	23.488092
7.271191	1265.969962	1242.651332	23.318630
7.285031	1259.817717	1236.667360	23.150356
7.298871	1253.660121	1230.676856	22.983265
7.312712	1247.497763	1224.680414	22.817348
7.326552	1241.331224	1218.678625	22.652599
7.340392	1235.161079	1212.672070	22.489009
7.354233	1228.987895	1206.661322	22.326573
7.368073	1222.812232	1200.646951	22.165282
7.381913	1216.634644	1194.629514	22.005129
7.395754	1210.455675	1188.609566	21.846108
7.409594	1204.275865	1182.587653	21.688212
7.423435	1198.095744	1176.564312	21.531432
7.437275	1191.915839	1170.540076	21.375763
7.451115	1185.736665	1164.515469	21.221196
7.464956	1179.558734	1158.491007	21.067726
7.478796	1173.382548	1152.467203	20.915345
7.492636	1167.208605	1146.444559	20.764046
7.506477	1161.037393	1140.423571	20.613822
7.520317	1154.869395	1134.404728	20.464667
7.534157	1148.705087	1128.388514	20.316573
7.547998	1142.544937	1122.375403	20.169534
7.561838	1136.389408	1116.365865	20.023543
7.575679	1130.238953	1110.360360	19.878593
7.589519	1124.094021	1104.359344	19.734677
7.603359	1117.955054	1098.363266	19.591789
7.617200	1111.822486	1092.372565	19.449921
7.631040	1105.696745	1086.387677	19.309068
7.644880	1099.578253	1080.409030	19.169223
7.658721	1093.467424	1074.437045	19.030379
7.672561	1087.364665	1068.472136	18.892529
7.686401	1081.270379	1062.514712	18.755667
7.700242	1075.184961	1056.565174	18.619787
7.714082	1069.108798	1050.623916	18.484882
7.727923	1063.042273	1044.691329	18.350945
7.741763	1056.985762	1038.767792	18.217970
7.755603	1050.939633	1032.853682	18.085951
7.769444	1044.904250	1026.949369	17.954881
7.783284	1038.879969	1021.055215	17.824754
7.797124	1032.867141	1015.171576	17.695565
7.810965	1026.866109	1009.298804	17.567305
7.824805	1020.877212	1003.437242	17.439970
7.838645	1014.900782	997.587229	17.313553
7.852486	1008.937144	991.749097	17.188048
7.866326	1002.986619	985.923171	17.063448
7.880167	997.049519	980.109771	16.939748
7.894007	991.126154	974.309212	16.816942
7.907847	985.216824	968.521801	16.695023
7.921688	979.321827	962.747841	16.573986
7.935528	973.441453	956.987628	16.453825
7.949368	967.575985	951.241453	16.334532
7.963209	961.725704	945.509600	16.216104
7.977049	955.890882	939.792348	16.098534
7.990889	950.071787	934.089972	15.981815
8.004730	944.268681	928.402739	15.865942
8.018570	938.481822	922.730912	15.750910
8.032411	932.711459	917.074746	15.636713
8.046251	926.957839	911.434495	15.523344
8.060091	921.221202	905.810404	15.410798
8.073932	915.501784	900.202714	15.299070
8.087772	909.799814	894.611660	15.188154
8.101612	904.115517	889.037473	15.078044
8.115453	898.449112	883.480377	14.968734
8.129293	892.800813	877.940593	14.860220
8.143133	887.170831	872.418336	14.752495
8.156974	881.559369	866.913814	14.645555
8.170814	875.966627	861.427233	14.539393
8.184654	870.392798	855.958793	14.434005
8.198495	864.838074	850.508689	14.329384
8.212335	859.302638	845.077111	14.225527
8.226176	853.786670	839.664244	14.122426
8.240016	848.290347	834.270269	14.020077
8.253856	842.813837	828.895362	13.918475
8.267697	837.357309	823.539694	13.817615
8.281537	831.920922	818.203432	13.717491
8.295377	826.504835	812.886737	13.618098
8.309218	821.109199	807.589769	13.519431
8.323058	815.734164	802.312679	13.421485
8.336898	810.379872	797.055617	13.324254
8.350739	805.046463	791.818728	13.227735
8.364579	799.734072	786.602151	13.131921
8.378420	794.442831	781.406023	13.036808
8.392260	789.172866	776.230476	12.942391
8.406100	783.924301	771.075637	12.848664
8.419941	778.697253	765.941629	12.755624
8.433781	773.491838	760.828573	12.663265
8.447621	768.308167	755.736585	12.571582
8.461462	763.146346	750.665774	12.480571
8.475302	758.006478	745.616251	12.390227
8.489142	752.888662	740.588118	12.300544
8.502983	747.792995	735.581476	12.211519
8.516823	742.719567	730.596420	12.123147
8.530664	737.668467	725.633045	12.035422
8.544504	732.639779	720.691438	11.948341
8.558344	727.633584	715.771686	11.861898
8.572185	722.649960	710.873870	11.776090
8.586025	717.688980	705.998069	11.690911
8.599865	712.750715	701.144357	11.606358
8.613706	707.835232	696.312807	11.522425
8.627546	702.942594	691.503486	11.439109
8.641386	698.072863	686.716459	11.356404
8.655227	693.226094	681.951788	11.274306
8.669067	688.402343	677.209531	11.192812
8.682908	683.601660	672.489744	11.111916
8.696748	678.824093	667.792478	11.031615
8.710588	674.069687	663.117783	10.951904
8.724429	669.338483	658.465704	10.872779
8.738269	664.630519	653.836284	10.794235
8.752109	659.945832	649.229564	10.716269
8.765950	655.284455	644.645580	10.638876
8.779790	650.646418	640.084366	10.562052
8.793630	646.031747	635.545954	10.485793
8.807471	641.440467	631.030373	10.410095
8.821311	636.872601	626.537647	10.334953
8.835152	632.328167	622.067802	10.260365
8.848992	627.807181	617.620855	10.186326
8.862832	623.309657	613.196827	10.112831
8.876673	618.835608	608.795731	10.039877
8.890513	614.385041	604.417581	9.967460
8.904353	609.957963	600.062386	9.895576
8.918194	605.554377	595.730156	9.824221
8.932034	601.174286	591.420894	9.753392
8.945874	596.817688	587.134604	9.683084
8.959715	592.484581	582.871287	9.613294
8.973555	588.174958	578.630941	9.544017
8.987395	583.888813	574.413562	9.475251
9.001236	579.626135	570.219144	9.406991
9.015076	575.386913	566.047678	9.339234
9.028917	571.171131	561.899155	9.271976
9.042757	566.978775	557.773562	9.205214
9.056597	562.809826	553.670883	9.138943
9.070438	558.664263	549.591103	9.073160
9.084278	554.542065	545.534203	9.007862
9.098118	550.443207	541.500161	8.943046
9.111959	546.367663	537.488957	8.878706
9.125799	542.315405	533.500564	8.814841
9.139639	538.286404	529.534957	8.751446
9.153480	534.280627	525.592108	8.688519
9.167320	530.298042	521.671987	8.626055
9.181161	526.338613	517.774562	8.564051
9.195001	522.402304	513.899800	8.502505
9.208841	518.489077	510.047665	8.441411
9.222682	514.598890	506.218122	8.380768
9.236522	510.731704	502.411131	8.320572
9.250362	506.887473	498.626653	8.260820
9.264203	503.066154	494.864646	8.201508
9.278043	499.267701	491.125068	8.142633
9.291883	495.492065	487.407873	8.084192
9.305724	491.739198	483.713016	8.026182
9.319564	488.009048	480.040449	7.968599
9.333405	484.301564	476.390124	7.911440
9.347245	480.616693	472.761990	7.854703
9.361085	476.954380	469.155996	7.798384
9.374926	473.314569	465.572089	7.742480
9.388766	469.697203	462.010215	7.686988
9.402606	466.102222	458.470318	7.631904
9.416447	462.529569	454.952342	7.577227
9.430287	458.979182	451.456229	7.522953
9.444127	455.450998	447.981920	7.469078
9.457968	451.944955	444.529355	7.415600
9.471808	448.460989	441.098472	7.362517
9.485649	444.999033	437.689209	7.309824
9.499489	441.559023	434.301503	7.257520
9.513329	438.140890	430.935289	7.205601
9.527170	434.744567	427.590502	7.154065
9.541010	431.369983	424.267075	7.102908
9.554850	428.017068	420.964940	7.052128
9.568691	424.685752	417.684030	7.001722
9.582531	421.375963	414.424275	6.951688
9.596371	418.087626	411.185604	6.902022
9.610212	414.820669	407.967948	6.852721
9.624052	411.575016	404.771232	6.803784
9.637893	408.350593	401.595386	6.755207
9.651733	405.147323	398.440335	6.706988
9.665573	401.965128	395.306005	6.659124
9.679414	398.803932	392.192320	6.611612
9.693254	395.663655	389.099206	6.564450
9.707094	392.544219	386.026584	6.517635
9.720935	389.445544	382.974379	6.471164
9.734775	386.367549	379.942512	6.425036
9.748615	383.310152	376.930905	6.379247
9.762456	380.273273	373.939478	6.333796
9.776296	377.256829	370.968151	6.288678
9.790136	374.260737	368.016844	6.243893
9.803977	371.284913	365.085477	6.199437
9.817817	368.329274	362.173966	6.155308
9.831658	365.393735	359.282231	6.111504
9.845498	362.478211	356.410189	6.068022
9.859338	359.582616	353.557756	6.024859
9.873179	356.706864	350.724850	5.982014
9.887019	353.850869	347.911385	5.939484
9.900859	351.014545	345.117278	5.897267
9.914700	348.197803	342.342443	5.855360
9.928540	345.400556	339.586795	5.813761
9.942380	342.622717	336.850249	5.772468
9.956221	339.864197	334.132718	5.731479
9.970061	337.124906	331.434116	5.690790
9.983902	334.404756	328.754356	5.650401
9.997742	331.703659	326.093350	5.610308
10.011582	329.021522	323.451012	5.570510
10.025423	326.358258	320.827254	5.531004
10.039263	323.713776	318.221988	5.491788
10.053103	321.087985	315.635124	5.452860
10.066944	318.480794	313.066576	5.414218
10.080784	315.892113	310.516253	5.375860
10.094624	313.321851	307.984067	5.337783
10.108465	310.769915	305.469929	5.299986
10.122305	308.236215	302.973749	5.262466
10.136146	305.720659	300.495438	5.225221
10.149986	303.223155	298.034906	5.188250
10.163826	300.743612	295.592062	5.151550
10.177667	298.281936	293.166817	5.115119
10.191507	295.838035	290.759081	5.078955
10.205347	293.411818	288.368762	5.043056
10.219188	291.003192	285.995772	5.007421
10.233028	288.612065	283.640018	4.972046
10.246868	286.238343	281.301411	4.936931
10.260709	283.881934	278.979860	4.902074
10.274549	281.542746	276.675274	4.867471
10.288390	279.220685	274.387563	4.833122
10.302230	276.915659	272.116634	4.799025
10.316070	274.627576	269.862398	4.765178
10.329911	272.356341	267.624763	4.731578
10.343751	270.101864	265.403639	4.698224
10.357591	267.864050	263.198935	4.665115
10.371432	265.642807	261.010560	4.632248
10.385272	263.438043	258.838422	4.599621
10.399112	261.249664	256.682431	4.567233
10.412953	259.077579	254.542497	4.535082
10.426793	256.921694	252.418528	4.503166
10.440633	254.781917	250.310433	4.471484
10.454474	252.658156	248.218123	4.440033
10.468314	250.550319	246.141507	4.408812
10.482155	248.458312	244.080493	4.377819
10.495995	246.382045	242.034992	4.347053
10.509835	244.321425	240.004913	4.316512
10.523676	242.276360	237.990167	4.286194
10.537516	240.246759	235.990662	4.256097
10.551356	238.232530	234.006310	4.226220
10.565197	236.233581	232.037020	4.196561
10.579037	234.249821	230.082703	4.167118
10.592877	232.281160	228.143269	4.137891
10.606718	230.327505	226.218628	4.108877
10.620558	228.388767	224.308693	4.080074
10.634399	226.464855	222.413373	4.051482
10.648239	224.555677	220.532579	4.023098
10.662079	222.661145	218.666224	3.994921
10.675920	220.781168	216.814218	3.966950
10.689760	218.915655	214.976473	3.939183
10.703600	217.064518	213.152901	3.911617
10.717441	215.227668	211.343415	3.884253
10.731281	213.405014	209.547925	3.857088
10.745121	211.596467	207.766346	3.830121
10.758962	209.801940	205.998590	3.803350
10.772802	208.021344	204.244569	3.776775
10.786643	206.254590	202.504198	3.750392
10.800483	204.501590	200.777388	3.724202
10.814323	202.762257	199.064055	3.698202
10.828164	201.036503	197.364111	3.672392
10.842004	199.324241	195.677472	3.646769
10.855844	197.625384	194.004051	3.621332
10.869685	195.939845	192.343764	3.596081
10.883525	194.267537	190.696525	3.571013
10.897365	192.608376	189.062249	3.546127
10.911206	190.962274	187.440852	3.521422
10.925046	189.329146	185.832250	3.496896
10.938887	187.708907	184.236359	3.472549
10.952727	186.101472	182.653094	3.448378
10.966567	184.506757	181.082374	3.424383
10.980408	182.924676	179.524114	3.400562
10.994248	181.355146	177.978233	3.376914
11.008088	179.798083	176.444646	3.353437
11.021929	178.253404	174.923273	3.330131
11.035769	176.721025	173.414032	3.306994
11.049609	175.200864	171.916840	3.284024
11.063450	173.692838	170.431617	3.261221
11.077290	172.196865	168.958281	3.238583
11.091131	170.712862	167.496753	3.216109
11.104971	169.240750	166.046951	3.193798
11.118811	167.780446	164.608797	3.171649
11.132652	166.331869	163.182209	3.149660
11.146492	164.894940	161.767109	3.127830
11.160332	163.469577	160.363418	3.106158
11.174173	162.055701	158.971058	3.084643
11.188013	160.653233	157.589949	3.063284
11.201853	159.262093	156.220014	3.042079
11.215694	157.882203	154.861176	3.021027
11.229534	156.513484	153.513356	3.000128
11.243374	155.155858	152.176478	2.979380
11.257215	153.809247	150.850466	2.958781
11.271055	152.473575	149.535243	2.938331
11.284896	151.148763	148.230733	2.918029
11.298736	149.834735	146.936861	2.897874
11.312576	148.531416	145.653551	2.877864
11.326417	147.238728	144.380729	2.857999
11.340257	145.956597	143.118320	2.838277
11.354097	144.684947	141.866250	2.818697
11.367938	143.423703	140.624445	2.799258
11.381778	142.172791	139.392832	2.779959
11.395618	140.932137	138.171337	2.760800
11.409459	139.701666	136.959888	2.741779
11.423299	138.481307	135.758412	2.722894
11.437140	137.270985	134.566839	2.704146
11.450980	136.070627	133.385094	2.685533
11.464820	134.880162	132.213109	2.667053
11.478661	133.699518	131.050811	2.648707
11.492501	132.528624	129.898131	2.630493
11.506341	131.367407	128.754997	2.612410
11.520182	130.215797	127.621341	2.594456
11.534022	129.073724	126.497092	2.576632
11.547862	127.941118	125.382182	2.558936
11.561703	126.817909	124.276542	2.541368
11.575543	125.704028	123.180103	2.523925
11.589384	124.599406	122.092798	2.506608
11.603224	123.503974	121.014559	2.489415
11.617064	122.417665	119.945319	2.472345
11.630905	121.340409	118.885011	2.455398
11.644745	120.272141	117.833568	2.438573
11.658585	119.212793	116.790924	2.421868
11.672426	118.162298	115.757014	2.405284
11.686266	117.120590	114.731772	2.388818
11.700106	116.087603	113.715133	2.372470
11.713947	115.063272	112.707033	2.356239
11.727787	114.047531	111.707407	2.340125
11.741628	113.040316	110.716191	2.324125
11.755468	112.041562	109.733321	2.308241
11.769308	111.051205	108.758735	2.292470
11.783149	110.069182	107.792370	2.276812
11.796989	109.095429	106.834163	2.261266
11.810829	108.129884	105.884052	2.245832
11.824670	107.172483	104.941976	2.230507
11.838510	106.223165	104.007873	2.215293
11.852350	105.281868	103.081681	2.200187
11.866191	104.348530	102.163342	2.185189
11.880031	103.423091	101.252793	2.170298
11.893872	102.505489	100.349976	2.155513
11.907712	101.595665	99.454831	2.140834
11.921552	100.693558	98.567298	2.126260
11.935393	99.799109	97.687320	2.111790
11.949233	98.912259	96.814836	2.097423
11.963073	98.032948	95.949790	2.083158
11.976914	97.161119	95.092124	2.068995
11.990754	96.296713	94.241780	2.054933
12.004594	95.439673	93.398702	2.040972
12.018435	94.589941	92.562832	2.027109
12.032275	93.747460	91.734114	2.013346
12.046115	92.912173	90.912493	1.999680
12.059956	92.084024	90.097912	1.986112
12.073796	91.262958	89.290318	1.972640
12.087637	90.448918	88.489654	1.959264
12.101477	89.641850	87.695866	1.945984
12.115317	88.841698	86.908900	1.932797
12.129158	88.048408	86.128703	1.919705
12.142998	87.261926	85.355220	1.906705
12.156838	86.482198	84.588400	1.893798
12.170679	85.709170	83.828188	1.880983
12.184519	84.942790	83.074532	1.868258
12.198359	84.183005	82.327381	1.855624
12.212200	83.429762	81.586683	1.843079
12.226040	82.683010	80.852386	1.830624
12.239881	81.942696	80.124440	1.818256
12.253721	81.208769	79.402792	1.805977
12.267561	80.481179	78.687394	1.793784
12.281402	79.759874	77.978196	1.781678
12.295242	79.044804	77.275146	1.769658
12.309082	78.335920	76.578197	1.757723
12.322923	77.633170	75.887299	1.745872
12.336763	76.936508	75.202403	1.734105
12.350603	76.245882	74.523461	1.722422
12.364444	75.561245	73.850425	1.710821
12.378284	74.882549	73.183247	1.699302
12.392125	74.209744	72.521880	1.687864
12.405965	73.542785	71.866277	1.676508
12.419805	72.881622	71.216391	1.665231
12.433646	72.226210	70.572176	1.654034
12.447486	71.576502	69.933585	1.642917
12.461326	70.932451	69.300573	1.631877
12.475167	70.294011	68.673095	1.620916
12.489007	69.661137	68.051105	1.610032
12.502847	69.033783	67.434558	1.599225
12.516688	68.411905	66.823411	1.588494
12.530528	67.795457	66.217618	1.577839
12.544369	67.184395	65.617136	1.567258
12.558209	66.578675	65.021922	1.556753
12.572049	65.978253	64.431932	1.546321
12.585890	65.383085	63.847123	1.535962
12.599730	64.793130	63.267452	1.525677
12.613570	64.208342	62.692878	1.515464
12.627411	63.628681	62.123359	1.505323
12.641251	63.054104	61.558851	1.495253
12.655091	62.484569	60.999315	1.485254
12.668932	61.920034	60.444709	1.475325
12.682772	61.360458	59.894992	1.465466
12.696612	60.805800	59.350124	1.455676
12.710453	60.256019	58.810064	1.445955
12.724293	59.711075	58.274773	1.436302
12.738134	59.170927	57.744210	1.426717
12.751974	58.635537	57.218337	1.417199
12.765814	58.104863	56.697115	1.407748
12.779655	57.578867	56.180504	1.398363
12.793495	57.057511	55.668467	1.389044
12.807335	56.540754	55.160964	1.379790
12.821176	56.028560	54.657958	1.370601
12.835016	55.520889	54.159412	1.361477
12.848856	55.017704	53.665288	1.352416
12.862697	54.518968	53.175549	1.343419
12.876537	54.024643	52.690158	1.334484
12.890378	53.534692	52.209079	1.325612
12.904218	53.049078	51.732275	1.316803
12.918058	52.567765	51.259711	1.308054
12.931899	52.090717	50.791350	1.299367
12.945739	51.617898	50.327158	1.290741
12.959579	51.149273	49.867098	1.282174
12.973420	50.684805	49.411137	1.273668
12.987260	50.224460	48.959239	1.265221
13.001100	49.768203	48.511371	1.256833
13.014941	49.316000	48.067497	1.248503
13.028781	48.867816	47.627585	1.240231
13.042622	48.423617	47.191600	1.232017
13.056462	47.983370	46.759509	1.223861
13.070302	47.547040	46.331279	1.215761
13.084143	47.114596	45.906878	1.207717
13.097983	46.686002	45.486272	1.199730
13.111823	46.261228	45.069430	1.191798
13.125664	45.840240	44.656319	1.183921
13.139504	45.423007	44.246907	1.176100
13.153344	45.009496	43.841164	1.168332
13.167185	44.599675	43.439056	1.160618
13.181025	44.193513	43.040554	1.152959
13.194866	43.790979	42.645627	1.145352
13.208706	43.392042	42.254244	1.137798
13.222546	42.996670	41.866374	1.130296
13.236387	42.604834	41.481987	1.122847
13.250227	42.216503	41.101054	1.115449
13.264067	41.831648	40.723545	1.108103
13.277908	41.450237	40.349430	1.100807
13.291748	41.072243	39.978680	1.093562
13.305588	40.697634	39.611267	1.086368
13.319429	40.326384	39.247161	1.079223
13.333269	39.958461	38.886333	1.072127
13.347110	39.593838	38.528757	1.065081
13.360950	39.232486	38.174403	1.058084
13.374790	38.874378	37.823244	1.051134
13.388631	38.519485	37.475251	1.044233
13.402471	38.167779	37.130399	1.037380
13.416311	37.819232	36.788658	1.030574
13.430152	37.473819	36.450004	1.023815
13.443992	37.131510	36.114408	1.017103
13.457832	36.792281	35.781844	1.010437
13.471673	36.456103	35.452286	1.003817
13.485513	36.122950	35.125708	0.997243
13.499353	35.792797	34.802083	0.990714
13.513194	35.465617	34.481387	0.984230
13.527034	35.141384	34.163593	0.977791
13.540875	34.820073	33.848677	0.971396
13.554715	34.501658	33.536613	0.965045
13.568555	34.186114	33.227376	0.958738
13.582396	33.873416	32.920942	0.952474
13.596236	33.563540	32.617286	0.946254
13.610076	33.256460	32.316384	0.940076
13.623917	32.952153	32.018212	0.933941
13.637757	32.650593	31.722745	0.927848
13.651597	32.351758	31.429961	0.921797
13.665438	32.055623	31.139836	0.915787
13.679278	31.762165	30.852346	0.909819
13.693119	31.471360	30.567468	0.903892
13.706959	31.183185	30.285180	0.898005
13.720799	30.897618	30.005458	0.892159
13.734640	30.614634	29.728281	0.886353
13.748480	30.334212	29.453625	0.880587
13.762320	30.056329	29.181469	0.874860
13.776161	29.780962	28.911790	0.869172
13.790001	29.508091	28.644567	0.863524
13.803841	29.237692	28.379777	0.857914
13.817682	28.969743	28.117401	0.852343
13.831522	28.704225	27.857415	0.846809
13.845363	28.441114	27.599800	0.841314
13.859203	28.180391	27.344534	0.835856
13.873043	27.922033	27.091597	0.830436
13.886884	27.666019	26.840967	0.825052
13.900724	27.412331	26.592625	0.819706
13.914564	27.160946	26.346550	0.814395
13.928405	26.911844	26.102722	0.809122
13.942245	26.665005	25.861122	0.803884
13.956085	26.420410	25.621729	0.798682
13.969926	26.178038	25.384523	0.793515
13.983766	25.937870	25.149487	0.788383
13.997607	25.699886	24.916599	0.783287
14.011447	25.464067	24.685841	0.778225
14.025287	25.230393	24.457195	0.773198
14.039128	24.998846	24.230641	0.768205
14.052968	24.769407	24.006161	0.763246
14.066808	24.542057	23.783736	0.758321
14.080649	24.316778	23.563348	0.753429
14.094489	24.093550	23.344979	0.748571
14.108329	23.872357	23.128611	0.743746
14.122170	23.653179	22.914226	0.738953
14.136010	23.435999	22.701806	0.734193
14.149851	23.220800	22.491334	0.729465
14.163691	23.007562	22.282793	0.724770
14.177531	22.796270	22.076164	0.720106
14.191372	22.586906	21.871431	0.715474
14.205212	22.379452	21.668578	0.710874
14.219052	22.173891	21.467587	0.706304
14.232893	21.970207	21.268441	0.701766
14.246733	21.768382	21.071124	0.697258
14.260573	21.568401	20.875620	0.692781
14.274414	21.370247	20.681913	0.688334
14.288254	21.173903	20.489985	0.683918
14.302094	20.979353	20.299822	0.679531
14.315935	20.786581	20.111408	0.675174
14.329775	20.595572	19.924726	0.670846
14.343616	20.406309	19.739761	0.666548
14.357456	20.218777	19.556498	0.662278
14.371296	20.032960	19.374922	0.658038
14.385137	19.848843	19.195017	0.653826
14.398977	19.666411	19.016768	0.649643
14.412817	19.485648	18.840160	0.645488
14.426658	19.306540	18.665179	0.641361
14.440498	19.129072	18.491810	0.637261
14.454338	18.953228	18.320039	0.633190
14.468179	18.778995	18.149850	0.629146
14.482019	18.606358	17.981230	0.625129
14.495860	18.435303	17.814164	0.621139
14.509700	18.265815	17.648639	0.617176
14.523540	18.097880	17.484641	0.613240
14.537381	17.931485	17.322155	0.609330
14.551221	17.766615	17.161168	0.605446
14.565061	17.603257	17.001668	0.601589
14.578902	17.441396	16.843639	0.597758
14.592742	17.281021	16.687069	0.593952
14.606582	17.122116	16.531944	0.590172
14.620423	16.964669	16.378252	0.586417
14.634263	16.808667	16.225980	0.582688
14.648104	16.654097	16.075114	0.578983
14.661944	16.500946	15.925642	0.575304
14.675784	16.349200	15.777551	0.571649
14.689625	16.198848	15.630830	0.568018
14.703465	16.049876	15.485464	0.564412
14.717305	15.902273	15.341443	0.560830
14.731146	15.756025	15.198753	0.557272
14.744986	15.611121	15.057383	0.553738
14.758826	15.467549	14.917321	0.550228
14.772667	15.325295	14.778554	0.546741
14.786507	15.184349	14.641072	0.543277
14.800348	15.044699	14.504862	0.539837
14.814188	14.906332	14.369912	0.536420
14.828028	14.769237	14.236212	0.533025
14.841869	14.633403	14.103750	0.529653
14.855709	14.498819	13.972515	0.526304
14.869549	14.365472	13.842495	0.522977
14.883390	14.233351	13.713680	0.519672
14.897230	14.102447	13.586057	0.516389
14.911070	13.972746	13.459618	0.513128
14.924911	13.844239	13.334350	0.509889
14.938751	13.716915	13.210243	0.506671
14.952591	13.590763	13.087287	0.503475
14.966432	13.465771	12.965471	0.500301
14.980272	13.341931	12.844784	0.497147
14.994113	13.219231	12.725217	0.494014
15.007953	13.097660	12.606758	0.490902
15.021793	12.977209	12.489398	0.487811
15.035634	12.857868	12.373127	0.484741
15.049474	12.739626	12.257935	0.481690
15.063314	12.622473	12.143812	0.478661
15.077155	12.506399	12.030748	0.475651
15.090995	12.391395	11.918734	0.472661
15.104835	12.277451	11.807760	0.469691
15.118676	12.164556	11.697815	0.466741
15.132516	12.052702	11.588892	0.463810
15.146357	11.941880	11.480981	0.460899
15.160197	11.832078	11.374071	0.458007
15.174037	11.723289	11.268155	0.455134
15.187878	11.615503	11.163223	0.452281
15.201718	11.508711	11.059265	0.449446
15.215558	11.402904	10.956274	0.446630
15.229399	11.298072	10.854240	0.443832
15.243239	11.194208	10.753154	0.441053
15.257079	11.091301	10.653008	0.438293
15.270920	10.989344	10.553793	0.435551
15.284760	10.888327	10.455500	0.432826
15.298601	10.788242	10.358122	0.430120
15.312441	10.689081	10.261649	0.427432
15.326281	10.590834	10.166073	0.424761
15.340122	10.493494	10.071386	0.422109
15.353962	10.397053	9.977580	0.419473
15.367802	10.301502	9.884647	0.416855
15.381643	10.206832	9.792578	0.414254
15.395483	10.113037	9.701366	0.411671
15.409323	10.020107	9.611003	0.409104
15.423164	9.928036	9.521481	0.406554
15.437004	9.836814	9.432792	0.404022
15.450845	9.746435	9.344929	0.401505
15.464685	9.656890	9.257884	0.399006
15.478525	9.568172	9.171649	0.396522
15.492366	9.480273	9.086217	0.394056
15.506206	9.393186	9.001581	0.391605
15.520046	9.306903	8.917733	0.389170
15.533887	9.221418	8.834666	0.386752
15.547727	9.136722	8.752373	0.384349
15.561567	9.052808	8.670846	0.381962
15.575408	8.969670	8.590079	0.379591
15.589248	8.887299	8.510064	0.377235
15.603089	8.805690	8.430795	0.374895
15.616929	8.724834	8.352264	0.372570
15.630769	8.644726	8.274466	0.370260
15.644610	8.565358	8.197392	0.367966
15.658450	8.486723	8.121037	0.365686
15.672290	8.408815	8.045393	0.363422
15.686131	8.331627	7.970455	0.361172
15.699971	8.255152	7.896215	0.358937
15.713811	8.179384	7.822668	0.356716
15.727652	8.104316	7.749806	0.354511
15.741492	8.029943	7.677624	0.352319
15.755332	7.956256	7.606114	0.350142
15.769173	7.883251	7.535272	0.347979
15.783013	7.810920	7.465090	0.345830
15.796854	7.739258	7.395563	0.343695
15.810694	7.668259	7.326684	0.341574
15.824534	7.597916	7.258448	0.339467
15.838375	7.528223	7.190849	0.337374
15.852215	7.459174	7.123880	0.335294
15.866055	7.390764	7.057536	0.333228
15.879896	7.322987	6.991811	0.331176
15.893736	7.255836	6.926699	0.329136
15.907576	7.189306	6.862195	0.327110
15.921417	7.123391	6.798293	0.325097
15.935257	7.058085	6.734987	0.323098
15.949098	6.993383	6.672273	0.321111
15.962938	6.929280	6.610143	0.319137
15.976778	6.865769	6.548593	0.317176
15.990619	6.802846	6.487618	0.315228
16.004459	6.740504	6.427212	0.313292
16.018299	6.678739	6.367370	0.311369
16.032140	6.617546	6.308087	0.309459
16.045980	6.556918	6.249357	0.307560
16.059820	6.496850	6.191176	0.305674
16.073661	6.437338	6.133538	0.303801
16.087501	6.378377	6.076438	0.301939
16.101342	6.319961	6.019871	0.300090
16.115182	6.262085	5.963832	0.298252
16.129022	6.204744	5.908317	0.296427
16.142863	6.147933	5.853320	0.294613
16.156703	6.091648	5.798837	0.292811
16.170543	6.035883	5.744863	0.291021
16.184384	5.980634	5.691393	0.289242
16.198224	5.925896	5.638422	0.287475
16.212064	5.871665	5.585946	0.285719
16.225905	5.817934	5.533960	0.283974
16.239745	5.764701	5.482460	0.282241
16.253586	5.711960	5.431441	0.280519
16.267426	5.659707	5.380899	0.278808
16.281266	5.607936	5.330829	0.277108
16.295107	5.556645	5.281226	0.275419
16.308947	5.505828	5.232087	0.273741
16.322787	5.455481	5.183407	0.272073
16.336628	5.405599	5.135182	0.270417
16.350468	5.356179	5.087408	0.268771
16.364308	5.307216	5.040080	0.267136
16.378149	5.258705	4.993194	0.265511
16.391989	5.210643	4.946746	0.263897
16.405830	5.163025	4.900733	0.262293
16.419670	5.115848	4.855149	0.260699
16.433510	5.069107	4.809991	0.259116
16.447351	5.022798	4.765256	0.257542
16.461191	4.976917	4.720938	0.255979
16.475031	4.931461	4.677035	0.254426
16.488872	4.886425	4.633541	0.252883
16.502712	4.841805	4.590455	0.251350
16.516552	4.797597	4.547771	0.249826
16.530393	4.753798	4.505486	0.248313
16.544233	4.710405	4.463596	0.246809
16.558073	4.667412	4.422097	0.245315
16.571914	4.624817	4.380987	0.243830
16.585754	4.582615	4.340261	0.242355
16.599595	4.540804	4.299915	0.240889
16.613435	4.499379	4.259947	0.239432
16.627275	4.458337	4.220352	0.237985
16.641116	4.417674	4.181127	0.236548
16.654956	4.377387	4.142269	0.235119
16.668796	4.337473	4.103774	0.233699
16.682637	4.297927	4.065638	0.232289
16.696477	4.258747	4.027860	0.230887
16.710317	4.219929	3.990434	0.229495
16.724158	4.181469	3.953358	0.228111
16.737998	4.143365	3.916629	0.226736
16.751839	4.105613	3.880243	0.225370
16.765679	4.068210	3.844197	0.224013
16.779519	4.031152	3.808488	0.222664
16.793360	3.994437	3.773113	0.221324
16.807200	3.958061	3.738068	0.219993
