   255.408478     (  0.213697553     ,   2.68930697     )
   256.153809     (  0.233468324     ,   2.78284621     )
   256.899139     (  0.253239095     ,   2.87638545     )
   257.644470     (  0.243703932     ,   2.80072784     )
   258.389832     (  0.229755327     ,   2.69958949     )
   259.135162     (  0.198073968     ,   2.81285000     )
   259.880493     (  0.160099238     ,   3.00220084     )
   260.625824     (  0.171966210     ,   3.04422021     )
   261.371155     (  0.216129482     ,   2.99077177     )
   262.116486     (  0.253373772     ,   2.97503352     )
   262.861847     (  0.282982528     ,   3.00091124     )
   263.607178     (  0.304112792     ,   3.01693296     )
   264.352509     (  0.309063256     ,   3.01414609     )
   265.097839     (  0.310633868     ,   3.02583098     )
   265.843170     (  0.299648553     ,   3.09127712     )
   266.588501     (  0.292583972     ,   3.14510942     )
   267.333832     (  0.330497682     ,   3.06570840     )
   268.079193     (  0.368411392     ,   2.98630738     )
   268.824524     (  0.284629256     ,   3.12868905     )
   269.569855     (  0.194191650     ,   3.28319979     )
   270.315186     (  0.268853515     ,   3.25563359     )
   271.060516     (  0.380746603     ,   3.18700767     )
   271.805847     (  0.429538697     ,   3.16865897     )
   272.551178     (  0.449128419     ,   3.17357802     )
   273.296539     (  0.468960494     ,   3.19856548     )
   274.041870     (  0.488989860     ,   3.23989153     )
   274.787201     (  0.490192682     ,   3.26296306     )
   275.532532     (  0.465248704     ,   3.26068234     )
   276.277863     (  0.468888551     ,   3.24808478     )
   277.023193     (  0.543928266     ,   3.20971680     )
   277.768555     (  0.603818357     ,   3.19222403     )
   278.513885     (  0.579860926     ,   3.29026747     )
   279.259216     (  0.557342708     ,   3.38532281     )
   280.004547     (  0.605148137     ,   3.33437872     )
   280.749878     (  0.652953506     ,   3.28343487     )
   281.495209     (  0.703809977     ,   3.22651172     )
   282.240540     (  0.755055070     ,   3.16882682     )
   282.985901     (  0.765266120     ,   3.17965746     )
   283.731232     (  0.762073100     ,   3.21286941     )
   284.476562     (  0.799858034     ,   3.18064332     )
   285.221893     (  0.862708211     ,   3.10839057     )
   285.967224     (  0.900745809     ,   3.09472823     )
   286.712555     (  0.912655115     ,   3.14276338     )
   287.457886     (  0.925549984     ,   3.16893101     )
   288.203247     (  0.940247178     ,   3.15511250     )
   288.948578     (  0.962634623     ,   3.13861775     )
   289.693909     (   1.01229608     ,   3.11263156     )
   290.439240     (   1.06020725     ,   3.09030914     )
   291.184570     (   1.08957183     ,   3.10680819     )
   291.929901     (   1.11893642     ,   3.12330723     )
   292.675262     (   1.18789923     ,   3.01965714     )
   293.420593     (   1.25883961     ,   2.91000676     )
   294.165924     (   1.27839220     ,   2.86946917     )
   294.911255     (   1.28655112     ,   2.84425521     )
   295.656586     (   1.32247734     ,   2.79428840     )
   296.401917     (   1.37119853     ,   2.73291540     )
   297.147247     (   1.42424786     ,   2.68532610     )
   297.892609     (   1.48083115     ,   2.64899039     )
   298.637939     (   1.50809419     ,   2.60733175     )
   299.383270     (   1.49426329     ,   2.55821204     )
   300.128601     (   1.48863125     ,   2.49710274     )
   300.873932     (   1.50385404     ,   2.40549588     )
   301.619263     (   1.51822352     ,   2.31945443     )
   302.364594     (   1.52767611     ,   2.26547694     )
   303.109955     (   1.53723311     ,   2.21099663     )
   303.855286     (   1.55440855     ,   2.11987734     )
   304.600616     (   1.57158387     ,   2.02875805     )
   305.345947     (   1.53677356     ,   1.94180810     )
   306.091278     (   1.49481571     ,   1.85543144     )
   306.836609     (   1.46843660     ,   1.74295092     )
   307.581970     (   1.44739890     ,   1.62152028     )
   308.327301     (   1.40229678     ,   1.56190741     )
   309.072632     (   1.34181583     ,   1.54180014     )
   309.817963     (   1.30216360     ,   1.48237348     )
   310.563293     (   1.28548348     ,   1.37958097     )
   311.308624     (   1.25937831     ,   1.29854178     )
   312.053955     (   1.21504879     ,   1.25956488     )
   312.799316     (   1.16333365     ,   1.21535599     )
   313.544647     (   1.08318257     ,   1.15100336     )
   314.289978     (   1.00486982     ,   1.08604419     )
   315.035309     (  0.950464487     ,   1.01319659     )
   315.780640     (  0.896059155     ,  0.940349042     )
   316.525970     (  0.835929215     ,  0.875768185     )
   317.271301     (  0.775411844     ,  0.811746657     )
   318.016663     (  0.700381577     ,  0.747973084     )
   318.761993     (  0.621763051     ,  0.684260786     )
   319.507324     (  0.539561450     ,  0.635231137     )
   320.252655     (  0.455569953     ,  0.593536198     )
   320.997986     (  0.377432853     ,  0.554672956     )
   321.743317     (  0.304446608     ,  0.518301129     )
   322.488678     (  0.232782066     ,  0.484367013     )
   323.234009     (  0.163125232     ,  0.454135746     )
   323.979340     (   9.33193490E-02 ,  0.425848782     )
   324.724670     (   2.30936464E-02 ,  0.403038710     )
   325.470001     (  -4.73882295E-02 ,  0.380901337     )
   326.215332     ( -0.119631454     ,  0.363389432     )
   326.960663     ( -0.191874683     ,  0.345877528     )
   327.706024     ( -0.263915211     ,  0.337240487     )
   328.451355     ( -0.335954070     ,  0.328676224     )
   329.196686     ( -0.401855230     ,  0.325464368     )
   329.942017     ( -0.466730624     ,  0.323147029     )
   330.687347     ( -0.530247867     ,  0.322133034     )
   331.432678     ( -0.593241274     ,  0.321621746     )
   332.178009     ( -0.653965950     ,  0.326219857     )
   332.923370     ( -0.713091552     ,  0.334419459     )
   333.668701     ( -0.770509779     ,  0.342232257     )
   334.414032     ( -0.825852811     ,  0.349574864     )
   335.159363     ( -0.878525615     ,  0.357226521     )
   335.904694     ( -0.925423443     ,  0.365546495     )
   336.650024     ( -0.970967591     ,  0.373400033     )
   337.395386     (  -1.01038599     ,  0.379142910     )
   338.140717     (  -1.04984808     ,  0.384893149     )
   338.886047     (  -1.09022343     ,  0.390796751     )
   339.631378     (  -1.13059866     ,  0.396700352     )
   340.376709     (  -1.17374623     ,  0.402218044     )
   341.122040     (  -1.21716630     ,  0.407697856     )
   341.867371     (  -1.25673306     ,  0.411913335     )
   342.612732     (  -1.29518282     ,  0.415762305     )
   343.358063     (  -1.32582867     ,  0.416980773     )
   344.103394     (  -1.35208476     ,  0.416719526     )
   344.848724     (  -1.38309681     ,  0.415075421     )
   345.594055     (  -1.41877580     ,  0.412074357     )
   346.339386     (  -1.45564270     ,  0.410564721     )
   347.084717     (  -1.49453688     ,  0.411600500     )
   347.830078     (  -1.53360224     ,  0.412672848     )
   348.575409     (  -1.57322752     ,  0.413864881     )
   349.320740     (  -1.61197674     ,  0.413796365     )
   350.066071     (  -1.64274108     ,  0.402240187     )
   350.811401     (  -1.67350554     ,  0.390684009     )
   351.556732     (  -1.70549417     ,  0.392398417     )
   352.302094     (  -1.73752904     ,  0.394614577     )
   353.047424     (  -1.77491212     ,  0.389237374     )
   353.792755     (  -1.81340420     ,  0.382285684     )
   354.538086     (  -1.85823834     ,  0.379007965     )
   355.283417     (  -1.90588272     ,  0.377358228     )
   356.028748     (  -1.94555509     ,  0.375218064     )
   356.774078     (  -1.97890341     ,  0.372688919     )
   357.519440     (  -2.00983024     ,  0.368214309     )
   358.264771     (  -2.03744531     ,  0.361078650     )
   359.010101     (  -2.06596971     ,  0.354853094     )
   359.755432     (  -2.09675336     ,  0.350888252     )
   360.500763     (  -2.12985373     ,  0.348054737     )
   361.246094     (  -2.17590308     ,  0.351545274     )
   361.991425     (  -2.22197247     ,  0.355024576     )
   362.736786     (  -2.26922321     ,  0.357830435     )
   363.482117     (  -2.31647396     ,  0.360636294     )
   364.227448     (  -2.35377097     ,  0.361011177     )
   364.972778     (  -2.38972545     ,  0.361058056     )
   365.718109     (  -2.42090869     ,  0.354887426     )
   366.463440     (  -2.45046639     ,  0.346598744     )
   367.208801     (  -2.48095798     ,  0.346553773     )
   367.954132     (  -2.51204467     ,  0.351766378     )
   368.699463     (  -2.54869914     ,  0.354244590     )
   369.444794     (  -2.59149814     ,  0.353704989     )
   370.190125     (  -2.63491535     ,  0.352959663     )
   370.935455     (  -2.67953253     ,  0.351815075     )
   371.680786     (  -2.72180653     ,  0.350940794     )
   372.426147     (  -2.75498438     ,  0.351115912     )
   373.171478     (  -2.78732347     ,  0.351017445     )
   373.916809     (  -2.80844903     ,  0.347261578     )
   374.662140     (  -2.82957435     ,  0.343505740     )
   375.407471     (  -2.85686803     ,  0.340068370     )
   376.152802     (  -2.88459492     ,  0.336653411     )
   376.898132     (  -2.92596674     ,  0.337583184     )
   377.643494     (  -2.97076726     ,  0.339604706     )
   378.388824     (  -3.01735401     ,  0.341900706     )
   379.134155     (  -3.06484485     ,  0.344335616     )
   379.879486     (  -3.10510039     ,  0.347334385     )
   380.624817     (  -3.13890743     ,  0.350835711     )
   381.370148     (  -3.17078805     ,  0.352551758     )
   382.115509     (  -3.19970012     ,  0.351517618     )
   382.860840     (  -3.22545075     ,  0.349597752     )
   383.606171     (  -3.24213243     ,  0.345137000     )
   384.351501     (  -3.26116443     ,  0.341478139     )
   385.096832     (  -3.29690599     ,  0.343520015     )
   385.842163     (  -3.33264780     ,  0.345561892     )
   386.587494     (  -3.37844849     ,  0.344232649     )
   387.332855     (  -3.42436910     ,  0.342863202     )
   388.078186     (  -3.46817017     ,  0.345892131     )
   388.823517     (  -3.51160645     ,  0.349678367     )
   389.568848     (  -3.55122948     ,  0.349912196     )
   390.314178     (  -3.58935547     ,  0.348751098     )
   391.059509     (  -3.61801577     ,  0.346092254     )
   391.804840     (  -3.63990545     ,  0.342362016     )
   392.550201     (  -3.66349220     ,  0.341205359     )
   393.295532     (  -3.68917036     ,  0.343220800     )
   394.040863     (  -3.71646810     ,  0.345708013     )
   394.786194     (  -3.74732304     ,  0.349231184     )
   395.531525     (  -3.78014159     ,  0.351233393     )
   396.276855     (  -3.82203436     ,  0.346207708     )
   397.022217     (  -3.86390710     ,  0.341603041     )
   397.767548     (  -3.90533423     ,  0.346383810     )
   398.512878     (  -3.94676137     ,  0.351164579     )
   399.258209     (  -3.97997069     ,  0.349862844     )
   400.003540     (  -4.01234674     ,  0.347944468     )
   400.748871     (  -4.03887463     ,  0.348547012     )
   401.494202     (  -4.06368494     ,  0.349889815     )
   402.239563     (  -4.08629942     ,  0.352039874     )
   402.984894     (  -4.10766840     ,  0.354647875     )
   403.730225     (  -4.13381577     ,  0.353187710     )
   404.475555     (  -4.16468048     ,  0.347711176     )
   405.220886     (  -4.19787264     ,  0.344732732     )
   405.966217     (  -4.23505688     ,  0.346038789     )
   406.711548     (  -4.27443457     ,  0.347838312     )
   407.456909     (  -4.32101583     ,  0.351258337     )
   408.202240     (  -4.36630201     ,  0.354180306     )
   408.947571     (  -4.39975119     ,  0.352550536     )
   409.692902     (  -4.43320036     ,  0.350920796     )
   410.438232     (  -4.46561098     ,  0.351859570     )
   411.183563     (  -4.49798250     ,  0.352894783     )
   411.928925     (  -4.52441359     ,  0.355557531     )
   412.674255     (  -4.54961872     ,  0.358556002     )
   413.419586     (  -4.57391930     ,  0.358119369     )
   414.164917     (  -4.59782124     ,  0.356169641     )
   414.910248     (  -4.62844610     ,  0.355686426     )
   415.655579     (  -4.66436434     ,  0.356357962     )
   416.400909     (  -4.70145512     ,  0.355350316     )
   417.146271     (  -4.74013376     ,  0.352068812     )
   417.891602     (  -4.78041935     ,  0.351166874     )
   418.636932     (  -4.82463694     ,  0.356088400     )
   419.382263     (  -4.86753654     ,  0.360467851     )
   420.127594     (  -4.90327120     ,  0.361901015     )
   420.872925     (  -4.93888664     ,  0.363343924     )
   421.618256     (  -4.96884298     ,  0.365247756     )
   422.363617     (  -4.99879932     ,  0.367151588     )
   423.108948     (  -5.02406740     ,  0.364381105     )
   423.854279     (  -5.04873276     ,  0.361009389     )
   424.599609     (  -5.07537556     ,  0.362857461     )
   425.344940     (  -5.10267258     ,  0.366432309     )
   426.090271     (  -5.13539314     ,  0.366553307     )
   426.835632     (  -5.17148304     ,  0.364528924     )
   427.580963     (  -5.20841122     ,  0.364429682     )
   428.326294     (  -5.24623919     ,  0.366397083     )
   429.071625     (  -5.28650904     ,  0.367745638     )
   429.816956     (  -5.33135891     ,  0.367933482     )
   430.562286     (  -5.37520456     ,  0.369057566     )
   431.307617     (  -5.41534519     ,  0.373637408     )
   432.052979     (  -5.45457458     ,  0.378170967     )
   432.798309     (  -5.48313379     ,  0.382162720     )
   433.543640     (  -5.51169252     ,  0.386154473     )
   434.288971     (  -5.54115963     ,  0.382154226     )
   435.034302     (  -5.57068110     ,  0.377681196     )
   435.779633     (  -5.59987879     ,  0.377406120     )
   436.524963     (  -5.62900019     ,  0.378117412     )
   437.270325     (  -5.65879869     ,  0.378583252     )
   438.015656     (  -5.68892193     ,  0.378931016     )
   438.760986     (  -5.72380114     ,  0.380316496     )
   439.506317     (  -5.76271820     ,  0.382583112     )
   440.251648     (  -5.80227947     ,  0.384823173     )
   440.996979     (  -5.84278154     ,  0.387024492     )
   441.742340     (  -5.88346004     ,  0.388981193     )
   442.487671     (  -5.92461252     ,  0.390283108     )
   443.233002     (  -5.96572638     ,  0.391636819     )
   443.978333     (  -6.00659609     ,  0.393315077     )
   444.723663     (  -6.04741716     ,  0.394993961     )
   445.468994     (  -6.07309723     ,  0.396869928     )
   446.214325     (  -6.09877682     ,  0.398745894     )
   446.959686     (  -6.12886572     ,  0.395626217     )
   447.705017     (  -6.15961885     ,  0.391753137     )
   448.450348     (  -6.19252729     ,  0.389046460     )
   449.195679     (  -6.22621346     ,  0.386761039     )
   449.941010     (  -6.26003695     ,  0.388374448     )
   450.686340     (  -6.29395151     ,  0.392583340     )
   451.431671     (  -6.33001471     ,  0.395651191     )
   452.177032     (  -6.36853838     ,  0.397411704     )
   452.922363     (  -6.40828419     ,  0.398858190     )
   453.667694     (  -6.45049095     ,  0.399671942     )
   454.413025     (  -6.49135780     ,  0.400978595     )
   455.158356     (  -6.52678061     ,  0.404287785     )
   455.903687     (  -6.56233692     ,  0.407720655     )
   456.649048     (  -6.59987068     ,  0.412985086     )
   457.394379     (  -6.63740444     ,  0.418249488     )
   458.139709     (  -6.67018700     ,  0.415537894     )
   458.885040     (  -6.70260620     ,  0.412216961     )
   459.630371     (  -6.73113489     ,  0.406459302     )
   460.375702     (  -6.75865984     ,  0.400072813     )
   461.121033     (  -6.79145432     ,  0.401573271     )
   461.866394     (  -6.82695532     ,  0.407124013     )
   462.611725     (  -6.85726547     ,  0.410664618     )
   463.357056     (  -6.88290691     ,  0.412397474     )
   464.102386     (  -6.91569233     ,  0.412501782     )
   464.847717     (  -6.95954418     ,  0.410083711     )
   465.593048     (  -7.00055075     ,  0.409003675     )
   466.338379     (  -7.03338242     ,  0.411768436     )
   467.083740     (  -7.06601048     ,  0.414125323     )
   467.829071     (  -7.09720278     ,  0.413600892     )
   468.574402     (  -7.12839508     ,  0.413076460     )
   469.319733     (  -7.17094278     ,  0.415016741     )
   470.065063     (  -7.21360588     ,  0.416982174     )
   470.810394     (  -7.25215483     ,  0.422655046     )
   471.555756     (  -7.29001045     ,  0.428952575     )
   472.301086     (  -7.32572556     ,  0.431693584     )
   473.046417     (  -7.36061525     ,  0.433062971     )
   473.791748     (  -7.39236975     ,  0.433216512     )
   474.537079     (  -7.42192411     ,  0.432516545     )
   475.282410     (  -7.45332336     ,  0.432621509     )
   476.027740     (  -7.48694658     ,  0.433696538     )
   476.773102     (  -7.52251673     ,  0.435999453     )
   477.518433     (  -7.56223440     ,  0.440918416     )
   478.263763     (  -7.60139656     ,  0.444714665     )
   479.009094     (  -7.63811827     ,  0.443575084     )
   479.754425     (  -7.67454052     ,  0.442368269     )
   480.499756     (  -7.70542336     ,  0.439917445     )
   481.245087     (  -7.73630619     ,  0.437466651     )
   481.990448     (  -7.77316236     ,  0.443294555     )
   482.735779     (  -7.81055784     ,  0.449869543     )
   483.481110     (  -7.85148382     ,  0.453144282     )
   484.226440     (  -7.89338684     ,  0.455505401     )
   484.971771     (  -7.92750120     ,  0.457666844     )
   485.717102     (  -7.95740557     ,  0.459720343     )
   486.462463     (  -7.98928595     ,  0.459009945     )
   487.207794     (  -8.02302551     ,  0.455697805     )
   487.953125     (  -8.05811882     ,  0.455538690     )
   488.698456     (  -8.09541225     ,  0.460500836     )
   489.443787     (  -8.13063622     ,  0.464069873     )
   490.189117     (  -8.15955448     ,  0.463392437     )
   490.934448     (  -8.18978119     ,  0.463324845     )
   491.679810     (  -8.23027229     ,  0.468045145     )
   492.425140     (  -8.27076435     ,  0.472765446     )
   493.170471     (  -8.30905819     ,  0.472927511     )
   493.915802     (  -8.34730530     ,  0.472991914     )
   494.661133     (  -8.38276577     ,  0.473658293     )
   495.406464     (  -8.41771507     ,  0.474435091     )
   496.151825     (  -8.45894241     ,  0.471749872     )
   496.897156     (  -8.50272083     ,  0.467657387     )
   497.642487     (  -8.54231453     ,  0.470414430     )
   498.387817     (  -8.57883739     ,  0.478194028     )
   499.133148     (  -8.61285973     ,  0.486848027     )
   499.878479     (  -8.64373589     ,  0.496601850     )
   500.623810     (  -8.67529583     ,  0.500975788     )
   501.369171     (  -8.70838833     ,  0.493315786     )
   502.114502     (  -8.74285889     ,  0.487299949     )
   502.859833     (  -8.78382874     ,  0.489040256     )
   503.605164     (  -8.82413006     ,  0.490567118     )
   504.350494     (  -8.84878063     ,  0.487094820     )
   505.095825     (  -8.87343121     ,  0.483622521     )
   505.841156     (  -8.91286373     ,  0.488379955     )
   506.586517     (  -8.95381355     ,  0.493982196     )
   507.331848     (  -8.98868942     ,  0.497725725     )
   508.077179     (  -9.02177906     ,  0.500922978     )
   508.822510     (  -9.05777073     ,  0.501026928     )
   509.567841     (  -9.09540272     ,  0.499382287     )
   510.313171     (  -9.13243675     ,  0.500736117     )
   511.058533     (  -9.16888618     ,  0.505031109     )
   511.803864     (  -9.21162033     ,  0.505831659     )
   512.549194     (  -9.26502037     ,  0.500702083     )
   513.294495     (  -9.31263065     ,  0.498559147     )
   514.039856     (  -9.34157944     ,  0.506043077     )
   514.785217     (  -9.37202454     ,  0.513786972     )
   515.530518     (  -9.41553593     ,  0.523800611     )
   516.275879     (  -9.45904732     ,  0.533814311     )
   517.021179     (  -9.48519516     ,  0.525960982     )
   517.766541     (  -9.51078224     ,  0.517530382     )
   518.511902     (  -9.54994774     ,  0.506266952     )
   519.257202     (  -9.59180355     ,  0.494442403     )
   520.002563     (  -9.62009525     ,  0.495350093     )
   520.747864     (  -9.64259243     ,  0.501698434     )
   521.493225     (  -9.67423248     ,  0.517340660     )
   522.238525     (  -9.71286964     ,  0.540094852     )
   522.983887     (  -9.74740505     ,  0.551196873     )
   523.729248     (  -9.77655983     ,  0.547006726     )
   524.474548     (  -9.80856800     ,  0.542321384     )
   525.219910     (  -9.84728813     ,  0.536471486     )
   525.965210     (  -9.88788319     ,  0.531882584     )
   526.710571     (  -9.93801498     ,  0.533711672     )
   527.455872     (  -9.98760128     ,  0.535555482     )
   528.201233     (  -10.0196238     ,  0.537875533     )
   528.946594     (  -10.0516453     ,  0.540195584     )
   529.691895     (  -10.0959520     ,  0.533212602     )
   530.437256     (  -10.1416836     ,  0.525150299     )
   531.182556     (  -10.1872501     ,  0.538876235     )
   531.927917     (  -10.2327652     ,  0.559410274     )
   532.673218     (  -10.2696705     ,  0.565450549     )
   533.418579     (  -10.3014708     ,  0.562898099     )
   534.163940     (  -10.3422155     ,  0.557314456     )
   534.909241     (  -10.3921366     ,  0.548621058     )
   535.654602     (  -10.4338531     ,  0.544651031     )
   536.399902     (  -10.4609518     ,  0.549097478     )
   537.145264     (  -10.4905529     ,  0.554114103     )
   537.890564     (  -10.5287590     ,  0.561091661     )
   538.635925     (  -10.5665073     ,  0.567664266     )
   539.381287     (  -10.5996923     ,  0.570198774     )
   540.126587     (  -10.6328773     ,  0.572733343     )
   540.871948     (  -10.6656027     ,  0.580888510     )
   541.617249     (  -10.6983070     ,  0.589296579     )
   542.362610     (  -10.7248182     ,  0.577568650     )
   543.107910     (  -10.7499943     ,  0.561502218     )
   543.853271     (  -10.7939949     ,  0.558947921     )
   544.598633     (  -10.8465137     ,  0.562508404     )
   545.343933     (  -10.8873138     ,  0.567548990     )
   546.089294     (  -10.9186878     ,  0.573780060     )
   546.834595     (  -10.9539967     ,  0.577878654     )
   547.579956     (  -10.9947395     ,  0.579032004     )
   548.325317     (  -11.0393381     ,  0.583759010     )
   549.070618     (  -11.0935755     ,  0.597418308     )
   549.815979     (  -11.1461506     ,  0.608693063     )
   550.561279     (  -11.1894217     ,  0.606609404     )
   551.306641     (  -11.2325811     ,  0.604378819     )
   552.051941     (  -11.2694006     ,  0.593743503     )
   552.797302     (  -11.3062201     ,  0.583108187     )
   553.542664     (  -11.3486290     ,  0.583319604     )
   554.287964     (  -11.3917809     ,  0.584970832     )
   555.033325     (  -11.4308577     ,  0.598159790     )
   555.778625     (  -11.4685650     ,  0.615226686     )
   556.523987     (  -11.5097971     ,  0.615548134     )
   557.269287     (  -11.5532427     ,  0.605349243     )
   558.014648     (  -11.5922575     ,  0.608984411     )
   558.760010     (  -11.6264668     ,  0.627619088     )
   559.505310     (  -11.6595087     ,  0.636152983     )
   560.250671     (  -11.6903362     ,  0.625538707     )
   560.995972     (  -11.7218113     ,  0.616221726     )
   561.741333     (  -11.7557077     ,  0.611756325     )
   562.486633     (  -11.7892208     ,  0.608225942     )
   563.231995     (  -11.8181000     ,  0.615966201     )
   563.977356     (  -11.8469801     ,  0.623706520     )
   564.722656     (  -11.8919926     ,  0.639021933     )
   565.468018     (  -11.9379959     ,  0.654802501     )
   566.213318     (  -11.9775944     ,  0.651392341     )
   566.958679     (  -12.0156689     ,  0.643413186     )
   567.703979     (  -12.0501642     ,  0.639755666     )
   568.449341     (  -12.0829220     ,  0.638196349     )
   569.194702     (  -12.1232595     ,  0.635176718     )
   569.940002     (  -12.1700869     ,  0.630906701     )
   570.685364     (  -12.2217569     ,  0.623688519     )
   571.430664     (  -12.2805681     ,  0.612124562     )
   572.176025     (  -12.3310595     ,  0.612505794     )
   572.921326     (  -12.3590279     ,  0.645226657     )
   573.666687     (  -12.3906260     ,  0.673417330     )
   574.412048     (  -12.4454527     ,  0.672611952     )
   575.157349     (  -12.5002823     ,  0.671803594     )
   575.902710     (  -12.5605383     ,  0.665961981     )
   576.648010     (  -12.6207933     ,  0.660120308     )
   577.393372     (  -12.6554461     ,  0.657701254     )
   578.138733     (  -12.6861372     ,  0.655811846     )
   578.884033     (  -12.7172270     ,  0.656064510     )
   579.629395     (  -12.7484646     ,  0.657103896     )
   580.374695     (  -12.7900181     ,  0.665686727     )
   581.120056     (  -12.8385439     ,  0.679367006     )
   581.865356     (  -12.8772106     ,  0.692753315     )
   582.610718     (  -12.9044046     ,  0.705797434     )
   583.356079     (  -12.9336443     ,  0.717910528     )
   584.101379     (  -12.9670858     ,  0.728112042     )
   584.846741     (  -13.0040979     ,  0.732622445     )
   585.592041     (  -13.0560513     ,  0.713309407     )
   586.337402     (  -13.1065683     ,  0.694577217     )
   587.082703     (  -13.1338110     ,  0.685256839     )
   587.828064     (  -13.1610537     ,  0.675936460     )
   588.573425     (  -13.1996508     ,  0.674027383     )
   589.318726     (  -13.2391891     ,  0.672732770     )
   590.064087     (  -13.2842293     ,  0.676170051     )
   590.809387     (  -13.3307428     ,  0.680875421     )
   591.554749     (  -13.3773537     ,  0.691687167     )
   592.300049     (  -13.4240150     ,  0.705731273     )
   593.045410     (  -13.4662733     ,  0.719823837     )
   593.790771     (  -13.5044527     ,  0.733961344     )
   594.536072     (  -13.5463161     ,  0.737913728     )
   595.281433     (  -13.5940809     ,  0.725549519     )
   596.026733     (  -13.6469526     ,  0.718227088     )
   596.772095     (  -13.7151842     ,  0.726066828     )
   597.517395     (  -13.7780600     ,  0.731751621     )
   598.262756     (  -13.7996168     ,  0.720814109     )
   599.008118     (  -13.8211746     ,  0.709876597     )
   599.753418     (  -13.8712187     ,  0.714409471     )
   600.498779     (  -13.9218473     ,  0.719259560     )
   601.244080     (  -13.9743958     ,  0.734475255     )
   601.989441     (  -14.0272961     ,  0.751591623     )
   602.734741     (  -14.0703516     ,  0.753371119     )
   603.480103     (  -14.1093884     ,  0.748891830     )
   604.225464     (  -14.1434603     ,  0.758322895     )
   604.970764     (  -14.1738663     ,  0.778021753     )
   605.716125     (  -14.2139635     ,  0.780391335     )
   606.461426     (  -14.2663717     ,  0.760747135     )
   607.206787     (  -14.3124857     ,  0.750901937     )
   607.952148     (  -14.3442945     ,  0.763330400     )
   608.697449     (  -14.3734035     ,  0.768350124     )
   609.442810     (  -14.3893986     ,  0.737368107     )
   610.188110     (  -14.4067812     ,  0.708406985     )
   610.933472     (  -14.4616327     ,  0.733996332     )
   611.678772     (  -14.5164843     ,  0.759585679     )
   612.424133     (  -14.5671349     ,  0.766793549     )
   613.169495     (  -14.6173220     ,  0.771976709     )
   613.914795     (  -14.6405516     ,  0.788485587     )
   614.660156     (  -14.6555386     ,  0.808457375     )
   615.405457     (  -14.6940145     ,  0.801354945     )
   616.150818     (  -14.7462339     ,  0.778412938     )
   616.896118     (  -14.8024006     ,  0.774714887     )
   617.641479     (  -14.8625793     ,  0.790574551     )
   618.386841     (  -14.9213715     ,  0.799036384     )
   619.132141     (  -14.9777088     ,  0.794399738     )
   619.877502     (  -15.0241795     ,  0.790382981     )
   620.622803     (  -15.0368414     ,  0.788490295     )
   621.368164     (  -15.0541086     ,  0.788506866     )
   622.113464     (  -15.1174431     ,  0.807621121     )
   622.858826     (  -15.1807775     ,  0.826735377     )
   623.604187     (  -15.2507095     ,  0.826333046     )
   624.349487     (  -15.3209457     ,  0.825031221     )
   625.094849     (  -15.3589497     ,  0.810309231     )
   625.840149     (  -15.3899221     ,  0.792659700     )
   626.585510     (  -15.4252348     ,  0.792882025     )
   627.330811     (  -15.4625359     ,  0.801288664     )
   628.076172     (  -15.5218983     ,  0.807871044     )
   628.821533     (  -15.5992460     ,  0.812965989     )
   629.566833     (  -15.6582251     ,  0.825228155     )
   630.312195     (  -15.6914101     ,  0.847554743     )
   631.057495     (  -15.7187214     ,  0.863309145     )
   631.802856     (  -15.7309971     ,  0.862239420     )
   632.548157     (  -15.7494631     ,  0.860426784     )
   633.293518     (  -15.8041697     ,  0.854264736     )
   634.038879     (  -15.8588343     ,  0.848266661     )
   634.784180     (  -15.9097414     ,  0.857203484     )
   635.529541     (  -15.9606485     ,  0.866140246     )
   636.274841     (  -16.0151367     ,  0.873462617     )
   637.020203     (  -16.0701313     ,  0.880556107     )
   637.765564     (  -16.1102638     ,  0.870999277     )
   638.510864     (  -16.1451950     ,  0.855617106     )
   639.256226     (  -16.1788216     ,  0.858555079     )
   640.001526     (  -16.2115993     ,  0.873410463     )
   640.746887     (  -16.2598553     ,  0.876901269     )
   641.492188     (  -16.3255081     ,  0.867620289     )
   642.237549     (  -16.3741245     ,  0.864980757     )
   642.982910     (  -16.3890667     ,  0.875471294     )
   643.728210     (  -16.4040222     ,  0.884776056     )
   644.473572     (  -16.4190331     ,  0.889363647     )
   645.218872     (  -16.4379787     ,  0.894691229     )
   645.964233     (  -16.5127487     ,  0.910514235     )
   646.709534     (  -16.5875206     ,  0.926337302     )
   647.454895     (  -16.6533279     ,  0.925698578     )
   648.200256     (  -16.7184696     ,  0.923838258     )
   648.945557     (  -16.7549381     ,  0.899812162     )
   649.690918     (  -16.7840614     ,  0.870107412     )
   650.436218     (  -16.8197765     ,  0.853488863     )
   651.181580     (  -16.8588734     ,  0.843578160     )
   651.926880     (  -16.9232311     ,  0.860006332     )
   652.672241     (  -17.0103397     ,  0.900152683     )
   653.417603     (  -17.0817757     ,  0.929680169     )
   654.162903     (  -17.1288376     ,  0.942690194     )
   654.908264     (  -17.1728458     ,  0.951137185     )
   655.653564     (  -17.2080021     ,  0.946349144     )
   656.398926     (  -17.2425632     ,  0.939821541     )
   657.144226     (  -17.2728386     ,  0.920727968     )
   657.889587     (  -17.3031139     ,  0.901634455     )
   658.634949     (  -17.4089317     ,  0.924091756     )
   659.380249     (  -17.5157642     ,  0.947107494     )
   660.125610     (  -17.5627975     ,  0.953779876     )
   660.870911     (  -17.5994396     ,  0.957612276     )
   661.616272     (  -17.6233120     ,  0.964131474     )
   662.361572     (  -17.6421490     ,  0.971710145     )
   663.106934     (  -17.6703758     ,  0.989840686     )
   663.852295     (  -17.7053337     ,   1.01553714     )
   664.597595     (  -17.7514458     ,   1.01532304     )
   665.342957     (  -17.8113155     ,  0.983145654     )
   666.088257     (  -17.8734493     ,  0.969633460     )
   666.833618     (  -17.9405537     ,  0.997086883     )
   667.578979     (  -17.9964924     ,   1.01928234     )
   668.324280     (  -18.0010185     ,   1.01726222     )
   669.069641     (  -18.0062122     ,   1.01433039     )
   669.814941     (  -18.0260334     ,  0.991487622     )
   670.560303     (  -18.0458527     ,  0.968644857     )
   671.305603     (  -18.1347160     ,  0.952909172     )
   672.050964     (  -18.2304764     ,  0.937883496     )
   672.796326     (  -18.3006058     ,  0.961884975     )
   673.541626     (  -18.3632793     ,  0.997235239     )
   674.286987     (  -18.4025993     ,   1.00458753     )
   675.032288     (  -18.4287910     ,  0.996203780     )
   675.777649     (  -18.4474087     ,   1.00056219     )
   676.522949     (  -18.4586239     ,   1.01737380     )
   677.268311     (  -18.4850674     ,   1.02878952     )
   678.013672     (  -18.5372906     ,   1.03107142     )
   678.758972     (  -18.6024647     ,   1.03462994     )
   679.504333     (  -18.7093182     ,   1.04229629     )
   680.249634     (  -18.8066807     ,   1.04808211     )
   680.994995     (  -18.8212013     ,   1.03745449     )
   681.740295     (  -18.8357220     ,   1.02682698     )
   682.485657     (  -18.8447132     ,   1.03601789     )
   683.231018     (  -18.8535252     ,   1.04585147     )
   683.976318     (  -18.9270687     ,   1.01079571     )
   684.721680     (  -19.0134544     ,  0.966835201     )
   685.466980     (  -19.0709229     ,  0.967184961     )
   686.212341     (  -19.1160202     ,  0.986493587     )
   686.957642     (  -19.1870899     ,   1.01716399     )
   687.703003     (  -19.2780514     ,   1.05653572     )
   688.448364     (  -19.3513565     ,   1.08214450     )
   689.193665     (  -19.4014759     ,   1.08968294     )
   689.939026     (  -19.4390717     ,   1.09521329     )
   690.684326     (  -19.4472294     ,   1.09602380     )
   691.429688     (  -19.4690094     ,   1.09782314     )
   692.174988     (  -19.5599213     ,   1.10464191     )
   692.920349     (  -19.6501083     ,   1.11069143     )
   693.665710     (  -19.7175274     ,   1.09259641     )
   694.411011     (  -19.7849464     ,   1.07450140     )
   695.156372     (  -19.8392143     ,   1.06210911     )
   695.901672     (  -19.8919773     ,   1.05036974     )
   696.647034     (  -19.9142361     ,   1.04094970     )
   697.392395     (  -19.9270554     ,   1.03224719     )
   698.137695     (  -19.9420433     ,   1.01150918     )
   698.883057     (  -19.9583015     ,  0.983707011     )
   699.628357     (  -20.0076237     ,  0.999115348     )
   700.373718     (  -20.0904388     ,   1.05829751     )
   701.119019     (  -20.1625099     ,   1.11062539     )
   701.864380     (  -20.2157631     ,   1.15094924     )
   702.609741     (  -20.2628994     ,   1.17930961     )
   703.355042     (  -20.2895832     ,   1.16767240     )
   704.100403     (  -20.3100815     ,   1.15901423     )
   704.845703     (  -20.2731190     ,   1.17803347     )
   705.591064     (  -20.2361565     ,   1.19705272     )
   706.336365     (  -20.3358612     ,   1.16617846     )
   707.081726     (  -20.4406509     ,   1.13344741     )
   707.827087     (  -20.5561943     ,   1.09358513     )
   708.572388     (  -20.6739197     ,   1.05227590     )
   709.317749     (  -20.7449932     ,   1.05099583     )
   710.063049     (  -20.7959328     ,   1.06699443     )
   710.808411     (  -20.7932930     ,   1.09099984     )
   711.553711     (  -20.7495422     ,   1.12114871     )
   712.299072     (  -20.7426395     ,   1.12732053     )
   713.044434     (  -20.7839489     ,   1.10212064     )
   713.789734     (  -20.8457699     ,   1.09148288     )
   714.535095     (  -20.9552765     ,   1.11469543     )
   715.280396     (  -21.0658722     ,   1.14003348     )
   716.025757     (  -21.1818542     ,   1.17586303     )
   716.771057     (  -21.2942657     ,   1.21083021     )
   717.516418     (  -21.3118992     ,   1.22291374     )
   718.261780     (  -21.3295345     ,   1.23499727     )
   719.007080     (  -21.2869110     ,   1.18507349     )
   719.752441     (  -21.2379074     ,   1.12858307     )
   720.497742     (  -21.3024120     ,   1.09794116     )
   721.243103     (  -21.4003754     ,   1.07491899     )
   721.988403     (  -21.4964924     ,   1.05728757     )
   722.733765     (  -21.5915718     ,   1.04268086     )
   723.479126     (  -21.6725674     ,   1.05623639     )
   724.224426     (  -21.7399769     ,   1.09695876     )
   724.969788     (  -21.7878399     ,   1.11582911     )
   725.715088     (  -21.8034706     ,   1.09866428     )
   726.460449     (  -21.8184776     ,   1.10130239     )
   727.205811     (  -21.8315773     ,   1.16458678     )
   727.951111     (  -21.8477612     ,   1.22688591     )
   728.696472     (  -21.8876953     ,   1.28160000     )
   729.441772     (  -21.9276295     ,   1.33631420     )
   730.187134     (  -22.0765934     ,   1.31237316     )
   730.932434     (  -22.2273350     ,   1.28715074     )
   731.677795     (  -22.3142090     ,   1.26853788     )
   732.423157     (  -22.3900967     ,   1.25106227     )
   733.168457     (  -22.4309406     ,   1.23900306     )
   733.913818     (  -22.4583206     ,   1.22902477     )
   734.659119     (  -22.4701595     ,   1.22528946     )
   735.404480     (  -22.4712868     ,   1.22585678     )
   736.149780     (  -22.4855518     ,   1.20978880     )
   736.895142     (  -22.5151348     ,   1.17432761     )
   737.640503     (  -22.5717010     ,   1.14756358     )
   738.385803     (  -22.6826725     ,   1.13833511     )
   739.131165     (  -22.7845917     ,   1.14729297     )
   739.876465     (  -22.8506813     ,   1.22824252     )
   740.621826     (  -22.9111881     ,   1.30540931     )
   741.367126     (  -22.8995972     ,   1.33373880     )
   742.112488     (  -22.8880081     ,   1.36206830     )
   742.857849     (  -22.8791866     ,   1.36021686     )
   743.603149     (  -22.8705368     ,   1.35652173     )
   744.348511     (  -22.9317856     ,   1.32922637     )
   745.093811     (  -23.0091038     ,   1.29650486     )
   745.839172     (  -23.1143646     ,   1.22653413     )
   746.584473     (  -23.2325382     ,   1.13934934     )
   747.329834     (  -23.3325806     ,   1.13391078     )
   748.075195     (  -23.4180851     ,   1.19400287     )
   748.820496     (  -23.4773884     ,   1.21978891     )
   749.565857     (  -23.5014324     ,   1.19941330     )
   750.311157     (  -23.5023479     ,   1.18452263     )
   751.056519     (  -23.4487591     ,   1.18255615     )
   751.801819     (  -23.4177265     ,   1.18509710     )
   752.547180     (  -23.4970417     ,   1.20968997     )
   753.292542     (  -23.5782623     ,   1.23292148     )
   754.037842     (  -23.7031994     ,   1.22489679     )
   754.783203     (  -23.8281384     ,   1.21687222     )
   755.528503     (  -23.9009533     ,   1.19806302     )
   756.273865     (  -23.9688663     ,   1.17823911     )
   757.019226     (  -24.0322418     ,   1.18865645     )
   757.764526     (  -24.0943851     ,   1.20728254     )
   758.509888     (  -24.1374588     ,   1.25535464     )
   759.255188     (  -24.1706772     ,   1.31864572     )
   760.000549     (  -24.1887093     ,   1.30739176     )
   760.745850     (  -24.1933956     ,   1.23063111     )
   761.491211     (  -24.2436275     ,   1.22104001     )
   762.236572     (  -24.3606052     ,   1.30988646     )
   762.981873     (  -24.4735603     ,   1.36338651     )
   763.727234     (  -24.5761299     ,   1.32562089     )
   764.472534     (  -24.6763229     ,   1.29556525     )
   765.217896     (  -24.7633591     ,   1.30819380     )
   765.963196     (  -24.8480892     ,   1.31920886     )
   766.708557     (  -24.8501244     ,   1.27238905     )
   767.453918     (  -24.8521614     ,   1.22556913     )
   768.199219     (  -24.8311405     ,   1.19680023     )
   768.944580     (  -24.8076019     ,   1.17000103     )
   769.689880     (  -24.8197327     ,   1.18994904     )
   770.435242     (  -24.8421459     ,   1.22337115     )
   771.180542     (  -24.9220791     ,   1.23244810     )
   771.925903     (  -25.0328064     ,   1.22849131     )
   772.671265     (  -25.1627102     ,   1.23817003     )
   773.416565     (  -25.3098450     ,   1.26010299     )
   774.161926     (  -25.3935680     ,   1.28530240     )
   774.907227     (  -25.3830776     ,   1.31535506     )
   775.652588     (  -25.3786392     ,   1.31596732     )
   776.397888     (  -25.3898926     ,   1.24021554     )
   777.143250     (  -25.3976555     ,   1.17763674     )
   777.888611     (  -25.3863087     ,   1.18713069     )
   778.633911     (  -25.3755436     ,   1.19720066     )
   779.379272     (  -25.3829155     ,   1.22519910     )
   780.124573     (  -25.3902874     ,   1.25319755     )
   780.869934     (  -25.5491982     ,   1.23295820     )
   781.615295     (  -25.7234192     ,   1.20784473     )
   782.360596     (  -25.8697929     ,   1.24042189     )
   783.105957     (  -26.0085602     ,   1.28875363     )
   783.851257     (  -26.0602055     ,   1.22672570     )
   784.596619     (  -26.0676003     ,   1.10864246     )
   785.341919     (  -26.0671711     ,   1.16525710     )
   786.087280     (  -26.0601101     ,   1.36994851     )
   786.832642     (  -26.0479164     ,   1.45819330     )
   787.577942     (  -26.0286236     ,   1.38539672     )
   788.323303     (  -26.0376873     ,   1.33831310     )
   789.068604     (  -26.1133938     ,   1.35166860     )
   789.813965     (  -26.2087784     ,   1.37000406     )
   790.559265     (  -26.3952217     ,   1.41138613     )
   791.304626     (  -26.5763206     ,   1.44608140     )
   792.049988     (  -26.6693954     ,   1.37064362     )
   792.795288     (  -26.7624722     ,   1.29520583     )
   793.540649     (  -26.7647362     ,   1.24900341     )
   794.285950     (  -26.7609158     ,   1.20476007     )
   795.031311     (  -26.7080860     ,   1.25591111     )
   795.776611     (  -26.6443253     ,   1.32833612     )
   796.521973     (  -26.6414528     ,   1.29422700     )
   797.267334     (  -26.6648674     ,   1.21411955     )
   798.012634     (  -26.8023624     ,   1.22822189     )
   798.757996     (  -27.0225639     ,   1.31062663     )
   799.503296     (  -27.1771736     ,   1.34815347     )
   800.248657     (  -27.2551842     ,   1.33327436     )
   800.993958     (  -27.3439388     ,   1.34637272     )
   801.739319     (  -27.4532299     ,   1.41294646     )
   802.484680     (  -27.5453072     ,   1.43532896     )
   803.229980     (  -27.5784264     ,   1.30635142     )
   803.975342     (  -27.5991573     ,   1.19283009     )
   804.720642     (  -27.5186653     ,   1.20557714     )
   805.466003     (  -27.4381733     ,   1.21832430     )
   806.211304     (  -27.4595890     ,   1.39998782     )
   806.956665     (  -27.4817696     ,   1.58292091     )
   807.702026     (  -27.6152973     ,   1.57791448     )
   808.447327     (  -27.7645130     ,   1.54643071     )
   809.192688     (  -27.8882351     ,   1.48761857     )
   809.937988     (  -28.0039463     ,   1.42021883     )
   810.683350     (  -28.0821190     ,   1.42131257     )
   811.428711     (  -28.1397038     ,   1.45997667     )
   812.174011     (  -28.1895351     ,   1.47294772     )
   812.919373     (  -28.2325230     ,   1.46324611     )
   813.664673     (  -28.2663898     ,   1.43127048     )
   814.410034     (  -28.2875137     ,   1.36817479     )
   815.155334     (  -28.3140507     ,   1.32836282     )
   815.900696     (  -28.3530006     ,   1.34196019     )
   816.646057     (  -28.4084110     ,   1.36338413     )
   817.391357     (  -28.5337467     ,   1.41806149     )
   818.136719     (  -28.6635437     ,   1.46824920     )
   818.882019     (  -28.8459740     ,   1.46543968     )
   819.627380     (  -29.0284042     ,   1.46263015     )
   820.372681     (  -29.1075439     ,   1.50409269     )
   821.118042     (  -29.1830578     ,   1.54710948     )
   821.863403     (  -29.1674156     ,   1.53172517     )
   822.608704     (  -29.1362896     ,   1.50642145     )
   823.354065     (  -29.1078930     ,   1.44657910     )
   824.099365     (  -29.0804386     ,   1.37484372     )
   824.844727     (  -29.0613327     ,   1.34017599     )
   825.590027     (  -29.0470543     ,   1.32693958     )
   826.335388     (  -29.0413895     ,   1.33456099     )
   827.080750     (  -29.0435505     ,   1.36114109     )
   827.826050     (  -29.1132221     ,   1.39177024     )
   828.571411     (  -29.2781429     ,   1.42811215     )
   829.316711     (  -29.4388237     ,   1.44671941     )
   830.062073     (  -29.5899086     ,   1.42517555     )
   830.807373     (  -29.7326679     ,   1.39730632     )
   831.552734     (  -29.8418026     ,   1.34388995     )
   832.298096     (  -29.9384613     ,   1.30417764     )
   833.043396     (  -29.9107990     ,   1.40103853     )
   833.788757     (  -29.8831348     ,   1.49789929     )
   834.534058     (  -29.9098625     ,   1.45455945     )
   835.279419     (  -29.9374466     ,   1.40901279     )
   836.024719     (  -29.9121113     ,   1.40892649     )
   836.770081     (  -29.8794613     ,   1.41512465     )
   837.515442     (  -29.9351559     ,   1.49364591     )
   838.260742     (  -30.0167675     ,   1.59338498     )
   839.006104     (  -30.1376667     ,   1.62413645     )
   839.751404     (  -30.2780437     ,   1.62068248     )
   840.496765     (  -30.4092407     ,   1.63940322     )
   841.242126     (  -30.5333557     ,   1.67523420     )
   841.987427     (  -30.5813732     ,   1.77463436     )
   842.732788     (  -30.5404625     ,   1.94832170     )
   843.478088     (  -30.5716724     ,   1.95254612     )
   844.223450     (  -30.7319679     ,   1.65346599     )
   844.968750     (  -30.8584003     ,   1.44914675     )
   845.714111     (  -30.8866348     ,   1.51960945     )
   846.459473     (  -30.9236526     ,   1.58451188     )
   847.204773     (  -31.0084820     ,   1.61915290     )
   847.950134     (  -31.0870934     ,   1.66057813     )
   848.695435     (  -31.0583801     ,   1.81911361     )
   849.440796     (  -31.0296669     ,   1.97764921     )
   850.186096     (  -31.1985760     ,   1.93828940     )
   850.931458     (  -31.3767891     ,   1.88961112     )
   851.676819     (  -31.5139217     ,   1.61590266     )
   852.422119     (  -31.6441345     ,   1.30429971     )
   853.167480     (  -31.6308460     ,   1.39791226     )
   853.912781     (  -31.5716686     ,   1.62110603     )
   854.658142     (  -31.5919952     ,   1.72862375     )
   855.403442     (  -31.6532593     ,   1.77657700     )
   856.148804     (  -31.7413788     ,   1.75983739     )
   856.894165     (  -31.8503075     ,   1.69296479     )
   857.639465     (  -31.8974400     ,   1.71067333     )
   858.384827     (  -31.8741379     ,   1.82477856     )
   859.130127     (  -31.8951397     ,   1.81830287     )
   859.875488     (  -31.9908333     ,   1.60852277     )
   860.620789     (  -32.0715408     ,   1.49951923     )
   861.366150     (  -32.1133003     ,   1.65238917     )
   862.111511     (  -32.1743202     ,   1.77199221     )
   862.856812     (  -32.3204842     ,   1.74451959     )
   863.602173     (  -32.4538307     ,   1.72275054     )
   864.347473     (  -32.4602585     ,   1.75747883     )
   865.092834     (  -32.4666862     ,   1.79220712     )
   865.838135     (  -32.4941940     ,   1.65000439     )
   866.583496     (  -32.5217018     ,   1.50778568     )
   867.328857     (  -32.4762917     ,   1.56392276     )
   868.074158     (  -32.4235725     ,   1.63993073     )
   868.819519     (  -32.4893951     ,   1.66419959     )
   869.564819     (  -32.5814362     ,   1.67702472     )
   870.310181     (  -32.6544914     ,   1.69943440     )
   871.055542     (  -32.7205162     ,   1.72539413     )
   871.800842     (  -32.8143692     ,   1.71455336     )
   872.546204     (  -32.9237938     ,   1.68312740     )
   873.291504     (  -33.0259628     ,   1.65245748     )
   874.036865     (  -33.1222992     ,   1.62239611     )
   874.782166     (  -33.1602058     ,   1.60440469     )
   875.527527     (  -33.1315498     ,   1.60016358     )
   876.272888     (  -33.1264648     ,   1.62351620     )
   877.018188     (  -33.1595154     ,   1.69151413     )
   877.763550     (  -33.1958199     ,   1.72268403     )
   878.508850     (  -33.2398224     ,   1.66684747     )
   879.254211     (  -33.2850304     ,   1.61976302     )
   879.999512     (  -33.3346977     ,   1.60487759     )
   880.744873     (  -33.3723030     ,   1.58139336     )
   881.490234     (  -33.3299904     ,   1.50091958     )
   882.235535     (  -33.3006973     ,   1.43003225     )
   882.980896     (  -33.5219994     ,   1.54365110     )
   883.726196     (  -33.7433052     ,   1.65726995     )
   884.471558     (  -33.9003220     ,   1.64578617     )
   885.216858     (  -34.0552673     ,   1.63026559     )
   885.962219     (  -34.1126328     ,   1.56020355     )
   886.707581     (  -34.1578102     ,   1.48333120     )
   887.452881     (  -34.1675529     ,   1.44468534     )
   888.198242     (  -34.1690025     ,   1.41497874     )
   888.943542     (  -34.1257095     ,   1.39673591     )
   889.688904     (  -34.0661011     ,   1.38267183     )
   890.434204     (  -34.0895157     ,   1.42442977     )
   891.179565     (  -34.1563873     ,   1.49541044     )
   891.924927     (  -34.2635384     ,   1.50963461     )
   892.670227     (  -34.3997574     ,   1.48289573     )
   893.415588     (  -34.5361595     ,   1.50088513     )
   894.160889     (  -34.6727409     ,   1.56246054     )
   894.906250     (  -34.8122711     ,   1.61029708     )
   895.651550     (  -34.9556541     ,   1.64015687     )
   896.396912     (  -35.0602608     ,   1.70605445     )
   897.142273     (  -35.0962334     ,   1.83572674     )
   897.887573     (  -35.1034737     ,   1.87957132     )
   898.632935     (  -35.0403442     ,   1.71319008     )
   899.378235     (  -34.9841499     ,   1.62434602     )
   900.123596     (  -34.9525528     ,   1.81029868     )
   900.868958     (  -34.9318466     ,   1.93312979     )
   901.614258     (  -34.9722443     ,   1.70186412     )
   902.359619     (  -35.0153618     ,   1.48775995     )
   903.104919     (  -35.0882645     ,   1.46141922     )
   903.850281     (  -35.1626778     ,   1.43570042     )
   904.595581     (  -35.3231506     ,   1.44538367     )
   905.340942     (  -35.4836273     ,   1.45506692     )
   906.086304     (  -35.5662727     ,   1.44019544     )
   906.831604     (  -35.6450043     ,   1.42408836     )
   907.576965     (  -35.8100128     ,   1.48263812     )
   908.322266     (  -35.9858932     ,   1.55059767     )
   909.067627     (  -36.0216103     ,   1.54692888     )
   909.812927     (  -36.0276604     ,   1.52810323     )
   910.558289     (  -36.0373039     ,   1.45651925     )
   911.303650     (  -36.0480576     ,   1.36862600     )
   912.048950     (  -36.0401077     ,   1.46026254     )
   912.794312     (  -36.0242805     ,   1.62752604     )
   913.539612     (  -36.0331001     ,   1.69388950     )
   914.284973     (  -36.0555077     ,   1.70461607     )
   915.030273     (  -36.1075821     ,   1.65937185     )
   915.775635     (  -36.1805420     ,   1.57472456     )
   916.520996     (  -36.2935410     ,   1.54540479     )
   917.266296     (  -36.4419861     ,   1.56506109     )
   918.011658     (  -36.5965729     ,   1.61974180     )
   918.756958     (  -36.7579308     ,   1.71305454     )
   919.502319     (  -36.8804932     ,   1.80318940     )
   920.247620     (  -36.9498520     ,   1.88896692     )
   920.992981     (  -37.0591087     ,   1.91531098     )
   921.738342     (  -37.2364769     ,   1.84019983     )
   922.483643     (  -37.3402634     ,   1.85474491     )
   923.229004     (  -37.2864685     ,   2.06128836     )
   923.974304     (  -37.2371483     ,   2.14089775     )
   924.719666     (  -37.2000046     ,   1.87505352     )
   925.464966     (  -37.1884155     ,   1.62709618     )
   926.210327     (  -37.2671394     ,   1.44234598     )
   926.955688     (  -37.3382034     ,   1.27648938     )
   927.700989     (  -37.3728600     ,   1.20048606     )
   928.446350     (  -37.4201050     ,   1.17119980     )
   929.191650     (  -37.5528831     ,   1.45931005     )
   929.937012     (  -37.6813774     ,   1.72513020     )
   930.682373     (  -37.7634850     ,   1.74946916     )
   931.427673     (  -37.8455048     ,   1.76515174     )
   932.173035     (  -37.9255562     ,   1.58346939     )
   932.918335     (  -38.0056534     ,   1.40213013     )
   933.663696     (  -38.1290359     ,   1.56306446     )
   934.408997     (  -38.2524185     ,   1.72399867     )
   935.154358     (  -38.4714012     ,   1.63251615     )
   935.899719     (  -38.6942024     ,   1.53096092     )
   936.645020     (  -38.7083321     ,   1.57835531     )
   937.390381     (  -38.7052307     ,   1.63804936     )
   938.135681     (  -38.5225677     ,   1.63663101     )
   938.881042     (  -38.3171120     ,   1.62745643     )
   939.626343     (  -38.2038612     ,   1.75169265     )
   940.371704     (  -38.1065483     ,   1.89899588     )
   941.117065     (  -38.3624725     ,   1.85038412     )
   941.862366     (  -38.6963577     ,   1.75852954     )
   942.607727     (  -38.8381386     ,   1.67399693     )
   943.353027     (  -38.9281044     ,   1.59143889     )
   944.098389     (  -39.0258827     ,   1.94298267     )
   944.843689     (  -39.1261559     ,   2.43339682     )
   945.589050     (  -39.0830040     ,   2.12166476     )
   946.334412     (  -38.9865723     ,   1.51196158     )
   947.079712     (  -39.0783005     ,   1.47206950     )
   947.825073     (  -39.2497940     ,   1.67371774     )
   948.570374     (  -39.3550034     ,   1.80610168     )
   949.315735     (  -39.4286232     ,   1.90547717     )
   950.061035     (  -39.4336815     ,   2.08245611     )
   950.806396     (  -39.4024429     ,   2.30051947     )
   951.551758     (  -39.4884377     ,   2.14322233     )
   952.297058     (  -39.6426544     ,   1.76750743     )
   953.042419     (  -39.7492828     ,   1.95063531     )
   953.787720     (  -39.8257713     ,   2.48778391     )
   954.533081     (  -39.8045235     ,   2.15727472     )
   955.278381     (  -39.7164383     ,   1.23336649     )
   956.023743     (  -39.9062576     ,   1.13918173     )
   956.769104     (  -40.2994690     ,   1.65225196     )
   957.514404     (  -40.4559975     ,   1.77040970     )
   958.259766     (  -40.4285736     ,   1.58163822     )
   959.005066     (  -40.3784065     ,   1.42627597     )
   959.750427     (  -40.3096161     ,   1.29827571     )
   960.495789     (  -40.3293610     ,   1.62392271     )
   961.241089     (  -40.4249687     ,   2.33827448     )
   961.986450     (  -40.3830261     ,   2.62874579     )
   962.731750     (  -40.2187653     ,   2.54227591     )
   963.477112     (  -40.1732635     ,   2.47097516     )
   964.222412     (  -40.2365303     ,   2.41356730     )
   964.967773     (  -40.2511902     ,   2.18297911     )
   965.713135     (  -40.2203217     ,   1.79020500     )
   966.458435     (  -40.3265343     ,   1.71871114     )
   967.203796     (  -40.5630264     ,   1.95255649     )
   967.949097     (  -40.8605232     ,   2.19159245     )
   968.694458     (  -41.2163887     ,   2.43559527     )
   969.439758     (  -41.3431320     ,   2.42382002     )
   970.185120     (  -41.2507820     ,   2.16746283     )
   970.930481     (  -41.4344254     ,   2.08146691     )
   971.675781     (  -41.8797264     ,   2.15698481     )
   972.421143     (  -42.1489372     ,   2.09245944     )
   973.166443     (  -42.2539215     ,   1.89732957     )
   973.911804     (  -42.2589798     ,   1.81654072     )
   974.657104     (  -42.1731529     ,   1.83975518     )
   975.402466     (  -42.0983696     ,   1.84572256     )
   976.147827     (  -42.0333099     ,   1.83650994     )
   976.893127     (  -42.0361977     ,   1.83324111     )
   977.638489     (  -42.0965004     ,   1.83499384     )
   978.383789     (  -42.1267509     ,   1.79375398     )
   979.129150     (  -42.1328354     ,   1.71793830     )
   979.874451     (  -42.0847397     ,   1.72228408     )
   980.619812     (  -41.9955330     ,   1.78744960     )
   981.365173     (  -42.2545776     ,   1.90062261     )
   982.110474     (  -42.7606010     ,   2.04784226     )
   982.855835     (  -43.0398254     ,   2.19029593     )
   983.601135     (  -43.1700974     ,   2.32961917     )
   984.346497     (  -43.4184952     ,   2.31902289     )
   985.091797     (  -43.7379684     ,   2.21821284     )
   985.837158     (  -43.8632965     ,   1.99416888     )
   986.582520     (  -43.8827858     ,   1.70294189     )
   987.327820     (  -43.8836708     ,   1.72046983     )
   988.073181     (  -43.8754883     ,   1.88852906     )
   988.818481     (  -43.7514267     ,   2.10114455     )
   989.563843     (  -43.5775757     ,   2.33290577     )
   990.309204     (  -43.4485321     ,   2.52082753     )
   991.054504     (  -43.3361397     ,   2.69245434     )
   991.799866     (  -43.3722038     ,   2.51812601     )
   992.545166     (  -43.4549408     ,   2.23503256     )
   993.290527     (  -43.4363708     ,   2.21982765     )
   994.035828     (  -43.3916435     ,   2.27378345     )
   994.781189     (  -43.3826561     ,   2.23815036     )
   995.526550     (  -43.3809280     ,   2.18430996     )
   996.271851     (  -43.4700851     ,   2.07906151     )
   997.017212     (  -43.5728416     ,   1.96612072     )
   997.762512     (  -43.8261147     ,   1.86103284     )
   998.507874     (  -44.0941277     ,   1.75671411     )
   999.253174     (  -43.8747330     ,   2.41640306     )
   999.998535     (  -43.6319504     ,   3.11275339     )
