 
 
255.408472 0.0286826
256.996704 0.0188049
258.585059 0.0264314
260.173560 0.0204067
261.762183 0.024183
263.350903 0.0233603
264.939771 0.0140123
266.528735 0.0222692
268.117822 0.033067
269.707007 0.0198381
271.296313 0.0145107
272.885693 0.0169243
274.475195 0.0206084
276.064795 0.0126895
277.654468 0.0161747
279.244263 0.0170451
280.834106 0.00499227
282.424072 0.0136092
284.014087 0.0140506
285.604199 0.0145026
287.194385 0.00672319
288.784644 0.00775635
290.374976 0.0115599
291.965356 0.00690725
293.555835 0.00943683
295.146362 0.00457899
296.736938 0.0108675
298.327588 0.0105059
299.918286 0.00910096
301.509033 0.0170909
303.099854 0.0189488
304.690698 0.0381407
306.281592 0.0438464
307.872559 0.0635377
309.463525 0.0759866
311.054565 0.10953
312.645630 0.137103
314.236743 0.172203
315.827881 0.209968
317.419067 0.262794
319.010278 0.308698
320.601514 0.346671
322.192773 0.388598
323.784058 0.426726
325.375366 0.457191
326.966724 0.494173
328.558081 0.528637
330.149463 0.556809
331.740845 0.582207
333.332275 0.608289
334.923706 0.63106
336.515137 0.644939
338.106592 0.664416
339.698071 0.671767
341.289551 0.684603
342.881030 0.695812
344.472534 0.706949
346.064038 0.711762
347.655542 0.721784
349.247046 0.720364
350.838574 0.724524
352.430078 0.732836
354.021606 0.731836
355.613135 0.730813
357.204639 0.734518
358.796167 0.731958
360.387671 0.729436
361.979175 0.72934
363.570703 0.72821
365.162183 0.726565
366.753687 0.727739
368.345166 0.72291
369.936670 0.719971
371.528125 0.716368
373.119604 0.713563
374.711060 0.703184
376.302490 0.704142
377.893945 0.701001
379.485376 0.695279
381.076782 0.692544
382.668188 0.692776
384.259570 0.6899
385.850952 0.690954
387.442310 0.688037
389.033667 0.685263
390.625000 0.681403
392.216333 0.679973
393.807642 0.678141
395.398926 0.673938
396.990210 0.670241
398.581470 0.670336
400.172729 0.664997
401.763965 0.660141
403.355176 0.657574
404.946387 0.65465
406.537573 0.649052
408.128735 0.647687
409.719873 0.646276
411.311035 0.640905
412.902148 0.634557
414.493262 0.632152
416.084326 0.629306
417.675391 0.624614
419.266455 0.621464
420.857520 0.619842
422.448535 0.614454
424.039551 0.611429
425.630518 0.60733
427.221484 0.605858
428.812451 0.601246
430.403418 0.59624
431.994336 0.593963
433.585254 0.592738
435.176123 0.587146
436.767041 0.583489
438.357910 0.582621
439.948730 0.578977
441.539600 0.573641
443.130420 0.570871
444.721240 0.571513
446.312012 0.570365
447.902783 0.566795
449.493555 0.56246
451.084326 0.562857
452.675098 0.560818
454.265820 0.557254
455.856543 0.554221
457.447266 0.555623
459.037939 0.555774
460.628613 0.554438
462.219287 0.556285
463.809961 0.563347
465.400635 0.560701
466.991309 0.545745
468.581934 0.53943
470.172559 0.543256
471.763184 0.546445
473.353809 0.547648
474.944434 0.547557
476.535010 0.547569
478.125635 0.551223
479.716211 0.555223
481.306787 0.552997
482.897363 0.553063
484.487939 0.555061
486.078516 0.558936
487.669092 0.559721
489.259668 0.559107
490.850244 0.560642
492.440771 0.564224
494.031348 0.567842
495.621875 0.569065
497.212451 0.565914
498.803027 0.570534
500.393555 0.573805
501.984131 0.57748
503.574658 0.57731
505.165234 0.580958
506.755811 0.58399
508.346338 0.586647
509.936914 0.588559
511.527490 0.592125
513.118066 0.592457
514.708643 0.595868
516.299219 0.597356
517.889795 0.601152
519.480371 0.605331
521.070996 0.608556
522.661572 0.613556
524.252197 0.618831
525.842822 0.621447
527.433447 0.61861
529.024072 0.624635
530.614697 0.630235
532.205322 0.631087
533.795996 0.633861
535.386670 0.6362
536.977344 0.641698
538.568018 0.647956
540.158691 0.654623
541.749414 0.652564
543.340137 0.651521
544.930859 0.654145
546.521582 0.661964
548.112305 0.671359
549.703076 0.675186
551.293848 0.675881
552.884619 0.675576
554.475439 0.681459
556.066211 0.688921
557.657031 0.694365
559.247900 0.69451
560.838721 0.696334
562.429590 0.695975
564.020459 0.69881
565.611328 0.706213
567.202246 0.712745
568.793164 0.716251
570.384082 0.715936
571.975000 0.717312
573.565967 0.720633
575.156934 0.725539
576.747900 0.727339
578.338916 0.729104
579.929932 0.731997
581.520947 0.733135
583.111963 0.73821
584.703027 0.741905
586.294092 0.743198
587.885156 0.744347
589.476270 0.748401
591.067383 0.751143
592.658496 0.752984
594.249609 0.753909
595.840771 0.754093
597.431885 0.756978
599.023047 0.758945
600.614258 0.759685
602.205420 0.761953
603.796631 0.763916
605.387842 0.769473
606.979053 0.772424
608.570264 0.774004
610.161523 0.776303
611.752734 0.77543
613.343994 0.786088
614.935254 0.790728
616.526514 0.791569
618.117822 0.788549
619.709082 0.788266
621.300391 0.781111
622.891650 0.786905
624.482959 0.789808
626.074268 0.794264
627.665576 0.793822
629.256836 0.801901
630.848145 0.805359
632.439453 0.803276
634.030762 0.802301
635.622070 0.804195
637.213379 0.805064
638.804639 0.80368
640.395947 0.804779
641.987207 0.803363
643.578516 0.804548
645.169775 0.803286
646.761035 0.805334
648.352246 0.810607
649.943506 0.813134
651.534717 0.821255
653.125928 0.822334
654.717139 0.826612
656.308301 0.819973
657.899463 0.814976
659.490625 0.82051
661.081738 0.822652
662.672852 0.819573
664.263916 0.812838
665.854980 0.815306
667.445996 0.821468
669.037012 0.825049
670.627979 0.825689
672.218896 0.819696
673.809814 0.825581
675.400684 0.823706
676.991504 0.81827
678.582275 0.82103
680.173047 0.819227
681.763721 0.820026
683.354395 0.8188
684.945020 0.824337
686.535596 0.833584
688.126074 0.830053
689.716553 0.83178
691.306982 0.831458
692.897314 0.832768
694.487598 0.825279
696.077832 0.82392
697.668018 0.832291
699.258105 0.829873
700.848145 0.841718
702.438086 0.836396
704.027979 0.837993
705.617773 0.836219
707.207471 0.83991
708.797119 0.832944
710.386670 0.829778
711.976172 0.837665
713.565527 0.840732
715.154834 0.838347
716.744043 0.83091
718.333105 0.830057
719.922119 0.834126
721.510986 0.832901
723.099756 0.828706
724.688428 0.834115
726.277002 0.835181
727.865430 0.835729
729.453711 0.835428
731.041895 0.831054
732.629980 0.844956
734.217871 0.830776
735.805664 0.828614
737.393359 0.843581
738.980859 0.845604
740.568213 0.841551
742.155420 0.838944
743.742480 0.839161
745.329395 0.837209
746.916162 0.841009
748.502734 0.842125
750.089111 0.845029
751.675342 0.847945
753.261426 0.843515
754.847314 0.836147
756.433008 0.828657
758.018506 0.83272
759.603809 0.831856
761.188916 0.817918
762.773828 0.83994
764.358496 0.839217
765.943018 0.836621
767.527246 0.832576
769.111328 0.851365
770.695117 0.841139
772.278711 0.83721
773.862061 0.83045
775.445215 0.829872
777.028076 0.837597
778.610693 0.834668
780.193018 0.83574
781.775146 0.826741
783.356982 0.82904
784.938525 0.840026
786.519824 0.834948
788.100830 0.835969
789.681543 0.822225
791.261963 0.823837
792.842090 0.838683
794.421875 0.844786
796.001416 0.842908
797.580566 0.836836
799.159473 0.846387
800.737988 0.846618
802.316211 0.847465
803.894043 0.841898
805.471582 0.84418
807.048730 0.853898
808.625537 0.846693
810.202002 0.815905
811.778076 0.824123
813.353760 0.825286
814.929053 0.848893
816.504004 0.884882
818.078516 0.851335
819.652637 0.827832
821.226270 0.834143
822.799609 0.848642
824.372461 0.878179
825.944922 0.866672
827.516895 0.844604
829.088379 0.835275
830.659473 0.827947
832.230078 0.821688
833.800293 0.821975
835.369922 0.810115
836.939160 0.818956
838.507812 0.821245
840.076074 0.817694
841.643750 0.831947
843.210937 0.846588
844.777637 0.837882
846.343750 0.839408
847.909277 0.831379
849.474316 0.831816
851.038867 0.828805
852.602734 0.827632
854.166113 0.833272
855.728906 0.835079
857.291113 0.83893
858.852637 0.836283
860.413672 0.834793
861.974023 0.840612
863.533789 0.831503
865.092871 0.8325
866.651367 0.838564
868.209180 0.831167
869.766309 0.844288
871.322852 0.843488
872.878613 0.843375
874.433789 0.839913
875.988184 0.839692
877.541895 0.849867
879.094922 0.857726
880.647168 0.849791
882.198730 0.85615
883.749512 0.861539
885.299609 0.852386
886.848828 0.85304
888.397363 0.838863
889.945020 0.847099
891.491992 0.835756
893.038086 0.80749
894.583398 0.82669
896.127832 0.847481
897.671484 0.833037
899.214258 0.82963
900.756152 0.851236
902.297168 0.858059
903.837402 0.824158
905.376660 0.814952
906.915039 0.826975
908.452441 0.823785
909.988965 0.829104
911.524512 0.855553
913.059180 0.830042
914.592871 0.842899
916.125586 0.836513
917.657227 0.826678
919.187988 0.825092
920.717676 0.835811
922.246387 0.831275
923.774023 0.837685
925.300586 0.822438
926.826172 0.813096
928.350684 0.819829
929.874023 0.811645
931.396387 0.819854
932.917578 0.818765
934.437598 0.83094
935.956543 0.83826
937.474316 0.832813
938.990918 0.828127
940.506445 0.805307
942.020703 0.829439
943.533691 0.848225
945.045605 0.836249
946.556250 0.843225
948.065625 0.826025
949.573730 0.84116
951.080566 0.833101
952.586133 0.837342
954.090430 0.847606
955.593359 0.824977
957.095020 0.83105
958.595313 0.81925
960.094336 0.83712
961.591895 0.825376
963.088086 0.824745
964.582910 0.83753
966.076270 0.818096
967.568262 0.82704
969.058789 0.826871
970.547852 0.827198
972.035449 0.875179
973.521484 0.840662
975.006055 0.837513
976.489160 0.805796
977.970703 0.812946
979.450684 0.816655
980.929102 0.823419
982.405957 0.814731
983.881152 0.82213
985.354785 0.836397
986.826758 0.823423
988.297168 0.811386
989.765820 0.829311
991.232813 0.83171
992.698145 0.812946
994.161719 0.81476
995.623535 0.805312
997.083691 0.811979
998.541992 0.828168
999.998535 0.802131
