 
 
255.408472 0.0451538
256.996704 0.036195
258.585059 0.0114763
260.173560 0.0168212
261.762183 0.0259482
263.350903 0.0281521
264.939771 0.022599
266.528735 0.0291725
268.117822 0.042064
269.707007 0.0190936
271.296313 0.0187539
272.885693 0.0183623
274.475195 0.0139424
276.064795 0.0184654
277.654468 0.0183164
279.244263 0.00906963
280.834106 0.0117909
282.424072 0.0103035
284.014087 0.0140147
285.604199 0.0134771
287.194385 0.0167248
288.784644 0.00588007
290.374976 0.00908738
291.965356 0.0105351
293.555835 0.0109003
295.146362 0.00836188
296.736938 0.00702537
298.327588 0.00951045
299.918286 0.0118101
301.509033 0.0163669
303.099854 0.0285767
304.690698 0.0382756
306.281592 0.052938
307.872559 0.0701912
309.463525 0.0854602
311.054565 0.119576
312.645630 0.150788
314.236743 0.188846
315.827881 0.224883
317.419067 0.279066
319.010278 0.335563
320.601514 0.371149
322.192773 0.412963
323.784058 0.453038
325.375366 0.484815
326.966724 0.524146
328.558081 0.566117
330.149463 0.593819
331.740845 0.620682
333.332275 0.649274
334.923706 0.674576
336.515137 0.695334
338.106592 0.714811
339.698071 0.723713
341.289551 0.742253
342.881030 0.754807
344.472534 0.770329
346.064038 0.776451
347.655542 0.777109
349.247046 0.788133
350.838574 0.793989
352.430078 0.797059
354.021606 0.79841
355.613135 0.795759
357.204639 0.800364
358.796167 0.80089
360.387671 0.803042
361.979175 0.80043
363.570703 0.799372
365.162183 0.79808
366.753687 0.794957
368.345166 0.792646
369.936670 0.789482
371.528125 0.784945
373.119604 0.782848
374.711060 0.777863
376.302490 0.772979
377.893945 0.766002
379.485376 0.765165
381.076782 0.767164
382.668188 0.763941
384.259570 0.759437
385.850952 0.760093
387.442310 0.758317
389.033667 0.756265
390.625000 0.753967
392.216333 0.753123
393.807642 0.749041
395.398926 0.746597
396.990210 0.743487
398.581470 0.741575
400.172729 0.737575
401.763965 0.736054
403.355176 0.730485
404.946387 0.726392
406.537573 0.725186
408.128735 0.721272
409.719873 0.717004
411.311035 0.715312
412.902148 0.712874
414.493262 0.708707
416.084326 0.706326
417.675391 0.705779
419.266455 0.702526
420.857520 0.698521
422.448535 0.69341
424.039551 0.693528
425.630518 0.690624
427.221484 0.687302
428.812451 0.685631
430.403418 0.684418
431.994336 0.682105
433.585254 0.68121
435.176123 0.679477
436.767041 0.67794
438.357910 0.675801
439.948730 0.673147
441.539600 0.673445
443.130420 0.674159
444.721240 0.671835
446.312012 0.672104
447.902783 0.672124
449.493555 0.672094
451.084326 0.669763
452.675098 0.669022
454.265820 0.669991
455.856543 0.672979
457.447266 0.672317
459.037939 0.672725
460.628613 0.676902
462.219287 0.682342
463.809961 0.687502
465.400635 0.687165
466.991309 0.678199
468.581934 0.676777
470.172559 0.678902
471.763184 0.682743
473.353809 0.685549
474.944434 0.689596
476.535010 0.693337
478.125635 0.69836
479.716211 0.702254
481.306787 0.706128
482.897363 0.707852
484.487939 0.708276
486.078516 0.712064
487.669092 0.716369
489.259668 0.723105
490.850244 0.723241
492.440771 0.726319
494.031348 0.732046
495.621875 0.735191
497.212451 0.737899
498.803027 0.742381
500.393555 0.744867
501.984131 0.746886
503.574658 0.752208
505.165234 0.760791
506.755811 0.760975
508.346338 0.763668
509.936914 0.770955
511.527490 0.777134
513.118066 0.774896
514.708643 0.774887
516.299219 0.774716
517.889795 0.781965
519.480371 0.786044
521.070996 0.786848
522.661572 0.793309
524.252197 0.798798
525.842822 0.803856
527.433447 0.804278
529.024072 0.806021
530.614697 0.808254
532.205322 0.809304
533.795996 0.811703
535.386670 0.814325
536.977344 0.820249
538.568018 0.822952
540.158691 0.824517
541.749414 0.823861
543.340137 0.827011
544.930859 0.829244
546.521582 0.835273
548.112305 0.837637
549.703076 0.838326
551.293848 0.840201
552.884619 0.840771
554.475439 0.848397
556.066211 0.849539
557.657031 0.855595
559.247900 0.855356
560.838721 0.854845
562.429590 0.854613
564.020459 0.856613
565.611328 0.853887
567.202246 0.854402
568.793164 0.861478
570.384082 0.865176
571.975000 0.860833
573.565967 0.85948
575.156934 0.859636
576.747900 0.861677
578.338916 0.867946
579.929932 0.87242
581.520947 0.868057
583.111963 0.865944
584.703027 0.865323
586.294092 0.866875
587.885156 0.871413
589.476270 0.876746
591.067383 0.876564
592.658496 0.877837
594.249609 0.874026
595.840771 0.87055
597.431885 0.876522
599.023047 0.880581
600.614258 0.878547
602.205420 0.883478
603.796631 0.876389
605.387842 0.875072
606.979053 0.877502
608.570264 0.878108
610.161523 0.881834
611.752734 0.880413
613.343994 0.8878
614.935254 0.889957
616.526514 0.885575
618.117822 0.883022
619.709082 0.887429
621.300391 0.878921
622.891650 0.881901
624.482959 0.882651
626.074268 0.884844
627.665576 0.88839
629.256836 0.893556
630.848145 0.895973
632.439453 0.892092
634.030762 0.888519
635.622070 0.89498
637.213379 0.895178
638.804639 0.888279
640.395947 0.886705
641.987207 0.887326
643.578516 0.891827
645.169775 0.888063
646.761035 0.890736
648.352246 0.88905
649.943506 0.888529
651.534717 0.891607
653.125928 0.895151
654.717139 0.896742
656.308301 0.889724
657.899463 0.886546
659.490625 0.89118
661.081738 0.887948
662.672852 0.889751
664.263916 0.880335
665.854980 0.889809
667.445996 0.901658
669.037012 0.898088
670.627979 0.896502
672.218896 0.891119
673.809814 0.895723
675.400684 0.894287
676.991504 0.895651
678.582275 0.888912
680.173047 0.89155
681.763721 0.891704
683.354395 0.887599
684.945020 0.88318
686.535596 0.888077
688.126074 0.880587
689.716553 0.891417
691.306982 0.892823
692.897314 0.893681
694.487598 0.890063
696.077832 0.889901
697.668018 0.895673
699.258105 0.894372
700.848145 0.89953
702.438086 0.903134
704.027979 0.90646
705.617773 0.899557
707.207471 0.895977
708.797119 0.888292
710.386670 0.883469
711.976172 0.898411
713.565527 0.90169
715.154834 0.894369
716.744043 0.877691
718.333105 0.882048
719.922119 0.882873
721.510986 0.884442
723.099756 0.884818
724.688428 0.888837
726.277002 0.885357
727.865430 0.88527
729.453711 0.890959
731.041895 0.88673
732.629980 0.896256
734.217871 0.890515
735.805664 0.893493
737.393359 0.899817
738.980859 0.895348
740.568213 0.892261
742.155420 0.892791
743.742480 0.887529
745.329395 0.887354
746.916162 0.898862
748.502734 0.887954
750.089111 0.887729
751.675342 0.894395
753.261426 0.890782
754.847314 0.887646
756.433008 0.872777
758.018506 0.881904
759.603809 0.874048
761.188916 0.863345
762.773828 0.888382
764.358496 0.891872
765.943018 0.890494
767.527246 0.885753
769.111328 0.901463
770.695117 0.891181
772.278711 0.884568
773.862061 0.880389
775.445215 0.879311
777.028076 0.876805
778.610693 0.87316
780.193018 0.883868
781.775146 0.891973
783.356982 0.885233
784.938525 0.885859
786.519824 0.88483
788.100830 0.881448
789.681543 0.876137
791.261963 0.876716
792.842090 0.889877
794.421875 0.888017
796.001416 0.884301
797.580566 0.884124
799.159473 0.871856
800.737988 0.883011
802.316211 0.890961
803.894043 0.894037
805.471582 0.899564
807.048730 0.893607
808.625537 0.897908
810.202002 0.869058
811.778076 0.841572
813.353760 0.862613
814.929053 0.918716
816.504004 0.934623
818.078516 0.891092
819.652637 0.874163
821.226270 0.883196
822.799609 0.89024
824.372461 0.898018
825.944922 0.900996
827.516895 0.887143
829.088379 0.888966
830.659473 0.894088
832.230078 0.905806
833.800293 0.924101
835.369922 0.907733
836.939160 0.903873
838.507812 0.88868
840.076074 0.866261
841.643750 0.861607
843.210937 0.886678
844.777637 0.88026
846.343750 0.870789
847.909277 0.866405
849.474316 0.864461
851.038867 0.876441
852.602734 0.876376
854.166113 0.872823
855.728906 0.870664
857.291113 0.88094
858.852637 0.878976
860.413672 0.884009
861.974023 0.878691
863.533789 0.869384
865.092871 0.875404
866.651367 0.879177
868.209180 0.880399
869.766309 0.883178
871.322852 0.883806
872.878613 0.880274
874.433789 0.884463
875.988184 0.875683
877.541895 0.873694
879.094922 0.885419
880.647168 0.88584
882.198730 0.885978
883.749512 0.893394
885.299609 0.882336
886.848828 0.884016
888.397363 0.874586
889.945020 0.889096
891.491992 0.886024
893.038086 0.864532
894.583398 0.871534
896.127832 0.876927
897.671484 0.875861
899.214258 0.874873
900.756152 0.888696
902.297168 0.881764
903.837402 0.850824
905.376660 0.856271
906.915039 0.865539
908.452441 0.863117
909.988965 0.870578
911.524512 0.892776
913.059180 0.873028
914.592871 0.891188
916.125586 0.887665
917.657227 0.873009
919.187988 0.866555
920.717676 0.887123
922.246387 0.884747
923.774023 0.868461
925.300586 0.857018
926.826172 0.854751
928.350684 0.858165
929.874023 0.855321
931.396387 0.873505
932.917578 0.865318
934.437598 0.874727
935.956543 0.876298
937.474316 0.878733
938.990918 0.878457
940.506445 0.857639
942.020703 0.871252
943.533691 0.877162
945.045605 0.874977
946.556250 0.876876
948.065625 0.873293
949.573730 0.88096
951.080566 0.871714
952.586133 0.868407
954.090430 0.908756
955.593359 0.870556
957.095020 0.863987
958.595313 0.866652
960.094336 0.888862
961.591895 0.873547
963.088086 0.872835
964.582910 0.881668
966.076270 0.862846
967.568262 0.866656
969.058789 0.867643
970.547852 0.870526
972.035449 0.914914
973.521484 0.880159
975.006055 0.880349
976.489160 0.840268
977.970703 0.848242
979.450684 0.869667
980.929102 0.870373
982.405957 0.865093
983.881152 0.866702
985.354785 0.88463
986.826758 0.871624
988.297168 0.854714
989.765820 0.871019
991.232813 0.887597
992.698145 0.872994
994.161719 0.872623
995.623535 0.851094
997.083691 0.855142
998.541992 0.871693
999.998535 0.856073
